11 0.504058 0.597363 0.358882 0.568966
1 0.520289 0.356237 0.082958 0.063387
1 0.105050 0.460193 0.033363 0.016734
1 0.275924 0.483519 0.019838 0.013692
1 0.764202 0.490365 0.015329 0.010142
0 0.174031 0.521805 0.064923 0.110548
0 0.270514 0.528144 0.059513 0.110041
0 0.727683 0.538032 0.086564 0.114604
0 0.869702 0.539047 0.062218 0.113590
0 0.922002 0.537779 0.049594 0.090771
11 0.108206 0.519777 0.077547 0.143002
11 0.764653 0.530933 0.037872 0.091278
20 0.519387 0.484026 0.295762 0.180020
22 0.114518 0.496450 0.072137 0.045639
22 0.275023 0.510649 0.059513 0.030426
22 0.720920 0.508874 0.056808 0.032961
22 0.914788 0.517241 0.031560 0.022312
22 0.766005 0.515720 0.035167 0.034483
9 0.869252 0.524341 0.052299 0.054767
26 0.111362 0.529919 0.051398 0.023327
26 0.169973 0.527383 0.024346 0.021298
26 0.269612 0.532961 0.041479 0.014199
26 0.524797 0.618661 0.196573 0.079108
26 0.722272 0.537525 0.048693 0.022312
26 0.762849 0.539554 0.023445 0.014199
19 0.480162 0.838996 0.055005 0.050203
19 0.564923 0.827840 0.082056 0.072515
19 0.092426 0.584432 0.022543 0.007606
19 0.127592 0.583925 0.018936 0.009635
19 0.273670 0.577333 0.011722 0.007606
19 0.716411 0.585193 0.013526 0.018256
19 0.728584 0.590264 0.016231 0.007099
19 0.858882 0.582150 0.015329 0.014199
