0 0.096875 0.497917 0.162500 0.984722
0 0.280469 0.501389 0.135937 0.986111
0 0.497266 0.497222 0.155469 0.983333
0 0.714453 0.502778 0.124219 0.994444
0 0.901953 0.489583 0.152344 0.968056
1 0.096094 0.093056 0.040625 0.105556
1 0.291406 0.099306 0.043750 0.112500
1 0.502734 0.103472 0.042969 0.109722
1 0.711328 0.090278 0.042969 0.105556
1 0.910547 0.103472 0.039844 0.104167
27 0.073438 0.352083 0.104688 0.354167
22 0.282813 0.304167 0.128125 0.219444
9 0.504297 0.308333 0.117969 0.300000
9 0.723047 0.277083 0.097656 0.187500
22 0.898438 0.261806 0.162500 0.251389
23 0.103125 0.670139 0.050000 0.556944
23 0.067969 0.705556 0.031250 0.380556
23 0.303125 0.713889 0.084375 0.519444
23 0.490625 0.699306 0.090625 0.490278
23 0.706641 0.687500 0.067969 0.558333
23 0.897266 0.638194 0.108594 0.490278
19 0.123438 0.957639 0.065625 0.054167
31 0.499609 0.959722 0.033594 0.041667
31 0.426953 0.936806 0.027344 0.031944
5 0.714844 0.975000 0.067187 0.019444
14 0.843750 0.923611 0.034375 0.091667
14 0.919141 0.909028 0.028906 0.065278
