0 0.101312 0.505181 0.176385 0.968912
0 0.298834 0.505181 0.154519 0.989637
0 0.508746 0.494819 0.183673 0.968912
0 0.696064 0.506477 0.164723 0.987047
0 0.905977 0.505181 0.188047 0.989637
1 0.111516 0.094560 0.033528 0.090674
1 0.290087 0.090674 0.055394 0.113990
1 0.498542 0.095855 0.052478 0.119171
1 0.701895 0.085492 0.048105 0.108808
1 0.909621 0.101036 0.055394 0.103627
2 0.097668 0.477979 0.125364 0.645078
2 0.295918 0.419689 0.119534 0.471503
2 0.520408 0.534974 0.145773 0.712435
2 0.673469 0.463731 0.128280 0.528497
2 0.924927 0.471503 0.129738 0.601036
3 0.514577 0.160622 0.052478 0.036269
4 0.110058 0.834197 0.086006 0.072539
4 0.266035 0.757772 0.053936 0.215026
4 0.312682 0.742228 0.036443 0.178756
4 0.453353 0.908031 0.072886 0.069948
4 0.561224 0.920984 0.087464 0.075130
4 0.723761 0.680052 0.018950 0.360104
4 0.703353 0.792746 0.045190 0.119171
4 0.904519 0.812176 0.030612 0.069948
4 0.939504 0.781088 0.021866 0.018135
5 0.483236 0.970207 0.039359 0.059585
6 0.078717 0.943005 0.040816 0.098446
6 0.290816 0.919689 0.021866 0.041451
6 0.680758 0.940415 0.084548 0.025907
6 0.672012 0.976684 0.046647 0.036269
6 0.897230 0.963731 0.036443 0.072539
6 0.940962 0.893782 0.039359 0.062176
