0 0.434250 0.535556 0.224500 0.904000
1 0.412250 0.246222 0.062500 0.120889
1 0.185000 0.267111 0.069000 0.127111
1 0.628500 0.204000 0.077000 0.152000
12 0.227750 0.552889 0.227500 0.448000
12 0.443500 0.564889 0.228000 0.461333
12 0.707500 0.548000 0.296000 0.660444
18 0.186750 0.496889 0.031500 0.216889
18 0.440500 0.515111 0.065000 0.294222
18 0.671000 0.466222 0.073000 0.326222
11 0.196750 0.535111 0.268500 0.929778
11 0.723000 0.505778 0.329000 0.988444
13 0.162000 0.862222 0.247000 0.275556
13 0.403000 0.910222 0.053000 0.179556
13 0.494000 0.893333 0.083000 0.193778
13 0.666500 0.831556 0.236000 0.336889
