11 0.127500 0.504440 0.211250 0.991121
1 0.113125 0.143729 0.068750 0.160932
1 0.371875 0.172586 0.075000 0.198668
1 0.613437 0.165927 0.081875 0.194229
1 0.861250 0.143729 0.088750 0.176471
11 0.374063 0.502775 0.224375 0.994451
11 0.626563 0.501110 0.231875 0.986681
11 0.882500 0.502220 0.235000 0.995560
21 0.124688 0.570477 0.200625 0.559378
22 0.377812 0.470033 0.203125 0.394007
21 0.618125 0.607658 0.217500 0.629301
23 0.897813 0.451165 0.200625 0.449501
24 0.134375 0.891787 0.193750 0.216426
13 0.358438 0.836848 0.158125 0.326304
13 0.622188 0.885128 0.144375 0.229745
13 0.896563 0.829634 0.206875 0.336293
