0 0.592778 0.269006 0.183333 0.491228
0 0.595000 0.760234 0.176667 0.452242
0 0.858889 0.501949 0.195556 0.961014
1 0.594444 0.100390 0.046667 0.095517
1 0.591667 0.609162 0.041111 0.083821
1 0.870556 0.112086 0.041111 0.103314
2 0.593333 0.337232 0.131111 0.354776
2 0.597778 0.836257 0.095556 0.304094
3 0.885556 0.172515 0.057778 0.029240
3 0.580000 0.678363 0.071111 0.046784
3 0.533333 0.836257 0.046667 0.304094
4 0.820000 0.768031 0.084444 0.346979
4 0.900000 0.774854 0.066667 0.360624
5 0.788333 0.961014 0.050000 0.031189
