0 0.235586 0.503000 0.356859 0.992667
0 0.711481 0.508000 0.298708 0.978667
1 0.230616 0.077667 0.069583 0.114000
1 0.718439 0.088000 0.068091 0.108000
2 0.723161 0.399333 0.200795 0.433333
2 0.228131 0.415667 0.185885 0.476667
3 0.746769 0.172333 0.075050 0.022000
3 0.839215 0.654000 0.066103 0.386667
3 0.611581 0.548000 0.056163 0.338667
3 0.656064 0.312667 0.029821 0.070667
4 0.260437 0.826667 0.097416 0.336000
4 0.215954 0.879333 0.025348 0.206667
4 0.690606 0.780667 0.065109 0.338667
4 0.701044 0.775333 0.141650 0.330667
