11 0.123047 0.494444 0.210156 0.980556
11 0.325391 0.502083 0.182031 0.990278
11 0.500000 0.484722 0.148438 0.966667
11 0.678516 0.400000 0.172656 0.791667
11 0.889844 0.224306 0.220312 0.434722
11 0.878125 0.726389 0.243750 0.547222
1 0.125781 0.092361 0.040625 0.104167
1 0.317969 0.087500 0.043750 0.102778
1 0.493750 0.102083 0.045312 0.081944
1 0.669922 0.106944 0.049219 0.111111
1 0.923828 0.181250 0.082031 0.179167
1 0.912891 0.631250 0.108594 0.248611
25 0.131250 0.668750 0.114062 0.509722
13 0.321484 0.624306 0.114844 0.443056
25 0.673438 0.651389 0.082812 0.419444
26 0.490234 0.566667 0.113281 0.172222
12 0.121484 0.327778 0.211719 0.408333
12 0.328906 0.349306 0.170313 0.362500
20 0.120703 0.279167 0.077344 0.219444
20 0.327344 0.283333 0.051562 0.219444
20 0.507812 0.338194 0.143750 0.320833
20 0.683984 0.308333 0.169531 0.266667
20 0.912109 0.897222 0.094531 0.205556
12 0.864844 0.902083 0.270313 0.195833
14 0.098047 0.955556 0.025781 0.047222
14 0.139453 0.941667 0.028906 0.036111
19 0.333984 0.934722 0.035156 0.113889
19 0.280078 0.884722 0.022656 0.155556
19 0.516016 0.914583 0.042969 0.073611
19 0.444922 0.907639 0.046094 0.081944
29 0.670312 0.915278 0.035937 0.100000
29 0.728516 0.837500 0.044531 0.130556
