0 0.178571 0.501295 0.196793 0.971503
0 0.496356 0.509067 0.223032 0.981865
0 0.838921 0.506477 0.214286 0.987047
1 0.177114 0.104922 0.036443 0.106218
1 0.475219 0.125648 0.061224 0.116580
1 0.833819 0.095855 0.040816 0.093264
2 0.192420 0.463731 0.160350 0.523316
2 0.463557 0.523316 0.145773 0.642487
2 0.853499 0.489637 0.155977 0.647668
3 0.072886 0.695596 0.131195 0.577720
4 0.156706 0.819948 0.030612 0.158031
4 0.193149 0.808290 0.030612 0.165803
4 0.481778 0.810881 0.018950 0.145078
4 0.440233 0.857513 0.032070 0.041451
4 0.849125 0.836788 0.042274 0.056995
6 0.166910 0.940415 0.039359 0.041451
6 0.188047 0.922280 0.026239 0.041451
6 0.455539 0.968912 0.074344 0.056995
6 0.557580 0.943005 0.059767 0.088083
6 0.831633 0.920984 0.036443 0.095855
6 0.872449 0.955959 0.045190 0.082902
