11 0.349823 0.501566 0.439929 0.991855
11 0.753534 0.517231 0.385159 0.833960
1 0.311396 0.100564 0.105124 0.105890
1 0.724823 0.180138 0.089223 0.089599
12 0.350707 0.337406 0.395760 0.348997
12 0.717314 0.393797 0.305654 0.286341
18 0.342756 0.235902 0.100707 0.148496
20 0.727473 0.298559 0.103357 0.130952
13 0.376325 0.683897 0.296820 0.468045
13 0.752650 0.687030 0.245583 0.307644
14 0.285336 0.961153 0.104240 0.067669
14 0.508834 0.961466 0.120141 0.065789
31 0.789311 0.881266 0.124558 0.054511
31 0.687279 0.894424 0.075972 0.049499
