0 0.300000 0.492727 0.452500 0.963636
0 0.801250 0.583636 0.387500 0.458182
1 0.258750 0.093636 0.107500 0.096364
1 0.788750 0.431818 0.107500 0.083636
2 0.229375 0.468182 0.326250 0.598182
2 0.819375 0.655000 0.188750 0.324545
3 0.535000 0.570000 0.310000 0.783636
3 0.650000 0.661364 0.090000 0.319091
3 0.951875 0.660000 0.096250 0.307273
3 0.872500 0.656818 0.215000 0.071818
4 0.168750 0.806364 0.082500 0.072727
4 0.270625 0.800909 0.058750 0.058182
6 0.175625 0.910000 0.066250 0.089091
6 0.258750 0.869091 0.067500 0.072727
