0 0.405469 0.504861 0.232813 0.990278
0 0.674219 0.506944 0.195312 0.986111
1 0.381250 0.163889 0.071875 0.163889
1 0.684766 0.106944 0.047656 0.091667
2 0.107813 0.390278 0.165625 0.638889
2 0.416797 0.672222 0.217969 0.655556
2 0.694922 0.452778 0.139844 0.522222
2 0.909375 0.465972 0.131250 0.884722
4 0.099609 0.779167 0.039844 0.144444
4 0.703516 0.795139 0.044531 0.237500
4 0.915625 0.726389 0.039062 0.369444
5 0.690625 0.946528 0.035937 0.104167
5 0.726172 0.959028 0.024219 0.081944
6 0.123438 0.899306 0.023438 0.131944
10 0.921875 0.307639 0.070312 0.459722
