11 0.205093 0.580556 0.247222 0.781481
11 0.340741 0.584259 0.142593 0.783333
11 0.449537 0.569907 0.186111 0.776852
11 0.603241 0.572222 0.186111 0.798148
11 0.789815 0.574074 0.201852 0.800000
1 0.205093 0.281481 0.063889 0.087037
1 0.313889 0.269444 0.074074 0.092593
1 0.483333 0.256944 0.066667 0.082407
1 0.615741 0.244907 0.074074 0.091667
1 0.750463 0.270370 0.069444 0.083333
2 0.216204 0.535185 0.175000 0.403704
2 0.340741 0.634259 0.070370 0.248148
2 0.443981 0.525926 0.141667 0.446296
2 0.611111 0.525463 0.207407 0.447222
2 0.775926 0.525463 0.170370 0.439815
4 0.143981 0.828241 0.067593 0.182407
4 0.260185 0.830556 0.090741 0.170370
4 0.345833 0.837500 0.095370 0.163889
4 0.426389 0.829167 0.060185 0.167593
4 0.496759 0.823148 0.062037 0.150000
4 0.611574 0.832407 0.152778 0.168519
4 0.768981 0.828241 0.136111 0.165741
14 0.126389 0.948611 0.058333 0.052778
14 0.287037 0.944444 0.072222 0.053704
14 0.357407 0.945833 0.057407 0.047222
14 0.433333 0.940278 0.062963 0.045370
14 0.504167 0.923611 0.078704 0.052778
14 0.575926 0.939352 0.055556 0.060185
14 0.650000 0.938426 0.057407 0.058333
14 0.858333 0.869444 0.053704 0.127778
14 0.753241 0.926852 0.054630 0.057407
