2 0.145000 0.357500 0.125000 0.550000
2 0.476250 0.363750 0.147500 0.597500
2 0.890000 0.391250 0.112500 0.602500
3 0.774375 0.538750 0.126250 0.752500
3 0.580000 0.630000 0.117500 0.720000
3 0.247500 0.468750 0.125000 0.767500
4 0.099375 0.808750 0.058750 0.347500
4 0.186250 0.795000 0.077500 0.325000
4 0.468125 0.740000 0.023750 0.160000
4 0.486875 0.737500 0.013750 0.130000
4 0.862500 0.757500 0.045000 0.135000
4 0.938125 0.748750 0.043750 0.132500
5 0.455000 0.890000 0.022500 0.105000
5 0.493125 0.882500 0.028750 0.095000
5 0.976250 0.957500 0.047500 0.070000
5 0.874375 0.961250 0.028750 0.077500
