11 0.263333 0.577951 0.350000 0.665924
11 0.686667 0.514477 0.200000 0.761693
1 0.212500 0.325167 0.045000 0.084633
1 0.689167 0.212695 0.045000 0.073497
20 0.186667 0.457684 0.143333 0.184855
20 0.683333 0.386414 0.160000 0.242762
13 0.157500 0.657016 0.095000 0.218263
13 0.316667 0.619154 0.083333 0.169265
13 0.666667 0.650334 0.106667 0.293987
19 0.217500 0.848552 0.105000 0.106904
19 0.372500 0.762806 0.108333 0.073497
19 0.661667 0.844098 0.040000 0.066815
19 0.700000 0.770601 0.033333 0.075724
