0 0.158000 0.627499 0.244000 0.739671
15 0.137875 0.513327 0.145250 0.210129
16 0.176250 0.834740 0.152500 0.330520
1 0.144625 0.359840 0.038750 0.100400
1 0.486875 0.316082 0.021750 0.061750
1 0.847125 0.366060 0.048750 0.099511
36 0.150000 0.645047 0.071500 0.036428
34 0.469125 0.787650 0.032750 0.199023
0 0.511875 0.620169 0.238250 0.726788
7 0.455500 0.940249 0.018500 0.074189
7 0.482750 0.885829 0.027500 0.044425
9 0.534250 0.590849 0.179500 0.426477
0 0.848875 0.632830 0.218250 0.734340
20 0.855250 0.570635 0.161000 0.292759
25 0.863000 0.856730 0.107000 0.286539
