0 0.169248 0.501967 0.171460 0.974435
0 0.349004 0.499508 0.184735 0.971485
0 0.511338 0.508850 0.183075 0.982301
0 0.680310 0.496559 0.165929 0.975418
0 0.870299 0.500492 0.149889 0.965585
1 0.175608 0.116028 0.032633 0.086529
1 0.330199 0.120452 0.038717 0.103245
1 0.528761 0.147984 0.042035 0.085546
1 0.691648 0.154867 0.044801 0.063913
1 0.873617 0.116028 0.044801 0.100295
3 0.178097 0.426254 0.157080 0.535890
12 0.344856 0.481318 0.170907 0.616519
27 0.509403 0.332350 0.171460 0.298918
27 0.695796 0.394789 0.167035 0.352999
27 0.868916 0.334317 0.157080 0.361849
22 0.881084 0.337758 0.019912 0.211406
22 0.343473 0.260079 0.018805 0.073746
22 0.540653 0.381514 0.029314 0.129794
23 0.176991 0.811209 0.079646 0.239921
25 0.525442 0.727139 0.086283 0.512291
23 0.374447 0.735005 0.025442 0.128810
25 0.690819 0.734022 0.071903 0.347099
25 0.855642 0.700098 0.091814 0.450344
28 0.162334 0.955752 0.065819 0.039331
28 0.205199 0.942970 0.050885 0.027532
28 0.321073 0.839233 0.029314 0.172075
28 0.395188 0.891347 0.048119 0.195674
28 0.823838 0.861357 0.058075 0.186824
36 0.695520 0.394789 0.022677 0.061947
