22 0.403636 0.330000 0.625455 0.612727
22 0.886364 0.080909 0.147273 0.140000
22 0.885455 0.329091 0.152727 0.141818
22 0.890909 0.580000 0.167273 0.134545
22 0.888182 0.829091 0.165455 0.145455
26 0.401818 0.756364 0.330909 0.283636
26 0.885455 0.187273 0.080000 0.072727
26 0.883636 0.438182 0.098182 0.065455
26 0.881818 0.690000 0.090909 0.067273
26 0.881818 0.940000 0.090909 0.065455
19 0.313636 0.914545 0.132727 0.090909
19 0.861818 0.230000 0.032727 0.023636
19 0.861818 0.480909 0.029091 0.027273
19 0.864545 0.730909 0.030909 0.025455
19 0.865455 0.979091 0.029091 0.023636
