3 0.135 0.9983328124999999 0.16375 0.9983328124999999 0.1775 0.945 0.19375 0.9133328125 0.20875 0.8666671875 0.22000000000000003 0.8416671875 0.2375 0.8316671875000001 0.27999999999999997 0.8583328124999999 0.29125 0.8766671875000001 0.32375 0.9616671875 0.32625000000000004 0.9983328124999999 0.35625 0.9983328124999999 0.38125 0.9800000000000001 0.385 0.9550000000000001 0.3725 0.945 0.3525 0.945 0.34249999999999997 0.9333328125 0.31124999999999997 0.8216671874999999 0.26875 0.7716671875000001 0.26625 0.7433328125 0.27375 0.6841671875 0.29874999999999996 0.6849999999999999 0.34625 0.72 0.36375 0.7133328125 0.36375 0.6950000000000001 0.35875 0.6833328125 0.3325 0.6616671875 0.30125 0.6216671875 0.2625 0.5583328125 0.255 0.5349999999999999 0.26375000000000004 0.48333281250000004 0.25625 0.4466671875 0.24 0.4283328125 0.21125 0.4166671875 0.20125 0.4166671875 0.18875 0.4433328125 0.15 0.6216671875 0.13374999999999998 0.6716671875 0.13625 0.73 0.14375 0.75 0.14250000000000002 0.7849999999999999 0.16125 0.8 0.1675 0.8516671875 0.1675 0.8800000000000001 0.14750000000000002 0.9333328125 0.135 0.9983328124999999
2 0.1875 0.4466671875 0.1775 0.4983328125 0.1775 0.525 0.1825 0.5133328125000001 0.20125 0.5133328125000001 0.2475 0.5266671875 0.2575 0.5166671875 0.2625 0.4633328125 0.25625 0.4466671875 0.23875000000000002 0.4266671875 0.20375000000000001 0.41500000000000004 0.1875 0.4466671875
3 0.6125 0.46833281250000003 0.63125 0.40833281250000003 0.63125 0.395 0.62 0.3666671875 0.6275000000000001 0.325 0.61875 0.31 0.60375 0.3066671875 0.58875 0.32 0.5912499999999999 0.3716671875 0.57625 0.3916671875 0.5675 0.4266671875 0.56375 0.4733328125 0.57875 0.5333328125000001 0.5700000000000001 0.6799999999999999 0.57875 0.7 0.5900000000000001 0.7 0.61875 0.6849999999999999 0.63 0.6333328125000001 0.6275000000000001 0.5349999999999999 0.6125 0.505 0.6125 0.46833281250000003
3 0.705 0.8066671875000001 0.71 0.7533328125 0.72375 0.7066671875 0.7325 0.6066671875 0.71875 0.49166718749999994 0.72875 0.4583328125 0.70875 0.4266671875 0.7125 0.3733328125 0.70125 0.35333281250000004 0.67875 0.34500000000000003 0.6575 0.3666671875 0.66125 0.43 0.6425 0.4516671875 0.6325000000000001 0.49000000000000005 0.63125 0.5666671875 0.63875 0.6533328125 0.64625 0.6799999999999999 0.64375 0.73 0.65 0.7783328125 0.665 0.8016671875 0.67125 0.8016671875 0.68125 0.8233328125 0.69875 0.825 0.705 0.8066671875000001
2 0.59875 0.3733328125 0.61875 0.37 0.6275000000000001 0.3283328125 0.625 0.3166671875 0.61875 0.3083328125 0.6012500000000001 0.3066671875 0.5875 0.3216671875 0.58875 0.36166718750000004 0.59875 0.3733328125
2 0.6575 0.3933328125 0.6675 0.425 0.69875 0.43 0.71 0.42000000000000004 0.7125 0.37 0.7025 0.35333281250000004 0.68125 0.34333281250000003 0.66625 0.35333281250000004 0.6575 0.3683328125 0.6575 0.3933328125
3 0.7737499999999999 0.4266671875 0.750625 0.3841671875 0.7525000000000001 0.335 0.73625 0.32 0.7150000000000001 0.335 0.71375 0.4183328125 0.735 0.47000000000000003 0.74375 0.5116671875 0.7474999999999999 0.52 0.755 0.5 0.765 0.4983328125 0.775 0.5166671875 0.7825 0.515 0.7849999999999999 0.4933328125 0.7737499999999999 0.4266671875
2 0.8324999999999999 0.2766671875 0.8175000000000001 0.2766671875 0.8074999999999999 0.2916671875 0.8074999999999999 0.3366671875 0.8375 0.33833281249999997 0.85 0.2983328125 0.8324999999999999 0.2766671875
3 0.8525 0.5916671874999999 0.85375 0.5 0.8550000000000001 0.4866671875 0.86875 0.475 0.8699999999999999 0.45999999999999996 0.8712500000000001 0.4266671875 0.86 0.3583328125 0.84375 0.34333281250000003 0.8474999999999999 0.305 0.83375 0.2783328125 0.82 0.2766671875 0.8099999999999999 0.28666718750000003 0.805 0.33833281249999997 0.79125 0.3566671875 0.7825 0.3866671875 0.77625 0.4366671875 0.7825 0.47166718750000003 0.79625 0.5 0.7925 0.61 0.7975 0.6383328125000001 0.81375 0.6433328125 0.8225 0.6316671875 0.8462500000000001 0.6266671875000001 0.8612500000000001 0.6116671874999999 0.8525 0.5916671874999999
3 0.91375 0.43499999999999994 0.92875 0.3583328125 0.9487500000000001 0.37 0.95375 0.37 0.9574999999999999 0.36 0.9400000000000001 0.275 0.9349999999999999 0.22000000000000003 0.92875 0.2 0.9125 0.18 0.9112500000000001 0.1366671875 0.8862500000000001 0.1266671875 0.8637499999999999 0.135 0.8612500000000001 0.1633328125 0.865 0.1766671875 0.84375 0.23166718749999998 0.8387499999999999 0.28166718749999997 0.8675 0.395 0.8724999999999999 0.4366671875 0.865 0.5 0.8712500000000001 0.5466671875 0.86875 0.5666671875 0.88125 0.5733328125 0.8949999999999999 0.5666671875 0.9075 0.54 0.91375 0.43499999999999994
2 0.75125 0.36166718750000004 0.7525000000000001 0.335 0.745 0.325 0.73 0.3216671875 0.7162499999999999 0.335 0.7175 0.3566671875 0.72875 0.3633328125 0.75125 0.36166718750000004
2 0.8637499999999999 0.155 0.8862500000000001 0.1666671875 0.9099999999999999 0.1566671875 0.9087500000000001 0.145 0.9012499999999999 0.145 0.89875 0.135 0.8862500000000001 0.125 0.8724999999999999 0.1266671875 0.8625 0.1383328125 0.8637499999999999 0.155