2 0.15625 0.3984375 0.14375 0.3828125 0.1234375 0.3796875 0.1078125 0.4078125 0.115625 0.48125 0.10625 0.503125 0.1140625 0.5296875 0.1328125 0.5390625 0.140771875 0.5455296875 0.150771875 0.5413625 0.1599375 0.5371953125 0.16875 0.5359375 0.178125 0.4640625 0.15625 0.3984375
2 0.290625 0.3546875 0.275 0.375 0.271875 0.4265625 0.2857546875 0.43634375 0.2990875 0.43884375000000003 0.3340828125 0.4188390625 0.3421875 0.4234375 0.35 0.4171875 0.3375 0.3734375 0.321875 0.35625 0.303125 0.3515625 0.290625 0.3546875
2 0.35625 0.4859375 0.3765625 0.515625 0.403125 0.5140625 0.390625 0.4890625 0.396875 0.4578125 0.3921875 0.4375 0.38125 0.425 0.371875 0.425 0.35625 0.4375 0.35625 0.4859375
3 0.1734375 0.8772921874999999 0.1875 0.9101046875 0.203125 0.9929171875 0.215625 0.9944796874999999 0.2234375 0.9351046875 0.215625 0.8601046875 0.1921875 0.8304171874999999 0.1875 0.8065890625 0.190625 0.7554171875 0.1828125 0.6444796875 0.1974328125 0.5805359375 0.19375 0.5554171875 0.175 0.5413546874999999 0.1703125 0.5257296874999999 0.178125 0.4710421875 0.171875 0.43822968749999996 0.1546875 0.3991671875 0.134375 0.38041718750000003 0.11875 0.38510468750000004 0.1078125 0.41010468749999995 0.1125 0.4507296875 0.096875 0.5616671875 0.0984375 0.6679171875 0.084375 0.7851046875 0.1078125 0.8976046875 0.109375 0.9335421875 0.09375 0.9976046875 0.1234375 0.9976046875 0.14375 0.9272921875 0.1453125 0.8897921875 0.1625 0.8726046875 0.1734375 0.8772921874999999
3 0.2883328125 0.8859375 0.32270781249999997 0.8890625 0.32583281249999996 0.9984375 0.35708281249999996 0.9953125 0.3633328125 0.9765625 0.3633328125 0.8984375 0.38052031249999996 0.778125 0.3602078125 0.6796875 0.38052031249999996 0.6390625 0.3820828125 0.5828125 0.3711453125 0.5125 0.34927031249999996 0.4859375 0.3320828125 0.4765625 0.3398953125 0.41875 0.34408125 0.403003125 0.33833281249999997 0.3796875 0.31020781249999996 0.3546875 0.29145781249999997 0.3578125 0.27583281249999997 0.378125 0.2742703125 0.4234375 0.2805203125 0.465625 0.27583281249999997 0.475 0.25552031249999996 0.4828125 0.24145781249999998 0.5109375 0.2461453125 0.615625 0.23989531249999999 0.6703125 0.2461453125 0.7140625 0.23989531249999999 0.884375 0.24770781249999999 0.9 0.24458281249999997 0.9109375 0.2539578125 0.9625 0.24770781249999999 0.99375 0.26333281249999996 0.99375 0.2883328125 0.8859375
3 0.403125 0.6140625 0.4203125 0.6015625 0.428125 0.578125 0.4171875 0.534375 0.3859375 0.4828125 0.3953125 0.459375 0.3921875 0.4421875 0.371875 0.428125 0.353125 0.4421875 0.353125 0.4828125 0.3734375 0.5171875 0.3828125 0.5890625 0.38125 0.640625 0.36875 0.6625 0.3609375 0.6640625 0.3609375 0.6875 0.384375 0.7578125 0.3875 0.703125 0.403125 0.6140625
3 0.5375 0.9647921875 0.5375 0.8960421875 0.546875 0.8647921875 0.5625 0.6929171875 0.553125 0.6007296875 0.559375 0.5585421875 0.55625 0.4741671875 0.54375 0.4272921875 0.5171875 0.4038546875 0.496875 0.40697968749999996 0.4890625 0.4163546875 0.4828125 0.5116671875 0.4640625 0.5554171875 0.4546875 0.5632296875 0.4703125 0.5835421875 0.4703125 0.6382296875 0.4859375 0.6382296875 0.4890625 0.6507296874999999 0.4765625 0.6569796875 0.4875 0.6679171875 0.4796875 0.6866671875 0.471875 0.6944796875 0.4625 0.6929171875 0.4578125 0.7022921875 0.446875 0.6991671875 0.44375 0.7491671875 0.4421875 0.8757296875 0.4453125 0.8866671875 0.4625 0.9022921875 0.4640625 0.9835421875 0.4703125 0.9929171875 0.50625 0.9976046875 0.5125 0.9944796874999999 0.5125 0.9772921875 0.525 0.9663546875 0.5375 0.9647921875
3 0.6625 0.9984375 0.6875 0.9984375 0.6875 0.93125 0.696875 0.890625 0.7109375 0.871875 0.7125 0.8421875 0.709375 0.7625 0.6859375 0.7140625 0.6875 0.609375 0.7125 0.4734375 0.6875 0.45 0.6953125 0.425 0.684375 0.378125 0.6703125 0.3734375 0.653125 0.378125 0.6453125 0.4 0.640625 0.4625 0.625 0.471875 0.6109375 0.5 0.603125 0.56875 0.6203125 0.621875 0.6109375 0.6828125 0.6109375 0.85 0.6296875 0.8921875 0.6296875 0.9140625 0.6078125 0.978125 0.625 0.984375 0.6546875 0.9671875 0.6625 0.9984375
3 0.8140625 0.9984375 0.81875 0.9875 0.8171875 0.859375 0.8484375 0.7359375 0.853125 0.7078125 0.85 0.6421875 0.8625 0.615625 0.85625 0.5015625 0.8453125 0.4765625 0.8125 0.44375 0.8 0.4203125 0.7921875 0.403125 0.7921875 0.353125 0.778125 0.33125 0.7625 0.325 0.7453125 0.3296875 0.725 0.3578125 0.70625 0.371875 0.715625 0.3859375 0.725 0.4703125 0.7078125 0.5046875 0.696875 0.565625 0.690625 0.7015625 0.7078125 0.7234375 0.7171875 0.75625 0.7296875 0.86875 0.75625 0.9984375 0.8140625 0.9984375
3 0.9359375 0.53125 0.93125 0.521875 0.934375 0.5015625 0.9171875 0.4890625 0.925 0.4640625 0.90625 0.45625 0.88125 0.4703125 0.8796875 0.721875 0.884375 0.7640625 0.890625 0.7703125 0.8875 0.7875 0.896875 0.7765625 0.896875 0.75625 0.9125 0.7421875 0.921875 0.6125 0.934375 0.5703125 0.9359375 0.53125
3 0.953125 0.703125 0.9546875 0.6515625 0.9453125 0.671875 0.9421875 0.7015625 0.953125 0.703125
3 0.99375 0.8038671875000001 0.9984375 0.8023046875000001 0.9984375 0.43355468750000004 0.98125 0.4476171875 0.978125 0.45855468750000006 0.9134921874999999 0.683275 0.9218234375 0.7666234375000001 0.9426546874999999 0.77829375 0.923490625 0.926653125 0.93515625 0.9899984375 0.9509874999999999 0.9984375 0.9669234375 0.9976953125 0.9796875 0.9851171875 0.9984375 0.9929296875 0.9984375 0.8194921875000001 0.99375 0.8038671875000001
1 0.703125 0.38125 0.7234375 0.3921875 0.7890625 0.3921875 0.79375 0.38125 0.7875 0.340625 0.7640625 0.325 0.7453125 0.328125 0.7234375 0.3578125 0.7046875 0.3703125 0.703125 0.38125
1 0.68125 0.4140625 0.69375 0.40625 0.684375 0.3765625 0.6640625 0.371875 0.646875 0.3875 0.6484375 0.409375 0.665625 0.4078125 0.68125 0.4140625
2 0.4875 0.4453125 0.5125 0.44375 0.5265625 0.4796875 0.55625 0.475 0.553125 0.4328125 0.5375 0.4078125 0.521875 0.4 0.4953125 0.4 0.4875 0.4171875 0.4875 0.4453125
2 0.103125 0.4984375 0.1125 0.4859375 0.103125 0.4109375 0.090625 0.4078125 0.075 0.4234375 0.0734375 0.4875 0.0875 0.5 0.103125 0.4984375
2 0.9296875 0.5234375 0.9125 0.465625 0.8875 0.4640625 0.890625 0.5265625 0.9 0.54375 0.921875 0.5359375 0.9296875 0.5234375
3 0.9078125 0.784375 0.915625 0.7953125 0.9234375 0.7953125 0.9296875 0.7796875 0.9390625 0.7796875 0.940625 0.7421875 0.95 0.7203125 0.9515625 0.6890625 0.9390625 0.6828125 0.9265625 0.6359375 0.934375 0.6109375 0.940625 0.5375 0.9484375 0.5203125 0.9484375 0.490625 0.959375 0.4546875 0.9484375 0.4328125 0.9390625 0.3859375 0.934375 0.38125 0.9203125 0.384375 0.9140625 0.3984375 0.9140625 0.4734375 0.9296875 0.5375 0.91875 0.5484375 0.925 0.565625 0.9265625 0.6546875 0.9171875 0.6640625 0.9109375 0.696875 0.9171875 0.7140625 0.9109375 0.7203125 0.9078125 0.784375
1 0.9140625 0.3875 0.915625 0.4078125 0.9421875 0.4046875 0.94375 0.3875 0.9359375 0.3796875 0.9140625 0.3875
3 0 0.6109375 0.0171875 0.5984375 0.05625 0.4890625 0.0375 0.45885468749999997 0.0359375 0.4390625 0.0125 0.4375 0 0.4515625 0 0.6109375
3 0.08125 0.55625 0.1 0.528125 0.103125 0.490625 0.1109375 0.484375 0.096875 0.415625 0.0828125 0.415625 0.075 0.428125 0.075 0.4828125 0.0609375 0.496875 0.034375 0.56875 0.0296875 0.6109375 0.04375 0.6453125 0.0515625 0.7390625 0.0578125 0.7609375 0.0734375 0.76875 0.0796875 0.7625 0.0890625 0.7046875 0.075 0.678125 0.0703125 0.6 0.08125 0.55625
3 0.5984375 0.4234375 0.5875 0.421875 0.5796875 0.428125 0.5609375 0.4546875 0.5609375 0.59375 0.5671875 0.6578125 0.5796875 0.65625 0.5921875 0.6734375 0.603125 0.675 0.60625 0.615625 0.6 0.540625 0.6125 0.46875 0.603125 0.453125 0.5984375 0.4234375
2 0.60546875 0.458984375 0.611328125 0.435546875 0.58203125 0.4296875 0.578125 0.453125 0.60546875 0.458984375
2 0.025390625 0.421875 0.00390625 0.4375 0.021484375 0.46484375 0.048828125 0.4609375 0.05078125 0.419921875 0.025390625 0.421875
2 0.83984375 0.388671875 0.8046875 0.392578125 0.798828125 0.431640625 0.8203125 0.44921875 0.84765625 0.44140625 0.83984375 0.388671875