2 0.121875 0.1578125 0.1453125 0.1578125 0.1453125 0.1359375 0.121875 0.1359375 0.121875 0.1578125
2 0.325 0.20625 0.34375 0.20625 0.34375 0.1859375 0.325 0.1859375 0.325 0.20625
3 0.881134375 0.2774703125 0.8711359375000001 0.2699375 0.8683578125 0.2398046875 0.8472500000000001 0.2272515625 0.8178078125000001 0.252359375 0.781703125 0.29755625 0.78725625 0.3368953125 0.80614375 0.36284062499999997 0.803921875 0.3954828125 0.8050328125 0.45741875 0.7939234374999999 0.5310734375 0.7978109375 0.531909375 0.7894796875 0.5352578125 0.8494718750000001 0.57794375 0.8511390625 0.5427906250000001 0.8633593749999999 0.464115625 0.8772453125 0.4164078125 0.87946875 0.384603125 0.8861343749999999 0.331871875 0.881134375 0.2774703125
3 0.6728265625 0.0707390625 0.6673609375 0.0859828125 0.6967125000000001 0.107565625 0.7122671875 0.0925 0.703378125 0.0632046875 0.6889359374999999 0.0565078125 0.6911562499999999 0.044790625 0.66949375 0.026378125000000002 0.6567171875 0.0322359375 0.66005 0.0565078125 0.6728265625 0.0707390625
3 0.0479015625 0.1628046875 0.0334578125 0.190425 0.0451390625 0.2428875 0.078453125 0.24733906249999998 0.0895625 0.23143750000000002 0.08345312499999999 0.186240625 0.0734546875 0.175359375 0.074565625 0.16029218750000002 0.07123125 0.1368578125 0.0612328125 0.12765312499999998 0.049740625 0.130453125 0.0479015625 0.1628046875
3 0.0986109375 0.23870312500000002 0.1345578125 0.2490125 0.12844687500000002 0.17954375 0.12233750000000002 0.1711734375 0.126225 0.14188125000000001 0.126225 0.1284890625 0.10789375000000001 0.12932656250000002 0.10178281250000001 0.15108749999999999 0.11011718749999999 0.1703375 0.0986109375 0.23870312500000002
3 0.12566875 0.1284890625 0.1162265625 0.1494140625 0.12844687500000002 0.190425 0.137334375 0.2490125 0.1375 0.2428875 0.18010781250000002 0.2339484375 0.1706640625 0.209675 0.176775 0.20130468750000002 0.18510625 0.224740625 0.1917734375 0.2272515625 0.18510625 0.1787078125 0.1595546875 0.1494140625 0.142890625 0.144390625 0.1401125 0.1326734375 0.12566875 0.1284890625
3 0.2183875 0.276634375 0.21783125 0.245665625 0.1945015625 0.21888281250000002 0.170615625 0.22139375 0.15395 0.2406421875 0.1556171875 0.2858390625 0.151728125 0.3092734375 0.12284375 0.3335484375 0.10451250000000001 0.38041874999999997 0.0750703125 0.4289625 0.056740625 0.494246875 0.0467421875 0.5653890625 0.033965625 0.5938453124999999 0.045075 0.661640625 0.0667390625 0.6599671875 0.082846875 0.6289984375000001 0.08118125000000001 0.6105859375 0.07562656250000001 0.59468125 0.08007031249999999 0.5545078125 0.090625 0.49759374999999995 0.10840000000000001 0.4657890625 0.105621875 0.4892234375 0.10395625 0.5285624999999999 0.10006875 0.5595296875 0.1067328125 0.5997046874999999 0.10506875 0.6289984375000001 0.12784374999999998 0.6842390625 0.12062031250000001 0.6984671875 0.1272875 0.7436625 0.1411734375 0.751196875 0.1400625 0.7880234374999999 0.15006250000000002 0.8047640625 0.17228125 0.8156421875 0.1850578125 0.788859375 0.1711703125 0.7537078125 0.1717265625 0.7227390625 0.181725 0.6917718749999999 0.17839218750000002 0.630671875 0.20727812499999998 0.6733578125 0.20894374999999998 0.7260875 0.2117203125 0.7972296875 0.2256078125 0.8365671875 0.2261640625 0.8767421875 0.25449375 0.8884609375 0.2806015625 0.8851125 0.292821875 0.87506875 0.2906 0.8591656249999999 0.256715625 0.8265234375 0.270046875 0.7796531250000001 0.2589375 0.69511875 0.24171874999999998 0.608909375 0.23733906249999998 0.5979875 0.24727187499999997 0.591334375 0.2600484375 0.5645515624999999 0.24560624999999997 0.49759374999999995 0.23338437500000003 0.43649531250000007 0.23949531249999997 0.4289625 0.2372734375 0.4080375 0.23671875 0.384603125 0.22338593750000002 0.3360578125 0.22671875 0.3293625 0.22283124999999998 0.304253125 0.2183875 0.276634375
3 0.302265625 0.5243765625 0.284490625 0.494246875 0.28615625 0.38543906250000004 0.2939328125 0.3235046875 0.288934375 0.2607296875 0.284490625 0.2515234375 0.2994890625 0.2306 0.297821875 0.21051250000000002 0.28115625 0.21302343750000002 0.27615781250000004 0.2372953125 0.2711578125 0.2088390625 0.26338125 0.197121875 0.27726875 0.1669890625 0.27449218750000004 0.14188125000000001 0.256715625 0.12765312499999998 0.243384375 0.14104375 0.23955625 0.1790796875 0.2239421875 0.20800156250000001 0.2261640625 0.2540359375 0.238940625 0.30174218750000004 0.2372734375 0.36284062499999997 0.25060625000000003 0.40050468749999996 0.2411625 0.47750624999999997 0.2467171875 0.51600625 0.26449375 0.5093109375 0.279490625 0.5235390625 0.302265625 0.5243765625
3 0.31393125 0.182890625 0.31837499999999996 0.151925 0.297821875 0.134346875 0.289490625 0.1402078125 0.2939328125 0.17285 0.2817125 0.18038125 0.27844375 0.20836875 0.29115625 0.341915625 0.307265625 0.36367812499999996 0.311709375 0.3293625 0.3105984375 0.2950453125 0.3322625 0.305090625 0.3200421875 0.2850015625 0.315596875 0.24985 0.316153125 0.2172078125 0.31393125 0.182890625
3 0.3450390625 0.20046875000000003 0.338371875 0.17954375 0.3215 0.180125 0.32504218749999997 0.2322734375 0.32281875000000004 0.2682640625 0.34170625 0.2364578125 0.3450390625 0.20046875000000003
3 0.338371875 0.1711734375 0.34115 0.20800156250000001 0.3372609375 0.2883515625 0.34670625 0.2950453125 0.3478890625 0.399790625 0.3605921875 0.3276890625 0.3828109375 0.286675 0.40891875000000005 0.276634375 0.41169687499999996 0.26240312499999996 0.3972546875 0.21385937500000002 0.37725624999999996 0.17954375 0.366703125 0.1527609375 0.34559375000000003 0.14522812499999999 0.338371875 0.1711734375
3 0.407253125 0.157765625 0.39392187500000003 0.1728296875 0.3944765625 0.20965625000000002 0.39947656249999997 0.2523421875 0.41614218750000004 0.2489953125 0.443915625 0.22137500000000002 0.4444703125 0.1937546875 0.43169375 0.16780937499999998 0.43169375 0.141025 0.41780625000000005 0.12344999999999999 0.41003125 0.130146875 0.407253125 0.157765625
3 0.45613593750000003 0.1494140625 0.45058125000000004 0.17201249999999998 0.4616921875 0.19377187499999998 0.45136093749999995 0.2177828125 0.45446875000000003 0.244828125 0.4705796875 0.25989375 0.50001875 0.30006875 0.50113125 0.2724484375 0.49724375 0.2029796875 0.47668906250000004 0.1845671875 0.4816890625 0.16196875 0.46891249999999995 0.1368578125 0.45613593750000003 0.1494140625
3 0.48779843749999996 0.383765625 0.50501875 0.31095 0.493909375 0.27328437499999997 0.4511375 0.228925 0.448359375 0.2163703125 0.4266953125 0.197121875 0.40780781250000003 0.21135 0.41316718750000003 0.25020937499999996 0.45558125 0.303415625 0.45446875000000003 0.383765625 0.4533578125 0.45574531250000005 0.460025 0.5294 0.44280468749999996 0.5553453125 0.45780312500000003 0.563715625 0.47613281250000006 0.560365625 0.4828 0.4297984375 0.48779843749999996 0.383765625
3 0.6405578125 0.7043265625 0.6405578125 0.7445 0.613340625 0.7545437500000001 0.6388921875 0.7830015625 0.6799984375 0.750359375 0.6827765625 0.6859124999999999 0.6844421875 0.5930078125 0.6949953125 0.5670625 0.6955515625 0.5695734375 0.6888859375 0.6356953125 0.690553125 0.685075 0.7005515625000001 0.7068375 0.7005515625000001 0.7537078125 0.73388125 0.7737953125 0.73888125 0.706 0.7205484375 0.688421875 0.7461015625 0.6030515624999999 0.749990625 0.5227031249999999 0.7488796875 0.4825296875 0.758321875 0.433146875 0.767765625 0.35865625 0.7588781250000001 0.3059265625 0.7405468749999999 0.2724484375 0.7394359374999999 0.21888281250000002 0.7316578125000001 0.192934375 0.7144390625 0.186240625 0.6949953125 0.18372968750000002 0.6755546875 0.21888281250000002 0.68330625 0.2690375 0.667221875 0.264915625 0.6472249999999999 0.31764375 0.648890625 0.3661890625 0.64778125 0.422265625 0.6383359375000001 0.464115625 0.64278125 0.4967578125 0.6538906250000001 0.52605 0.6411140625 0.57710625 0.6366703125 0.6382046875 0.6405578125 0.7043265625
2 0.41003125 0.223903125 0.44280468749999996 0.22139375 0.43391718749999997 0.20130468750000002 0.40691718750000005 0.2020921875 0.41003125 0.223903125
0 0.859375 0.215625 0.8421875 0.215625 0.828125 0.2390625 0.825 0.2546875 0.8375 0.26875 0.85625 0.2703125 0.86875 0.2640625 0.871875 0.246875 0.859375 0.215625
0 0.6609375 0.0375 0.6609375 0.053125 0.6734375 0.0625 0.684375 0.0484375 0.68125 0.0359375 0.6703125 0.0296875 0.6609375 0.0375
2 0.6890625 0.2109375 0.6875 0.2296875 0.7328125 0.2359375 0.7328125 0.2078125 0.7234375 0.1921875 0.703125 0.1921875 0.6890625 0.2109375
2 0.5515625 0.19375 0.5421875 0.2078125 0.54375 0.2375 0.55625 0.228125 0.5828125 0.2234375 0.58125 0.2046875 0.56875 0.190625 0.5515625 0.19375
2 0.2109375 0.2421875 0.1953125 0.225 0.1734375 0.228125 0.159375 0.246875 0.1578125 0.278125 0.1625 0.2875 0.178125 0.265625 0.1890625 0.2703125 0.2125 0.2671875 0.2109375 0.2421875
2 0.4546875 0.159375 0.478125 0.165625 0.475 0.14375 0.4640625 0.140625 0.45625 0.146875 0.4546875 0.159375
2 0.340625 0.18125 0.353125 0.1734375 0.3703125 0.1734375 0.3578125 0.1453125 0.3390625 0.1578125 0.340625 0.18125
2 0.24375 0.140625 0.24375 0.159375 0.2578125 0.15 0.271875 0.15 0.2640625 0.134375 0.25 0.1328125 0.24375 0.140625
2 0.309375 0.15 0.303125 0.1390625 0.2921875 0.1421875 0.29375 0.1625 0.309375 0.15
2 0.1203125 0.1484375 0.1203125 0.13125 0.1046875 0.1328125 0.1046875 0.1484375 0.1203125 0.1484375
2 0.0515625 0.15625 0.0625 0.140625 0.0703125 0.140625 0.0625 0.1296875 0.05 0.134375 0.0515625 0.15625
2 0.4125 0.13125 0.4109375 0.1515625 0.415625 0.15625 0.4234375 0.15 0.425 0.1375 0.4203125 0.1296875 0.4125 0.13125
2 0.43125 0.228125 0.4171875 0.2515625 0.41875 0.278125 0.4296875 0.26875 0.459375 0.275 0.4609375 0.25 0.446875 0.228125 0.43125 0.228125
3 0.36875 0.6453125 0.36875 0.7078125 0.375 0.7203125 0.384375 0.7140625 0.4046875 0.7171875 0.403125 0.790625 0.4078125 0.8 0.421875 0.803125 0.428125 0.790625 0.4265625 0.7390625 0.434375 0.715625 0.4328125 0.6265625 0.4515625 0.5203125 0.45 0.484375 0.471875 0.3859375 0.4703125 0.34375 0.4546875 0.30625 0.4609375 0.2515625 0.45 0.23125 0.434375 0.2265625 0.425 0.234375 0.415625 0.275 0.4046875 0.2828125 0.390625 0.2828125 0.3625 0.328125 0.35625 0.3515625 0.3609375 0.3828125 0.3578125 0.50625 0.378125 0.528125 0.3890625 0.5921875 0.36875 0.6453125
3 0.484375 0.746875 0.528125 0.746875 0.5390625 0.734375 0.5234375 0.725 0.5140625 0.696875 0.5515625 0.6140625 0.553125 0.59375 0.55 0.571875 0.5296875 0.5484375 0.5234375 0.515625 0.546875 0.484375 0.54375 0.465625 0.55625 0.453125 0.5640625 0.4078125 0.584375 0.35625 0.584375 0.309375 0.578125 0.29375 0.5859375 0.2546875 0.5828125 0.215625 0.575 0.1953125 0.565625 0.190625 0.553125 0.19375 0.54375 0.2046875 0.5421875 0.2421875 0.4984375 0.33125 0.4875 0.384375 0.4890625 0.43125 0.475 0.4796875 0.475 0.559375 0.48125 0.6 0.4625 0.6390625 0.4578125 0.7125 0.48125 0.7359375 0.484375 0.746875