3 0.521875 0.8609375 0.515625 0.8953125 0.5390625 0.9 0.5578125 0.8890625 0.565625 0.896875 0.5765625 0.896875 0.5890625 0.8890625 0.5828125 0.846875 0.596875 0.7171875 0.6061328125000001 0.653465625 0.6219640625 0.6259609375 0.6227968749999999 0.565115625 0.6202984375 0.4650984375 0.60625 0.4125 0.584375 0.396875 0.5703125 0.3421875 0.5678046875 0.3300734375 0.5484375 0.3234375 0.525 0.3265625 0.5125 0.346875 0.50625 0.3890625 0.491146875 0.41008750000000005 0.47281562499999996 0.4150890625 0.44531875000000004 0.4267578125 0.4578171875 0.47759999999999997 0.4653171875 0.5959546875 0.46615 0.62429375 0.488646875 0.632628125 0.5 0.6921875 0.5015625 0.775 0.521875 0.8609375
3 0.8421875 0.746875 0.859375 0.7921875 0.865625 0.8359375 0.840625 0.8734375 0.8609375 0.88125 0.8765625 0.8765625 0.8875 0.890625 0.903125 0.8953125 0.928125 0.89375 0.953125 0.875 0.9609375 0.8484375 0.9640625 0.628125 0.971875 0.56875 0.9890625 0.5046875 0.9875 0.4796875 0.953125 0.4109375 0.9359375 0.396875 0.9 0.3828125 0.896875 0.346875 0.8734375 0.3125 0.8546875 0.3109375 0.8359375 0.321875 0.83125 0.3421875 0.8375 0.371875 0.8015625 0.390625 0.7546875 0.3921875 0.69445625 0.40175312500000004 0.7086203125 0.4175890625 0.7703125 0.41875 0.7953125 0.453125 0.834375 0.584375 0.8421875 0.746875
2 0.1234375 0.3078125 0.1078125 0.3 0.0890625 0.3015625 0.071875 0.309375 0.0668234375 0.327578125 0.0625 0.3375 0.075 0.3375 0.0828125 0.328125 0.1 0.3234375 0.1193171875 0.3259109375 0.140625 0.3375 0.1359375 0.3203125 0.1234375 0.3078125
3 0.0984375 0.9484375 0.10625 0.9453125 0.1109375 0.93125 0.1515625 0.9328125 0.159375 0.9171875 0.1421875 0.875 0.1546875 0.80625 0.1549328125 0.5199078125 0.16875 0.4703125 0.1782625 0.4640640625 0.20409375000000002 0.45322968750000003 0.2157578125 0.44739531250000003 0.22575781250000002 0.4090546875 0.1515625 0.396875 0.1328125 0.36875 0.1390625 0.340625 0.128125 0.3140625 0.11875 0.30625 0.0890625 0.3015625 0.071875 0.3109375 0.0640625 0.35 0.0734375 0.365625 0.0765625 0.3875 0.0578125 0.4015625 0.0328125 0.409375 0.015625 0.4265625 0.0015625 0.4734375 0 0.6125 0.0046875 0.6484375 0.0140625 0.6703125 0.025 0.6765625 0.04375 0.7453125 0.0484375 0.7984375 0.065625 0.8671875 0.0671875 0.9390625 0.0765625 0.946875 0.0984375 0.9484375
2 0.2765625 0.4234375 0.275 0.403125 0.259375 0.3890625 0.24375 0.3890625 0.225 0.4 0.2234375 0.4171875 0.228125 0.421875 0.2765625 0.4234375
3 0.296875 0.90625 0.3078125 0.8953125 0.2828125 0.8703125 0.278125 0.846875 0.28125 0.7515625 0.2953125 0.7328125 0.30625 0.6578125 0.290625 0.653125 0.2828125 0.615625 0.2765625 0.515625 0.2640625 0.4765625 0.275 0.4453125 0.275 0.4078125 0.2609375 0.390625 0.24375 0.3890625 0.2265625 0.4 0.2226390625 0.43843125 0.21513906249999998 0.46676875000000007 0.189309375 0.4834390625 0.1568125 0.5134453125 0.15847968750000002 0.581790625 0.1593125 0.628465625 0.1671875 0.6578125 0.196875 0.771875 0.1953125 0.8671875 0.2 0.8984375 0.2203125 0.9203125 0.2515625 0.9234375 0.26875 0.9046875 0.296875 0.90625
3 0.428125 0.8546875 0.425 0.740625 0.4515625 0.6296875 0.4546875 0.5390625 0.45322968750000003 0.4707328125 0.4448984375 0.4415609375 0.434065625 0.4265578125 0.3921875 0.4171875 0.390625 0.371875 0.371875 0.3515625 0.353125 0.35625 0.3375 0.3765625 0.33125 0.4328125 0.297834375 0.449684375 0.28866875 0.46552187500000003 0.2836703125 0.51803125 0.2928359375 0.5697062500000001 0.3103328125 0.573040625 0.3125 0.6546875 0.3390625 0.8296875 0.3578125 0.8890625 0.38125 0.9078125 0.403125 0.909375 0.440625 0.8953125 0.428125 0.8546875
2 0.49614531250000005 0.4276 0.5003109375 0.5330328125 0.524475 0.43260156250000004 0.5319734375 0.398428125 0.5203078125 0.3825921875 0.5211421875 0.3575875 0.5359375 0.340625 0.5515625 0.3421875 0.5644703125 0.34841875 0.5644703125 0.386759375 0.5578031250000001 0.4501046875 0.5611359375 0.46218750000000003 0.5703015625 0.5230312500000001 0.583634375 0.46552187500000003 0.5969656249999999 0.45927187500000005 0.5671875 0.334375 0.546875 0.321875 0.5265625 0.325 0.5119765625 0.3475859375 0.5053109375 0.40092812499999997 0.49614531250000005 0.4276
2 0.653125 0.409375 0.6734375 0.3953125 0.6921875 0.3921875 0.7015625 0.40625 0.7109375 0.3953125 0.7015625 0.3796875 0.6859375 0.371875 0.6734375 0.371875 0.6546875 0.3890625 0.653125 0.409375
2 0.76875 0.4875 0.7859375 0.4984375 0.7890625 0.4953125 0.7875 0.475 0.775 0.465625 0.759375 0.465625 0.74375 0.4796875 0.74375 0.4953125 0.76875 0.4875
3 0.6907296875 0.8834375 0.7063546875 0.885 0.7157296875 0.8740625 0.7047921875000001 0.844375 0.7047921875000001 0.7709374999999999 0.7126046875000001 0.7537499999999999 0.7126046875000001 0.7084374999999999 0.7297921875 0.6365624999999999 0.7422921875 0.469375 0.7016671875 0.4334375 0.707365625 0.41655625 0.7057 0.3973859375 0.7016671875 0.3803125 0.6860421875 0.37093750000000003 0.6657296875000001 0.3771875 0.6563546875 0.40062499999999995 0.6579171875000001 0.42718749999999994 0.65320625 0.44489375000000003 0.6204171875 0.47093749999999995 0.6235421875 0.585 0.6172921875 0.6490625 0.6438546875 0.6928124999999999 0.6454171875 0.72875 0.6594796875 0.7693749999999999 0.6610421875 0.8225 0.6516671875 0.8740625 0.6594796875 0.8834375 0.6829171875 0.875625 0.6907296875 0.8834375
3 0.8203125 0.5546875 0.796875 0.5328125 0.7875 0.4984375 0.7890625 0.4828125 0.7796875 0.46875 0.7578125 0.4671875 0.7484375 0.4734375 0.7359375 0.5515625 0.7265625 0.66875 0.734375 0.7390625 0.7671875 0.8296875 0.7640625 0.86875 0.8078125 0.88125 0.8140625 0.875 0.809375 0.846875 0.8125 0.7234375 0.8328125 0.5875 0.8203125 0.5546875
1 0.8734375 0.3109375 0.853125 0.3109375 0.8328125 0.328125 0.8328125 0.3453125 0.846875 0.3390625 0.871875 0.346875 0.8921875 0.34375 0.890625 0.33125 0.8734375 0.3109375
1 0.340625 0.359375 0.3359375 0.3875 0.3578125 0.38125 0.3921875 0.3875 0.3859375 0.35625 0.3640625 0.35 0.340625 0.359375