3 0.21616093749999998 0.7404765624999999 0.1883859375 0.7100187499999999 0.1822140625 0.656509375 0.16308125 0.6062937500000001 0.1674015625 0.5865390625 0.17295624999999998 0.5807765625 0.19270625 0.5453781249999999 0.191471875 0.525621875 0.16616718749999998 0.533853125 0.1618453125 0.5231515625000001 0.143946875 0.528090625 0.1507359375 0.4984578125 0.12789999999999999 0.47622968749999994 0.1087671875 0.4959875 0.111234375 0.528090625 0.09148437499999999 0.5305609375 0.08469375 0.5923 0.0921015625 0.6194671875 0.098890625 0.6844984375000001 0.084078125 0.7561171875 0.10259375 0.7808125 0.1260484375 0.7709328125 0.1130859375 0.7470609375 0.121109375 0.716603125 0.1334546875 0.6532171875 0.1618453125 0.693553125 0.16555 0.7445921875 0.201965625 0.7585875 0.21616093749999998 0.7404765624999999
3 0.3173828125 0.56101875 0.316765625 0.537146875 0.2945453125 0.488578125 0.3038046875 0.45894218750000004 0.2708328125 0.44567968750000003 0.24393437499999998 0.542909375 0.2587484375 0.5783078125000001 0.261834375 0.6062937500000001 0.25319375 0.7091937500000001 0.25689531250000003 0.7445921875 0.2797328125 0.73800625 0.286521875 0.616996875 0.2889921875 0.7347125 0.3112109375 0.7371828125000001 0.3173828125 0.56101875
3 0.37910468750000004 0.702609375 0.40194062500000005 0.7223640625 0.40070625 0.6680359375 0.41243281249999997 0.628521875 0.39885468749999997 0.5816 0.41181718749999996 0.5453781249999999 0.397003125 0.48446249999999996 0.3852765625 0.4894015625 0.38465781250000003 0.4671765625 0.36984531249999997 0.45071093749999996 0.354415625 0.4754078125 0.35879531249999996 0.4950609375 0.34330625000000003 0.4959875 0.3371328125 0.5577265625 0.34515625 0.5816 0.345775 0.6211125 0.344540625 0.7133109375 0.35626718749999997 0.73800625 0.37663437499999997 0.725659375 0.3784859375 0.6120578125 0.38280625 0.6499234375 0.37910468750000004 0.702609375
3 0.4686 0.7124875 0.47724062500000003 0.68696875 0.4747703125 0.5799531250000001 0.47600625 0.500103125 0.46427968750000004 0.48446249999999996 0.466746875 0.45565 0.45687187500000004 0.43918749999999995 0.44329375000000004 0.4490640625 0.44212968750000003 0.48271718750000003 0.42848125000000004 0.48446249999999996 0.42107343750000004 0.5412625 0.4328015625 0.56101875 0.43156718749999995 0.6194671875 0.42848125000000004 0.6680359375 0.42539375 0.7091937500000001 0.4414421875 0.7215421875 0.4544046875 0.5988875 0.4500828125 0.7116640624999999 0.4686 0.7124875
3 0.5389609375 0.5099812499999999 0.5278515625 0.48199218750000006 0.5148906249999999 0.4745828125 0.5130390625000001 0.45565 0.49760781249999997 0.440009375 0.48402968749999997 0.4523578125 0.484646875 0.4787 0.4753078125 0.4858015625 0.47785625 0.5083359375 0.47785625 0.5980624999999999 0.4753890625 0.7034312500000001 0.5062484375 0.719071875 0.514271875 0.679559375 0.52846875 0.62358125 0.53834375 0.5783078125000001 0.5438984375 0.5470265624999999 0.5389609375 0.5099812499999999
3 0.65314375 0.6729734374999999 0.6420343749999999 0.5857140625 0.6506765624999999 0.4778765625 0.632778125 0.4737609375 0.637715625 0.4490640625 0.6241359375 0.423546875 0.6062375 0.4490640625 0.6105578125 0.47622968749999994 0.59389375 0.47129062499999996 0.590190625 0.5618421875 0.5975953125 0.5857140625 0.5932765625 0.7017859375 0.612409375 0.705078125 0.6278390625 0.599709375 0.6229015625 0.6960234375 0.637715625 0.7100187499999999 0.652528125 0.708371875 0.65314375 0.6729734374999999
3 0.6982015625 0.614528125 0.70869375 0.556903125 0.704990625 0.48117031250000003 0.6852406249999999 0.4671765625 0.686475 0.445771875 0.6685749999999999 0.4293078125 0.6543796875 0.4490640625 0.662403125 0.47211406250000004 0.64891875 0.47140000000000004 0.6475906250000001 0.5857140625 0.6605515625 0.6548625 0.6630203125 0.7001390625 0.68091875 0.6993171874999999 0.6747468750000001 0.5947703125 0.68585625 0.6902609375 0.707459375 0.708371875 0.7111625 0.679559375 0.6982015625 0.614528125
3 0.78893125 0.5363234375 0.7864625000000001 0.5099812499999999 0.76918125 0.48693125000000004 0.7722671875 0.468821875 0.7488125 0.4449484375 0.73456875 0.490946875 0.7241234375000001 0.5453781249999999 0.7265937499999999 0.5865390625 0.71178125 0.6202890625 0.7161 0.663096875 0.712396875 0.6968468750000001 0.7302953125 0.6984921875000001 0.7370859375000001 0.6375765624999999 0.760540625 0.583246875 0.78893125 0.5363234375
3 0.82164375 0.582421875 0.8000421875000001 0.568428125 0.817940625 0.56101875 0.781525 0.5313859375 0.7580703125 0.56101875 0.7685640625 0.5758375 0.75436875 0.5865390625 0.75621875 0.6326375 0.750046875 0.6474562500000001 0.7395546875 0.6737968750000001 0.760540625 0.6984921875000001 0.7630078124999999 0.73800625 0.8000421875000001 0.71825 0.827815625 0.74953125 0.8494187500000001 0.7322437500000001 0.8296671874999999 0.705078125 0.8376906249999999 0.6688578125 0.8228781250000001 0.625228125 0.82164375 0.582421875
2 0.1333328125 0.5074078125 0.1388890625 0.503703125 0.1388890625 0.49444375 0.13055624999999998 0.4870375 0.1138890625 0.4925921875 0.1125 0.5074078125 0.1208328125 0.5 0.1333328125 0.5074078125
2 0.29444375 0.46851875 0.2916671875 0.453703125 0.272221875 0.453703125 0.26805625 0.46851875 0.29444375 0.46851875
2 0.3611109375 0.46666718749999997 0.359721875 0.48148125 0.3833328125 0.47777812500000005 0.3833328125 0.46666718749999997 0.37638906250000004 0.4611109375 0.3611109375 0.46666718749999997
1 0.44583281250000006 0.4518515625 0.44583281250000006 0.47037031249999994 0.46666718749999997 0.47037031249999994 0.4611109375 0.446296875 0.45277812500000003 0.44444375 0.44583281250000006 0.4518515625
2 0.5083328125000001 0.46666718749999997 0.5027781250000001 0.446296875 0.48472187499999997 0.4518515625 0.4861109375 0.46851875 0.5083328125000001 0.46666718749999997
2 0.6111109375 0.440740625 0.6138890625 0.453703125 0.61805625 0.4481484375 0.6305562499999999 0.4518515625 0.6263890625 0.4351859375 0.6111109375 0.440740625
2 0.6611109374999999 0.440740625 0.6611109374999999 0.453703125 0.6736109375 0.44444375 0.68055625 0.453703125 0.6763890625 0.4370375 0.6611109374999999 0.440740625
2 0.7638890625 0.47222187499999996 0.759721875 0.45740781249999996 0.7444437500000001 0.45925937499999997 0.74305625 0.47592656250000004 0.7638890625 0.47222187499999996
1 0.7986109375 0.56851875 0.8055562500000001 0.5629625 0.8041671875 0.55555625 0.78055625 0.540740625 0.7638890625 0.55555625 0.76944375 0.5666671875 0.7888890625 0.5629625 0.7986109375 0.56851875