3 0 0 0 0.9949999999999999 0.23178749999999998 0.9949999999999999 0.258278125 0.95 0.28145625 0.8550000000000001 0.28476875 0.75 0.258278125 0.615 0.2615890625 0.505 0.2781453125 0.45999999999999996 0.274834375 0.265 0.22516562499999998 0.075 0.1854296875 0 0 0
3 0.3087546875 0.5971296875000001 0.3182609375 0.721634375 0.29449375 0.8293796875 0.253290625 0.9949999999999999 0.29924531249999997 0.9949999999999999 0.58278125 0.99 0.71523125 0.99 0.7351 0.9400000000000001 0.71523125 0.885 0.7384109375000001 0.845 0.7549671874999999 0.75 0.78145625 0.73 0.7781453125 0.665 0.7218546875 0.5599999999999999 0.7317875 0.525 0.7218546875 0.465 0.725165625 0.3 0.708609375 0.19 0.6655625 0.10500000000000001 0.6026484375 0.08499999999999999 0.539734375 0.11000000000000001 0.506621875 0.15 0.48344375 0.215 0.4668875 0.34500000000000003 0.48013281250000006 0.54 0.44370937499999996 0.605 0.44039687499999997 0.65 0.4323578125 0.561215625 0.4386953125 0.5109343749999999 0.407003125 0.4822046875 0.3959109375 0.410375 0.36421875 0.424740625 0.330940625 0.4654453125 0.2770625 0.4822046875 0.273890625 0.5588203125 0.3087546875 0.5971296875000001
2 0.6887421875 0.135 0.658940625 0.1 0.6059609375 0.08499999999999999 0.5298015625 0.12 0.4909875 0.1805203125 0.47672499999999995 0.2739 0.5195125 0.199675 0.5496187499999999 0.1805203125 0.6125828125 0.255 0.6431125 0.424740625 0.6920531249999999 0.585 0.71523125 0.5650000000000001 0.725165625 0.545 0.725165625 0.305 0.6887421875 0.135
3 0.493378125 0.16 0.44370937499999996 0.155 0.41059531250000003 0.175 0.374171875 0.255 0.3642390625 0.33999999999999997 0.3807953125 0.39 0.3774828125 0.43499999999999994 0.42384062499999997 0.47000000000000003 0.4139078125 0.52 0.4304640625 0.5599999999999999 0.4635765625 0.5700000000000001 0.4635765625 0.32 0.473509375 0.2 0.493378125 0.16
2 0.44039687499999997 0.15 0.41721874999999997 0.16499999999999998 0.374171875 0.225 0.36755 0.26 0.3642390625 0.35 0.374171875 0.4 0.38410625 0.4 0.374171875 0.335 0.3940390625 0.24500000000000002 0.4271515625 0.21000000000000002 0.4668875 0.225 0.4701984375 0.24500000000000002 0.49668906249999994 0.16 0.44039687499999997 0.15
3 0.8903171875 0.6617796874999999 0.9109171875 0.67375 0.922009375 0.700084375 0.929934375 0.683325 0.9473640624999999 0.668959375 0.9632125 0.616284375 0.9758875 0.477415625 0.9966890625 0.374459375 0.9900656250000001 0.16 0.9635765624999999 0.075 0.91721875 0.06999999999999999 0.874171875 0.1 0.8443703125 0.18 0.8178812499999999 0.315 0.7445296875 0.448684375 0.757209375 0.551640625 0.7873171875 0.5564296875 0.8285171874999999 0.58995 0.8675499999999999 0.605 0.86971875 0.616284375 0.8713015625 0.642625 0.8808109375000001 0.647409375 0.8903171875 0.6617796874999999
2 0.9695499999999999 0.0823546875 0.9204265625 0.070384375 0.8675499999999999 0.12 0.8522875000000001 0.1565796875 0.8522875000000001 0.194890625 0.8940390624999999 0.13999999999999999 0.9238406250000001 0.13999999999999999 0.9437093750000001 0.185 0.95033125 0.265 0.9635765624999999 0.27999999999999997 0.9867546875000001 0.27 0.9900656250000001 0.18 0.9695499999999999 0.0823546875
2 0.0052984375 0 0.006621875000000001 0.13799999999999998 0.0609265625 0.22200000000000003 0.10596093749999999 0.394 0.0887421875 0.55 0.2132453125 0.5940000000000001 0.2794703125 0.394 0.259603125 0.22799999999999998 0.2344375 0.118 0.193378125 0.014000000000000002 0.0052984375 0
2 0.2357609375 0.078 0.256953125 0.16599999999999998 0.2728484375 0.27999999999999997 0.26887343750000003 0.45 0.34039687500000004 0.446 0.373509375 0.4 0.3615890625 0.288 0.3351 0.16999999999999998 0.2940390625 0.09 0.2357609375 0.078
2 0.6026484375 0.022 0.6039734375 0.002 0.53245 0 0.5377484375 0.062 0.576159375 0.086 0.6 0.072 0.6026484375 0.022
3 0.3139078125 0.46399999999999997 0.3880796875 0.426 0.3708609375 0.358 0.35099375 0.20400000000000001 0.31788125 0.10200000000000001 0.2291390625 0.06999999999999999 0.256953125 0.196 0.28211875000000003 0.32799999999999996 0.266225 0.54 0.28476875 0.72 0.291390625 0.836 0.30198749999999996 0.8099999999999999 0.31523124999999996 0.686 0.276821875 0.5700000000000001 0.3139078125 0.46399999999999997
3 0.4635765625 0 0.43841093750000004 0.088 0.44370937499999996 0.132 0.3788078125 0.144 0.35099375 0.144 0.3721859375 0.088 0.34966875000000003 0.072 0.3033109375 0.096 0.341721875 0.186 0.3682125 0.27799999999999997 0.40397343750000003 0.19 0.4635765625 0.142 0.5033109375 0.148 0.5801328125 0.10200000000000001 0.607946875 0.057999999999999996 0.6145703124999999 0.014000000000000002 0.5549671875 0 0.4635765625 0
3 0.7549671874999999 0.772 0.7324499999999999 0.8039999999999999 0.756290625 0.89 0.71655625 0.844 0.7324499999999999 0.9179999999999999 0.7549671874999999 0.9949999999999999 0.943046875 0.9949999999999999 0.9966890625 0.9949999999999999 0.9947015625000001 0.38 0.9642390625000001 0.584 0.941721875 0.6900000000000001 0.8728484375000001 0.6599999999999999 0.8715234374999999 0.734 0.8807953124999999 0.8099999999999999 0.842384375 0.8099999999999999 0.8317875000000001 0.876 0.8119203125000001 0.742 0.7801328125 0.75 0.7549671874999999 0.772
3 0.858278125 0 0.8158937500000001 0.08 0.760265625 0.162 0.7523171875 0.238 0.7205296875 0.22000000000000003 0.7271515625 0.362 0.7298015625 0.484 0.740396875 0.49800000000000005 0.7708609375 0.382 0.8278140625000001 0.248 0.9006624999999999 0.068 0.9549671875 0.064 0.9880796875 0.134 0.9966890625 0.158 0.9966890625 0.146 0.9966890625 0 0.923178125 0 0.858278125 0