3 0 0.66745 0.0076906249999999995 0.66745 0.038459375000000004 0.6596203125 0.0745296875 0.5609484375 0.09452812499999999 0.5284421874999999 0.11369218750000001 0.5001046875 0.1038453125 0.47563125 0.0807703125 0.4404 0.0076906249999999995 0.47563125 0 0.561753125 0 0.66745
3 0.6799999999999999 0.7099234375 0.635 0.49872812499999997 0.655 0.480915625 0.78 0.480915625 0.845 0.45038125000000007 0.86 0.33587812499999997 0.805 0.28753125 0.835 0.277353125 0.835 0.2595421875 0.8699999999999999 0.24172968749999998 0.8699999999999999 0.21882968749999998 0.8150000000000001 0.2264625 0.65 0.2086515625 0.655 0.16793906249999999 0.625 0.10687031250000001 0.545 0.0458015625 0.45999999999999996 0.015267187500000001 0.325 0.015267187500000001 0.195 0.0356234375 0.125 0.12977031249999998 0.11000000000000001 0.216284375 0.125 0.24936406249999998 0.05500000000000001 0.26463125 0.025 0.28753125 0.04 0.396946875 0.1 0.4631046875 0.11000000000000001 0.50890625 0.05500000000000001 0.592875 0.034999999999999996 0.7022906250000001 0.13 0.8829515625000001 0.155 0.9974562499999999 0.61 0.9974562499999999 0.645 0.908396875 0.6799999999999999 0.7099234375
2 0.41249062500000006 0.0448046875 0.48068437499999994 0.062165625 0.517625 0.09689375 0.523309375 0.1706875 0.47000000000000003 0.2264625 0.5 0.267175 0.5549999999999999 0.2722640625 0.615 0.24681875 0.6599999999999999 0.16793906249999999 0.605 0.081425 0.545 0.0407125 0.45999999999999996 0.010178125 0.265 0.0178109375 0.195 0.033078125 0.155 0.071246875 0.11499999999999999 0.1501265625 0.1 0.21119531249999998 0.11499999999999999 0.2391859375 0.175 0.24172968749999998 0.28500000000000003 0.2824421875 0.34500000000000003 0.27480937499999997 0.34500000000000003 0.2519078125 0.2761 0.186603125 0.290309375 0.11715 0.3414546875 0.0694015625 0.41249062500000006 0.0448046875
2 0.6761250000000001 0.5176078125 0.69445625 0.49260312500000003 0.748615625 0.495103125 0.7786125 0.5026046875 0.782778125 0.5142734375 0.8102750000000001 0.5426124999999999 0.8102750000000001 0.5226078125 0.7836109375 0.48510156249999997 0.7110234375 0.478496875 0.6719578125 0.48926875000000003 0.6536265625000001 0.5501140625 0.669459375 0.5701171875 0.6761250000000001 0.5176078125
2 0.9177625 0.331740625 0.93359375 0.35174375 0.97025625 0.329240625 0.9984375 0.32840625 0.9949999999999999 0.275984375 0.9923093749999999 0.275984375 0.9569234375000001 0.2725625 0.9160953125000001 0.290065625 0.8869328124999999 0.30506875 0.882765625 0.33424062499999996 0.9177625 0.331740625
2 0.7461156250000001 0.068359375 0.7819453125 0.059190625 0.8186078125 0.061690625 0.8461046874999999 0.0875296875 0.8427718750000001 0.070859375 0.824440625 0.05335625000000001 0.7761125 0.0483546875 0.7252859375 0.0633578125 0.7027875 0.10669999999999999 0.6977890625 0.1400390625 0.7319515625 0.094196875 0.7461156250000001 0.068359375
2 0.9949999999999999 0.7888046875 0.9038453125 0.8181625 0.8307703125 0.888628125 0.911540625 0.9082015625000001 0.973075 0.8475234374999999 0.9949999999999999 0.7888046875
2 0.0503671875 0.45176249999999996 0.0320359375 0.4650984375 0.022037499999999998 0.4826015625 0 0.5226078125 0.038701562499999995 0.46926562499999996 0.073696875 0.457596875 0.105359375 0.4817671875 0.0878625 0.45176249999999996 0.073075 0.44822968750000003 0.0503671875 0.45176249999999996
3 0.8692296875000001 0.1076546875 0.8269249999999999 0.0587203125 0.734615625 0.0587203125 0.6576906250000001 0.150715625 0.615384375 0.20551875000000003 0.6692296875 0.256409375 0.6961546875 0.291640625 0.85 0.2798984375 0.9384593750000001 0.26228281249999996 0.9384593750000001 0.221178125 0.9384593750000001 0.2035625 0.915384375 0.15854375 0.8692296875000001 0.1076546875
3 0.9402593749999999 0.2775640625 0.9069296874999999 0.2883984375 0.8811 0.3100703125 0.8919312500000001 0.348409375 0.8760999999999999 0.37341406250000003 0.8519359375000001 0.38675000000000004 0.8452703125 0.3967515625 0.8461546875 0.4012515625 0.8002765625 0.5034375 0.8511031250000001 0.5701171875 0.934615625 0.6204734375000001 0.9949999999999999 0.665490625 0.9984375 0.336740625 0.9984375 0.2833984375 0.9727546874999999 0.26756250000000004 0.9402593749999999 0.2775640625
3 0.8702671875 0.8685046875 0.9269281250000001 0.767653125 0.9785921875 0.757234375 0.9966671874999999 0.7415765624999999 0.9984375 0.6876390625 0.9747421875000001 0.655453125 0.9277609375000001 0.5892875 0.8777671874999999 0.57761875 0.8027765625000001 0.5609484375 0.8236062499999999 0.5309437499999999 0.7861109374999999 0.4876015625 0.7401265625 0.48125 0.7055125 0.47929374999999996 0.6702921875000001 0.49093593750000003 0.6555125 0.5282265625 0.680290625 0.7159765625000001 0.6670515625 0.75331875 0.65529375 0.9451859375 0.6862828125 0.9314359375000001 0.8516671875 0.92360625 0.8702671875 0.8685046875
3 0.888459375 0.8944984375 0.861540625 0.9453890625 0.75 0.9630078125000001 0.7192296875 0.9825796875 0.711540625 0.9943234375 0.9949999999999999 0.9974562499999999 0.9949999999999999 0.786846875 0.926925 0.8181625 0.888459375 0.8944984375