2 0.44020000000000004 0.23500000000000001 0.44684375000000004 0.22000000000000003 0.43853749999999997 0.215 0.44518281249999997 0.19 0.4302328125 0.1625 0.398671875 0.1375 0.35548125 0.125 0.29568125 0.145 0.2823921875 0.16 0.260796875 0.22000000000000003 0.2641203125 0.27 0.27242500000000003 0.2925 0.2890359375 0.3175 0.307309375 0.3175 0.313953125 0.3325 0.322259375 0.315 0.3335625 0.269221875 0.3756390625 0.2700546875 0.396125 0.211709375 0.44020000000000004 0.23500000000000001
3 0.46290156250000003 0.8625 0.5094140625 0.835 0.5276859375 0.8400000000000001 0.5692140625000001 0.8074999999999999 0.560909375 0.8025 0.560909375 0.7675 0.5775203125 0.74 0.5924703124999999 0.7474999999999999 0.5957921875000001 0.7325 0.620709375 0.7325 0.6406421875 0.7150000000000001 0.6539312500000001 0.7150000000000001 0.6838328125 0.6525000000000001 0.6838328125 0.6275000000000001 0.6539312500000001 0.61 0.6074203125000001 0.635 0.5924703124999999 0.61 0.5991140625 0.5825 0.5991140625 0.5325 0.570875 0.5325 0.56423125 0.52 0.5310078125000001 0.5650000000000001 0.5007640624999999 0.6767953125 0.4614546875 0.7059671875 0.4409703125 0.6392875 0.41605625 0.570109375 0.39003437500000004 0.4475875 0.4197125 0.42000000000000004 0.44296875 0.3875 0.4413078125 0.33999999999999997 0.45293593750000005 0.3175 0.4446296875 0.2625 0.4479515625 0.20249999999999999 0.4330015625 0.16999999999999998 0.38150625 0.1325 0.33665625 0.1275 0.286821875 0.15 0.2619046875 0.22000000000000003 0.26356718749999997 0.27 0.295128125 0.3775 0.26522812500000004 0.42750000000000005 0.233665625 0.5275000000000001 0.22037656249999998 0.6 0.22037656249999998 0.645 0.233665625 0.74 0.2536 0.825 0.2668890625 0.8550000000000001 0.46290156250000003 0.8625
3 0.4684390625 0.665 0.4750828125 0.6849999999999999 0.5101765625 0.862453125 0.5882390625 0.8316156250000001 0.6884484375000001 0.7165953125 0.6912171875 0.6024078125 0.6757140625 0.510721875 0.6845734375 0.5015546875 0.738278125 0.429875 0.738278125 0.4040375 0.6950937500000001 0.416540625 0.7067187500000001 0.395703125 0.6790359375 0.373196875 0.6308703125 0.4207078125 0.6192421875 0.507390625 0.564784375 0.4525 0.49833906250000004 0.4025 0.50830625 0.375 0.50830625 0.315 0.496678125 0.24 0.4833890625 0.2 0.4534890625 0.1775 0.44352187499999995 0.1825 0.43853749999999997 0.205 0.4485046875 0.28500000000000003 0.43853749999999997 0.3275 0.43853749999999997 0.4 0.390365625 0.45 0.4102984375 0.5275000000000001 0.41694375 0.5325 0.4418609375 0.6125 0.43853749999999997 0.6275000000000001 0.4534890625 0.655 0.4684390625 0.665
2 0.49003281249999997 0.205 0.46013281250000004 0.16999999999999998 0.44352187499999995 0.16499999999999998 0.435215625 0.16499999999999998 0.44518281249999997 0.23500000000000001 0.49833906250000004 0.26749999999999996 0.49003281249999997 0.205
1 0.496678125 0 0.47176093750000003 0.05 0.473421875 0.08499999999999999 0.49003281249999997 0.08499999999999999 0.5631234375 0.015 0.56810625 0 0.496678125 0
3 0.496678125 0 0.473421875 0.0475 0.47176093750000003 0.08249999999999999 0.48505000000000004 0.1275 0.47176093750000003 0.1675 0.473421875 0.18 0.49335625 0.205 0.5166109375 0.1925 0.549834375 0.205 0.5598 0.19 0.5747515625 0.057499999999999996 0.5697671875 0 0.496678125 0
2 0.588040625 0.145 0.6661125 0.1 0.6694359375000001 0.08249999999999999 0.6495015625 0.0475 0.6162796875 0.0325 0.594684375 0.042499999999999996 0.571428125 0.0925 0.56810625 0.13 0.588040625 0.145
3 0.6345515625 0.05 0.6063125 0.04 0.5780734375 0.08249999999999999 0.5299 0.2975 0.5315609375 0.35750000000000004 0.65946875 0.36 0.6794015625000001 0.335 0.677740625 0.305 0.654484375 0.2475 0.654484375 0.2 0.6727578125 0.16 0.6644515625 0.08249999999999999 0.6411953125000001 0.042499999999999996 0.6345515625 0.05
2 0.8438531250000001 0.2575 0.8538203125000001 0.27999999999999997 0.8621265625 0.27 0.8554812500000001 0.24500000000000002 0.8637874999999999 0.1875 0.8504984375 0.14750000000000002 0.7973421875 0.0975 0.7674421875 0.095 0.7375421875 0.11000000000000001 0.7176078125 0.14250000000000002 0.697675 0.1575 0.686046875 0.1825 0.6910296875 0.28250000000000003 0.7176078125 0.3175 0.742525 0.315 0.7657812500000001 0.27 0.787375 0.26749999999999996 0.799003125 0.2525 0.8106312499999999 0.20125 0.8338875 0.185 0.8488374999999999 0.22749999999999998 0.8438531250000001 0.2575
3 0.8588046874999999 0.4225 0.8388703124999999 0.40750000000000003 0.8255812499999999 0.3725 0.8571421875 0.2975 0.8571421875 0.22749999999999998 0.8637874999999999 0.19 0.8488374999999999 0.145 0.79568125 0.0975 0.74916875 0.1025 0.692690625 0.1675 0.6843859375 0.22000000000000003 0.692690625 0.28250000000000003 0.6943515625 0.4875 0.6760796874999999 0.5125 0.692690625 0.6525000000000001 0.74916875 0.675 0.8438531250000001 0.645 0.8571421875 0.6 0.87043125 0.58 0.8621265625 0.53 0.8588046874999999 0.4225
2 0.8039859375 0 0.7740859375 0.03 0.7558140625 0.0725 0.7558140625 0.0925 0.8106312499999999 0.0925 0.8139531249999999 0.0625 0.8255812499999999 0.034999999999999996 0.8421921875 0.027500000000000004 0.8621265625 0.042499999999999996 0.8421921875 0 0.8039859375 0
3 0.8089703125 0 0.7823921875 0.02 0.7558140625 0.0725 0.7558140625 0.095 0.8006640624999999 0.095 0.8405312500000001 0.13 0.8571421875 0.1625 0.8737546875 0.12250000000000001 0.8920265625000001 0.1 0.8588046874999999 0.027500000000000004 0.8338875 0 0.8089703125 0
2 0.8770765624999999 0.26 0.988371875 0.1775 0.99335625 0.1625 0.9867109375 0.135 0.9202656250000001 0.1 0.8903656249999999 0.11000000000000001 0.8671093750000001 0.145 0.8637874999999999 0.24500000000000002 0.8770765624999999 0.26
3 0.9983390625 0.18 0.9983390625 0.155 0.9867109375 0.135 0.9285718749999999 0.1025 0.8936875000000001 0.1075 0.8737546875 0.13 0.8637874999999999 0.1575 0.8687703125 0.1925 0.8621265625 0.22999999999999998 0.87209375 0.28500000000000003 0.8488374999999999 0.32999999999999996 0.8554812500000001 0.3725 0.8654484374999999 0.35750000000000004 0.8737546875 0.3075 0.9169437500000001 0.26 0.99335625 0.24 0.9983390625 0.18
2 0.2441859375 0 0.2524921875 0.05 0.27076406249999996 0.05500000000000001 0.2823921875 0.01 0.307309375 0.0225 0.3122921875 0 0.2441859375 0
2 0.1046515625 0.135 0.12624531249999998 0.1575 0.1694359375 0.13 0.2142859375 0.11750000000000001 0.224253125 0.09 0.21594687499999998 0.042499999999999996 0.1910296875 0.0225 0.1345515625 0.027500000000000004 0.10132812499999999 0.08249999999999999 0.1046515625 0.135
3 0.37043125 0.12250000000000001 0.3737546875 0.005 0.2790703125 0 0.2591359375 0.027500000000000004 0.27076406249999996 0.05500000000000001 0.2740859375 0.08499999999999999 0.26578124999999997 0.13 0.24086406249999998 0.1575 0.227575 0.19 0.224253125 0.2325 0.230896875 0.3025 0.254153125 0.39 0.2790703125 0.39 0.287375 0.365 0.257475 0.2525 0.257475 0.22000000000000003 0.2823921875 0.1525 0.3205984375 0.125 0.37043125 0.12250000000000001
3 0.20431875000000002 0.1825 0.2176078125 0.15 0.2176078125 0.11000000000000001 0.224253125 0.09 0.2176078125 0.045 0.2059796875 0.027500000000000004 0.1910296875 0.0225 0.13289062499999998 0.03 0.0996671875 0.0925 0.11461718750000001 0.1825 0.10132812499999999 0.1975 0.09800624999999999 0.215 0.1112953125 0.2625 0.12956875 0.26749999999999996 0.14451875 0.2975 0.222590625 0.27749999999999997 0.21926874999999998 0.2525 0.20099687500000002 0.2325 0.20431875000000002 0.1825