0 0.59375 0.13125 0.628125 0.13125 0.628125 0.06875 0.59375 0.06875 0.59375 0.13125
0 0.034375 0.28125 0.121875 0.28125 0.121875 0.184375 0.034375 0.184375 0.034375 0.28125
0 0.21423437500000003 0.2181640625 0.1806375 0.249596875 0.173171875 0.3086578125 0.18010625 0.34008906250000004 0.21800000000000003 0.3323828125 0.2504953125 0.2724578125 0.2504953125 0.2457859375 0.21423437500000003 0.2181640625
0 0.226665625 0.1073828125 0.21316875 0.146721875 0.22116562499999998 0.175296875 0.22383437499999997 0.202921875 0.23823124999999998 0.20387499999999997 0.2584953125 0.177203125 0.270759375 0.140053125 0.26489375000000004 0.130528125 0.24889531250000002 0.1067140625 0.226665625 0.1073828125
0 0.0609375 0 0.0609375 0.028125 0.1015625 0.028125 0.1015625 0 0.0609375 0
3 0.773634375 0.147675 0.768834375 0.1086171875 0.7731 0.0305109375 0.76776875 0 0.6717796875000001 0.0028859375 0.6616484375 0.028603125 0.6621796875 0.0600390625 0.6733796875 0.0848078125 0.6712453125 0.1038578125 0.678178125 0.13815 0.6835125 0.17339218750000002 0.694709375 0.2095890625 0.6627140625 0.2743640625 0.6040546875 0.43153593749999997 0.6104546875 0.5458421875 0.63605 0.5896609374999999 0.6131203125 0.726828125 0.5933875 0.9344859375000001 0.600665625 0.9964281250000001 0.7661687500000001 0.9964281250000001 0.78803125 0.7687390625 0.8061640625000001 0.6744359375 0.8344265625 0.49821406250000005 0.8493578125000001 0.3296109375 0.8376265625 0.2457859375 0.79603125 0.175296875 0.790165625 0.1410078125 0.773634375 0.147675
3 0.8397593750000001 0.1705359375 0.826959375 0.11909687499999999 0.82749375 0.0400359375 0.8189624999999999 0 0.772 0.0002390625 0.7746999999999999 0.0267 0.76936875 0.10195000000000001 0.778434375 0.147675 0.8002984375000001 0.1419578125 0.7922984375000001 0.16672499999999998 0.8498921875000001 0.3658109375 0.8578906249999999 0.3324671875 0.8541578124999999 0.21339999999999998 0.8397593750000001 0.1705359375
3 0.9245484375 0.351521875 0.92135 0.4143890625 0.9128187499999999 0.5134531250000001 0.9069515625 0.614425 0.9005515624999999 0.6677671875 0.8802875 0.680153125 0.8722875 0.7296859375 0.9229499999999999 0.6934890625000001 0.9416140625 0.6658640625000001 0.9437453124999999 0.5620359374999999 0.9533453125 0.7153968749999999 0.97094375 0.5687031250000001 0.9832078125000001 0.417246875 0.998 0.3038921875 0.998 0.1333859375 0.998 0.0028859375 0.9666656250000001 0.0026171875 0.9544124999999999 0.0200328125 0.957078125 0.0448 0.955478125 0.072421875 0.9586781249999999 0.0981421875 0.9560124999999999 0.11814687500000001 0.9720093750000001 0.11147812500000001 0.9624124999999999 0.158153125 0.9490796874999999 0.1972078125 0.9336140625 0.2638859375 0.9245484375 0.351521875
3 0.8957515624999999 0.5134531250000001 0.8845546875 0.5829921875 0.86375625 0.605853125 0.8680218749999999 0.6449078125 0.9010859375000001 0.6268078125 0.9304140625 0.2734109375 0.9682765625 0.13815 0.970409375 0.093378125 0.96294375 0.0409890625 0.9448140625000001 0.0409890625 0.92988125 0.065753125 0.92988125 0.10195000000000001 0.9309484375 0.1391 0.9448140625000001 0.1533890625 0.9277484375 0.164821875 0.92028125 0.2067328125 0.9128187499999999 0.267696875 0.914415625 0.3296109375 0.9048187499999999 0.417246875 0.8957515624999999 0.5134531250000001
3 0.916015625 0.314371875 0.9122843749999999 0.2619828125 0.928815625 0.164821875 0.9426796875000001 0.1552921875 0.9293484375000001 0.1429109375 0.92668125 0.101 0.927334375 0.1002390625 0.9021515625 0.11052500000000001 0.8658906249999999 0.2476921875 0.8653562499999999 0.3181828125 0.8829546875000001 0.34008906250000004 0.8738875 0.4620171875 0.86375625 0.5515578125 0.8328265625 0.5925171875 0.8770875 0.5934671875 0.8978859375000001 0.4877359375 0.916015625 0.314371875
3 0.998 0.3167328125 0.9820437500000001 0.4586640625 0.9708453125000001 0.686325 0.9548484374999999 0.7587171875000001 0.93725 0.8225390625 0.9719125 0.8330171875 0.9703125 0.8958859374999999 0.998 0.8987421875000001 0.998 0.3167328125
3 0.6223546875 0.0002984375 0.60875625 0.0033421874999999997 0.6018234375 0.05573281249999999 0.6284859375 0.070975 0.6332859375 0.1128859375 0.657815625 0.1528921875 0.669015625 0.1852828125 0.6711484375000001 0.137653125 0.6647484375 0.097646875 0.665815625 0.060496875000000006 0.66688125 0.0033421874999999997 0.64501875 0.004296875 0.6242203125 0.0023890624999999997 0.6223546875 0.0002984375
3 0.49410156250000004 0.36055000000000004 0.515434375 0.3662640625 0.5522296875 0.266246875 0.5527624999999999 0.3929359375 0.56129375 0.4129390625 0.5799593749999999 0.3948421875 0.5858265625 0.1548 0.5943578125 0.147178125 0.5986234375 0.072878125 0.5959578125 0.0585890625 0.5831578125 0.050017187500000004 0.5815578125 0.034778125 0.5890234375000001 0.0300140625 0.5868921874999999 0 0.558628125 0.0004859375 0.560228125 0.034778125 0.5394296875 0.0404921875 0.5085015625 0.0776421875 0.5079687500000001 0.097646875 0.5356984375 0.1586109375 0.5191656250000001 0.20337812500000002 0.523965625 0.22909687500000003 0.49410156250000004 0.36055000000000004
3 0.606621875 0.250053125 0.6108875 0.2795828125 0.60875625 0.3281640625 0.602890625 0.3948421875 0.6167546875000001 0.40817812499999995 0.6354203125 0.396746875 0.65141875 0.2710109375 0.661015625 0.1957578125 0.6594156250000001 0.1624171875 0.63701875 0.12431718750000001 0.6316859375 0.09097812499999999 0.6156265624999999 0.070475 0.6018234375 0.070975 0.5895578125000001 0.0928828125 0.5911578125 0.1319359375 0.60075625 0.14146406250000002 0.6012906250000001 0.172896875 0.5911578125 0.2252890625 0.5804921875 0.2672 0.56929375 0.31101718749999996 0.5970234375000001 0.294825 0.606621875 0.250053125
3 0.4434421875 0.6272640625 0.4455765625 0.6463171875 0.4370421875 0.6748921875 0.43277656249999996 0.7272828125 0.43117656249999997 0.7853890625 0.4114453125 0.8053921875000001 0.3986484375 0.8615921875 0.40611406250000004 0.9378 0.4103796875 0.9920921875 0.45357343749999995 0.9964281250000001 0.4866359375 0.9964281250000001 0.4871703125 0.9863781250000001 0.4898359375 0.9778078125 0.5410296875 0.9759 0.56289375 0.9673281250000001 0.5698265625000001 0.9920921875 0.5900921875 0.9911421875 0.5943578125 0.9549421875 0.570359375 0.8701671875000001 0.568228125 0.8111078125000001 0.5580953125 0.7739609375 0.5479625 0.7168078125 0.51276875 0.6158359375 0.50316875 0.6034531249999999 0.48029374999999996 0.6061890625 0.480771875 0.5339140625 0.47757187500000003 0.5120078125 0.46210625 0.492003125 0.44610781250000003 0.49581406250000004 0.42850937499999997 0.50915 0.42051249999999996 0.5243890625 0.42104375000000005 0.5463 0.41891249999999997 0.5901140625 0.42904375000000006 0.6339328125 0.4434421875 0.6272640625
3 0.006515625 0.3195890625 0.00118125 0.3167328125 0.00011562499999999999 0.9964281250000001 0.0936265625 0.9964281250000001 0.10908124999999999 0.9701859374999999 0.13467968749999998 0.9092218750000001 0.13307968750000002 0.854925 0.13094531250000002 0.828253125 0.1208140625 0.8177749999999999 0.109615625 0.704421875 0.0850859375 0.5977359375 0.05717656250000001 0.47104687500000003 0.0491765625 0.40817812499999995 0.006515625 0.3195890625
3 0.15209843750000002 0.722521875 0.14303125 0.6139281249999999 0.13023437499999999 0.45389999999999997 0.1377 0.4300859375 0.1456984375 0.3567390625 0.1616953125 0.274821875 0.14303125 0.2167140625 0.132365625 0.171946875 0.128634375 0.12717499999999998 0.1217015625 0.098596875 0.1025046875 0.09097812499999999 0.1078359375 0.144321875 0.11530156250000001 0.20337812500000002 0.12436875 0.2929171875 0.1089046875 0.324353125 0.10677031249999999 0.2881578125 0.1174359375 0.2824390625 0.11530156250000001 0.25100781250000004 0.1062359375 0.21195312500000002 0.09397187500000001 0.190996875 0.07104218749999999 0.1767078125 0.05770937499999999 0.1900421875 0.042778125 0.21957187500000003 0.0358453125 0.2462421875 0.029445312499999998 0.2795828125 0.044378125000000004 0.2853 0.043309375 0.3167328125 0.011465625 0.3192859375 0.05344375 0.45104218749999997 0.06570781249999999 0.5034328125 0.1089046875 0.7015640624999999 0.11690156249999999 0.8225390625 0.12330156249999999 0.9964281250000001 0.17129531250000002 0.9964281250000001 0.171828125 0.9149359374999999 0.1632953125 0.8863609374999999 0.15209843750000002 0.722521875
0 0.0166484375 0.05573281249999999 0.00278125 0.0805 0 0.1133328125 0.0017156250000000001 0.1147921875 0.01558125 0.129078125 0.0374453125 0.138603125 0.060907812500000005 0.1395578125 0.07104218749999999 0.13288906250000002 0.0630421875 0.0947890625 0.048109374999999996 0.060496875000000006 0.0326453125 0.0481140625 0.0166484375 0.05573281249999999
3 0 0.306253125 0.003315625 0.3081609375 0.0267796875 0.259578125 0.0225140625 0.23767187500000003 0.023579687499999998 0.21004687500000002 0.036378125 0.1986171875 0.0582421875 0.19385312500000002 0.059309375 0.171946875 0.0673078125 0.14813281250000002 0.0699734375 0.110028125 0.0555765625 0.0585890625 0.023579687499999998 0.0462078125 0.008115625 0.060496875000000006 0 0.1061890625 0 0.1109828125 0 0.306253125
3 0.06250781250000001 0 0.053976562500000005 0.032871875 0.0641078125 0.034778125 0.06250781250000001 0.045253125 0.056134375 0.058571874999999995 0.0753078125 0.11765 0.0614421875 0.1595609375 0.0587765625 0.1900421875 0.11903593750000001 0.1986171875 0.11636874999999999 0.091928125 0.1046359375 0.070975 0.085440625 0.0852609375 0.0982375 0.05573281249999999 0.10410468749999999 0.015725 0.0966375 0 0.06250781250000001 0
3 0.152134375 0 0.1531640625 0.026203125 0.1616953125 0.0681171875 0.1622296875 0.10145781250000001 0.1702296875 0.1786140625 0.1654296875 0.239575 0.1990265625 0.2348140625 0.22515625 0.201475 0.220890625 0.1052640625 0.2054234375 0.056685937500000005 0.188359375 0.0547828125 0.186759375 0.034778125 0.1952921875 0.02525 0.18995937499999999 0 0.152134375 0
0 0.1894265625 0.004296875 0.15582968749999998 0 0.153465625 0.03 0.18995937499999999 0.0290609375 0.1894265625 0.004296875
3 0.3035453125 0.4405640625 0.318478125 0.511053125 0.31794375 0.44532812499999996 0.33074375 0.396746875 0.330209375 0.3262578125 0.31634375000000003 0.24338593749999998 0.3008796875 0.1795640625 0.27528437499999997 0.14813281250000002 0.2408 0.1061890625 0.22462187500000003 0.1043140625 0.2054234375 0.1395578125 0.22195625 0.174803125 0.21662343750000002 0.2043328125 0.2368875 0.2043328125 0.2395546875 0.22719218749999998 0.26781875 0.2814890625 0.2992796875 0.4129390625 0.3035453125 0.4405640625
3 0.275815625 0.2357640625 0.262484375 0.183375 0.2475546875 0.21290312500000003 0.2592859375 0.268153125 0.2443546875 0.22814687500000003 0.2064921875 0.220525 0.1728953125 0.2557671875 0.1744953125 0.3262578125 0.193159375 0.33006718749999997 0.2054234375 0.37007500000000004 0.196359375 0.3843640625 0.1995578125 0.4319921875 0.22195625 0.4843828125 0.223021875 0.517721875 0.22675625 0.5796390625 0.227821875 0.6453640625 0.2272875 0.741571875 0.23848750000000002 0.7834859375 0.23902031250000003 0.8673109374999999 0.2368875 0.8692140625 0.279015625 0.8587359375 0.28008125 0.796821875 0.2789875 0.674321875 0.3014140625 0.751096875 0.2886140625 0.8120609375000001 0.2982140625 0.8301609375 0.3376765625 0.8196828125 0.3510078125 0.7291890624999999 0.33980781250000003 0.619646875 0.31901250000000003 0.5148640624999999 0.3003453125 0.4224671875 0.324878125 0.33387812499999997 0.31794375 0.295775 0.275815625 0.2357640625
3 0.364871875 0.129078125 0.360071875 0.097646875 0.3472734375 0.044303125 0.3424765625 0.0033421874999999997 0.31880000000000003 0.0073828125 0.3030140625 0.050971875 0.3019453125 0.1043140625 0.3003453125 0.15575 0.29767968749999996 0.202425 0.31474531250000004 0.23767187500000003 0.321678125 0.284346875 0.3264765625 0.257675 0.3360765625 0.1871859375 0.33714218749999997 0.14813281250000002 0.364871875 0.129078125
3 0.38780156250000003 0.548203125 0.37980468749999996 0.5253421875 0.3856703125 0.47581093750000003 0.39740156249999997 0.45961718749999997 0.410734375 0.529153125 0.4389953125 0.498671875 0.43312968749999997 0.47771406250000004 0.4309984375 0.41865781249999995 0.4357984375 0.395796875 0.4336640625 0.3643609375 0.42619843749999997 0.2853 0.4411296875 0.2824390625 0.46032812500000003 0.23671718749999998 0.455528125 0.20623593750000002 0.4416640625 0.1528921875 0.43846406250000003 0.1319359375 0.41873125 0.129078125 0.40166874999999996 0.1205078125 0.4006015625 0.1043140625 0.40540000000000004 0.07954687499999999 0.40700000000000003 0.053828125000000004 0.39846875000000004 0.035728125 0.3883359375 0.0195359375 0.37127187500000003 0.0214421875 0.3584734375 0.044303125 0.35634062499999997 0.0681171875 0.360071875 0.0966921875 0.36860624999999997 0.1205078125 0.3344765625 0.156703125 0.324878125 0.24815 0.32914374999999996 0.2881578125 0.3403421875 0.35388281250000003 0.3451421875 0.4138921875 0.354740625 0.41960781249999995 0.3520734375 0.556775 0.36380625 0.5863078125000001 0.38780156250000003 0.548203125
2 0.40326874999999995 0.0681171875 0.40166874999999996 0.045253125 0.3958015625 0.0281109375 0.3787375 0.0223921875 0.359540625 0.0319171875 0.35580625 0.06430781249999999 0.362740625 0.07573593749999999 0.3947359375 0.07192499999999999 0.40326874999999995 0.0681171875
3 0.36753749999999996 0.02525 0.39526875 0.033825 0.40700000000000003 0.05573281249999999 0.401134375 0.10145781250000001 0.40486875 0.12622187499999998 0.43312968749999997 0.13384218750000001 0.43479999999999996 0.44904687499999996 0.4480625 0.4481859375 0.4416640625 0.33578593749999996 0.4421953125 0.2919671875 0.455528125 0.1519421875 0.44432968749999996 0.0785921875 0.41286562499999996 0.035728125 0.417665625 0.015725 0.4022015625 0 0.3707375 0.0014359375000000001 0.36753749999999996 0.02525
0 0.368134375 0.0014281250000000001 0.368071875 0.0281109375 0.40806875 0.0281109375 0.41180000000000005 0.014775 0.40540000000000004 0 0.368134375 0.0014281250000000001
2 0.9312046875 0.0843109375 0.9590578125 0.0805 0.9585265625 0.0462078125 0.9531921875 0.0395390625 0.9302625000000001 0.0585890625 0.9312046875 0.0843109375
2 0.9947874999999999 0.0395390625 0.9969203125 0.0109640625 0.9932812500000001 0.0033421874999999997 0.964484375 0.0033421874999999997 0.9591859375 0.0252390625 0.9793218749999999 0.0223921875 0.98625625 0.052875000000000005 0.9947874999999999 0.0395390625
2 0.6719999999999999 0 0.662 0.0357140625 0.6639999999999999 0.0571421875 0.678 0.075 0.688 0.096428125 0.692 0.0928578125 0.692 0.08214218749999999 0.6980000000000001 0.075 0.716 0.08214218749999999 0.738 0.121428125 0.75 0.121428125 0.764 0.1071421875 0.77 0.08214218749999999 0.77 0.0642859375 0.772 0.0607140625 0.772 0 0.6719999999999999 0
2 0.47800000000000004 0.521428125 0.47400000000000003 0.5107140625000001 0.45599999999999996 0.48928593749999993 0.454 0.48214218750000004 0.45 0.48928593749999993 0.44000000000000006 0.48928593749999993 0.42000000000000004 0.521428125 0.418 0.528571875 0.418 0.5428578125 0.422 0.5642859375 0.426 0.571428125 0.44000000000000006 0.5821421875 0.45599999999999996 0.6071421875 0.46799999999999997 0.6071421875 0.476 0.596428125 0.47800000000000004 0.5892859374999999 0.47800000000000004 0.521428125
2 0.3002234375 0.1143359375 0.3050234375 0.127671875 0.3156875 0.0990921875 0.32208749999999997 0.0781390625 0.31195625 0.0514671875 0.313021875 0.0247921875 0.32635468749999996 0.025746875000000002 0.3359546875 0.0476578125 0.333334375 0.05500000000000001 0.3284875 0.0781390625 0.3444859375 0.1229078125 0.355684375 0.12100312499999999 0.35301875 0.081946875 0.3471515625 0.037178125 0.3364859375 0.0105078125 0.321021875 0.0086 0.314090625 0.0200328125 0.30395625000000004 0.0524171875 0.3002234375 0.1143359375
1 0.55898125 0 0.55898125 0.0223921875 0.5872453125 0.0281109375 0.5883125 0 0.55898125 0
2 0.776 0 0.774 0.003571875 0.774 0.0321421875 0.778 0.0928578125 0.78 0.0857140625 0.78 0.075 0.784 0.0678578125 0.794 0.0678578125 0.798 0.075 0.8 0.0892859375 0.808 0.1071421875 0.808 0.1107140625 0.8119999999999999 0.1142859375 0.8119999999999999 0.1178578125 0.818 0.1178578125 0.8220000000000001 0.1107140625 0.8220000000000001 0.1 0.8240000000000001 0.096428125 0.8240000000000001 0.0321421875 0.8220000000000001 0.028571875000000004 0.8220000000000001 0.0178578125 0.818 0 0.776 0