3 0.095 0.5833328125 0.10500000000000001 0.5033328125 0.125 0.4566671875 0.1025 0.4366671875 0.095 0.3866671875 0.075 0.35333281250000004 0.05500000000000001 0.35 0.0375 0.3666671875 0.042499999999999996 0.4233328125 0.01 0.4866671875 0.0075 0.5366671875 0.034999999999999996 0.61 0.045 0.9 0.0675 0.9033328125000001 0.0925 0.8699999999999999 0.1075 0.8866671875 0.125 0.8866671875 0.125 0.71 0.0975 0.6266671875000001 0.095 0.5833328125
3 0.22617812499999998 0.445928125 0.2228453125 0.4359265625 0.236178125 0.3917515625 0.22000000000000003 0.32999999999999996 0.20249999999999999 0.3033328125 0.1675 0.3 0.1525 0.3133328125 0.14750000000000002 0.3633328125 0.16499999999999998 0.4166671875 0.135 0.4566671875 0.110359375 0.485934375 0.09536093749999999 0.6051234375 0.1320234375 0.7268125000000001 0.14618906250000002 0.7634859374999999 0.14750000000000002 0.7733328125 0.1575 0.8333328124999999 0.1525 0.9966671874999999 0.24 0.9966671874999999 0.258675 0.881840625 0.261175 0.6226265625 0.24700937500000003 0.5084390625 0.22617812499999998 0.445928125
3 0.2925 0.6166671874999999 0.2975 0.5633328125 0.325 0.4933328125 0.3 0.43333281250000005 0.2725 0.41333281250000004 0.27 0.32999999999999996 0.2575 0.3166671875 0.22749999999999998 0.3233328125 0.23500000000000001 0.4566671875 0.255 0.5333328125000001 0.26 0.5966671875 0.26 0.8699999999999999 0.26749999999999996 0.8833328125 0.3075 0.89 0.3125 0.8800000000000001 0.2975 0.86 0.29 0.7966671875 0.2925 0.6166671874999999
3 0.475 0.77 0.485 0.49666718750000005 0.4625 0.41333281250000004 0.465 0.35 0.4525 0.3233328125 0.43499999999999994 0.32 0.42000000000000004 0.3333328125 0.4125 0.36 0.4175 0.41 0.3725 0.45999999999999996 0.35750000000000004 0.5033328125 0.3675 0.5766671875 0.3975 0.64 0.4 0.6666671875 0.3875 0.9099999999999999 0.395 0.95 0.4175 0.9566671875000001 0.44000000000000006 0.9099999999999999 0.48 0.9166671875000001 0.45499999999999996 0.8733328124999999 0.475 0.77
3 0.645 0.5033328125 0.63 0.4233328125 0.5974999999999999 0.39 0.6125 0.3466671875 0.6025 0.31 0.58 0.3 0.5625 0.3133328125 0.5575 0.36 0.5650000000000001 0.3833328125 0.53 0.40666718749999997 0.52 0.44000000000000006 0.5175 0.6066671875 0.5375 0.67 0.5425 0.76 0.5425 0.8433328124999999 0.525 0.8966671875 0.5425 0.9033328125000001 0.5825 0.8800000000000001 0.5900000000000001 0.8966671875 0.6075 0.9 0.645 0.5033328125
3 0.845 0.9566671875000001 0.8675 0.96 0.8752703125 0.965190625 0.89 0.67 0.885 0.5766671875 0.9175000000000001 0.47666718750000003 0.915 0.4266671875 0.8675 0.37 0.8625 0.26333281249999996 0.835 0.2533328125 0.8150000000000001 0.27 0.8025 0.3066671875 0.805 0.3566671875 0.7849999999999999 0.40333281249999997 0.7825 0.4633328125 0.8 0.5233328125 0.7825 0.6366671875 0.7825 0.9 0.76445 0.9410203125000001 0.7852812499999999 0.9435203124999999 0.82 0.9166671875000001 0.8302765624999999 0.7393171875 0.841940625 0.79849375 0.845 0.9566671875000001
0 0.865 0.2666671875 0.8550000000000001 0.2566671875 0.8300000000000001 0.2566671875 0.8225 0.26 0.8125 0.27333281249999997 0.8125 0.2766671875 0.8025 0.29 0.805 0.2966671875 0.8099999999999999 0.2966671875 0.8125 0.2933328125 0.845 0.31 0.8675 0.3166671875 0.8699999999999999 0.31 0.8699999999999999 0.27999999999999997 0.865 0.2666671875
0 0.605 0.3133328125 0.6 0.3066671875 0.595 0.3033328125 0.5875 0.3033328125 0.585 0.3 0.5775 0.3 0.5675 0.3066671875 0.5599999999999999 0.3166671875 0.5575 0.3233328125 0.5575 0.33999999999999997 0.5625 0.33999999999999997 0.5650000000000001 0.3366671875 0.575 0.3366671875 0.6 0.34333281250000003 0.61 0.35 0.6075 0.34333281250000003 0.61 0.32999999999999996 0.605 0.3133328125
0 0.45999999999999996 0.3333328125 0.4575 0.3333328125 0.445 0.32 0.44000000000000006 0.3233328125 0.43 0.3233328125 0.425 0.32999999999999996 0.4225 0.32999999999999996 0.41500000000000004 0.34333281250000003 0.4125 0.35333281250000004 0.4125 0.3666671875 0.41500000000000004 0.3733328125 0.42000000000000004 0.3766671875 0.4375 0.3766671875 0.46749999999999997 0.37 0.47000000000000003 0.3666671875 0.47000000000000003 0.3566671875 0.4625 0.34333281250000003 0.45999999999999996 0.3333328125
0 0.275 0.33999999999999997 0.2725 0.32999999999999996 0.265 0.32 0.2575 0.3166671875 0.2325 0.3166671875 0.22749999999999998 0.3233328125 0.225 0.32999999999999996 0.225 0.34333281250000003 0.2325 0.3566671875 0.255 0.3566671875 0.2575 0.36 0.265 0.36 0.26749999999999996 0.3633328125 0.2725 0.3633328125 0.275 0.36 0.275 0.33999999999999997
0 0.22000000000000003 0.3466671875 0.2225 0.3366671875 0.22000000000000003 0.3233328125 0.20249999999999999 0.3 0.195 0.3 0.1925 0.2966671875 0.175 0.2966671875 0.17250000000000001 0.3 0.16499999999999998 0.3 0.16 0.3033328125 0.15 0.3166671875 0.14750000000000002 0.3266671875 0.14750000000000002 0.3666671875 0.15 0.37 0.16 0.3666671875 0.16 0.3633328125 0.17250000000000001 0.35 0.1875 0.33999999999999997 0.195 0.33999999999999997 0.1975 0.3366671875 0.22000000000000003 0.3466671875
3 0.77 0.6008328125 0.7875 0.564165625 0.7875 0.4908328125 0.7725 0.44749999999999995 0.735 0.404165625 0.7375 0.364165625 0.7275 0.334165625 0.7025 0.3308328125 0.6849999999999999 0.3508328125 0.693621875 0.4075875 0.69445625 0.427590625 0.6702921875000001 0.450928125 0.655 0.504165625 0.6677921875 0.5234421874999999 0.6836234375 0.5759515625 0.6761250000000001 0.62429375 0.6799999999999999 0.784165625 0.6725 0.8975 0.6900000000000001 0.9008328125 0.7125 0.8741656250000001 0.721953125 0.7043078125 0.74 0.8775000000000001 0.7474999999999999 0.9041656250000001 0.7675 0.9041656250000001 0.77 0.6008328125
0 0.705 0.32999999999999996 0.6975 0.32999999999999996 0.6900000000000001 0.33999999999999997 0.6875 0.33999999999999997 0.6799999999999999 0.35 0.6799999999999999 0.37 0.6925 0.37 0.705 0.36 0.72 0.36 0.735 0.37 0.735 0.3466671875 0.7224999999999999 0.32999999999999996 0.7075 0.3266671875 0.705 0.32999999999999996
0 0.052500000000000005 0.35 0.0475 0.35333281250000004 0.0375 0.3666671875 0.034999999999999996 0.3866671875 0.04 0.3933328125 0.0775 0.38 0.08 0.3833328125 0.095 0.3866671875 0.0925 0.3833328125 0.0925 0.3733328125 0.0775 0.35333281250000004 0.0725 0.35 0.052500000000000005 0.35
3 0.4765625 0.7921875 0.484375 0.840625 0.49375 0.853125 0.509375 0.8546875 0.515625 0.85 0.515625 0.8359375 0.503125 0.796875 0.503125 0.721875 0.5140625 0.6921875 0.5046875 0.6640625 0.5109375 0.49713593749999996 0.521875 0.4109375 0.5015625 0.3921875 0.484375 0.3859375 0.4734375 0.30625 0.4625 0.2984375 0.4515625 0.3046875 0.45 0.31875 0.46875 0.3546875 0.4703125 0.396875 0.4625 0.4296875 0.484375 0.4875 0.4765625 0.7921875
0 0.4375 0.309375 0.434375 0.321875 0.478125 0.321875 0.4734375 0.303125 0.4625 0.2953125 0.4484375 0.296875 0.4375 0.309375