3 0.37983125 0.34500000000000003 0.389915625 0.34500000000000003 0.391596875 0.335 0.41512656249999996 0.355 0.4184875 0.21749999999999997 0.4050421875 0.13999999999999999 0.3949578125 0.13999999999999999 0.391596875 0.16999999999999998 0.37983125 0.1875 0.37983125 0.34500000000000003
3 0.462184375 0.1925 0.4420171875 0.145 0.42352968750000003 0.1825 0.43193281250000004 0.315 0.4386546875 0.34249999999999997 0.4554625 0.34249999999999997 0.462184375 0.1925
1 0.447059375 0.15 0.4420171875 0.1375 0.43361406249999995 0.14250000000000002 0.43361406249999995 0.155 0.447059375 0.15
3 0.554621875 0.2225 0.5310921875 0.145 0.519328125 0.15 0.5042015625 0.2 0.5025203125 0.2725 0.50924375 0.2875 0.500840625 0.33999999999999997 0.50924375 0.34750000000000003 0.5075624999999999 0.3625 0.5210078125 0.3725 0.517646875 0.4 0.5310921875 0.40499999999999997 0.552940625 0.28500000000000003 0.554621875 0.2225
3 0.563025 0.33999999999999997 0.5764703124999999 0.35 0.5831937500000001 0.33999999999999997 0.57983125 0.2375 0.5882359375 0.1925 0.571428125 0.1525 0.5613453125000001 0.1675 0.5579828124999999 0.2925 0.563025 0.33999999999999997
1 0.5781515625 0.1775 0.5764703124999999 0.1575 0.5663859375 0.1525 0.563025 0.1825 0.5781515625 0.1775
1 0.6134453125 0.18 0.6134453125 0.16 0.5966390625 0.16 0.5966390625 0.1875 0.6134453125 0.18
3 0.6218484375 0.13 0.6218484375 0.1575 0.6302515625 0.1825 0.61680625 0.2225 0.6151265625 0.305 0.6252093750000001 0.47000000000000003 0.6420171875 0.48 0.6605046875 0.4575 0.680671875 0.4875 0.6857140625 0.45999999999999996 0.663865625 0.34249999999999997 0.6756296875000001 0.20249999999999999 0.6319328125 0.11499999999999999 0.6218484375 0.13
1 0.647059375 0.135 0.6336140625 0.11499999999999999 0.6218484375 0.125 0.6268906249999999 0.14250000000000002 0.647059375 0.135
3 0.7579828125 0.3125 0.7764703125 0.2875 0.7647062499999999 0.2625 0.789915625 0.22000000000000003 0.7663859375000001 0.16499999999999998 0.7428578124999999 0.1525 0.7260500000000001 0.09 0.70924375 0.1025 0.70924375 0.14750000000000002 0.7042015625 0.16499999999999998 0.6873953125 0.1825 0.6773109374999999 0.22000000000000003 0.6739499999999999 0.3175 0.6957984374999999 0.355 0.6957984374999999 0.4925 0.682353125 0.5349999999999999 0.710925 0.5325 0.734453125 0.5575 0.7495796875 0.5599999999999999 0.754621875 0.53 0.7462187499999999 0.42000000000000004 0.7579828125 0.3125
1 0.737815625 0.1275 0.734453125 0.09 0.710925 0.095 0.70924375 0.1275 0.737815625 0.1275
3 0.8386546875 0.5974999999999999 0.8537812499999999 0.6 0.9294125 0.26749999999999996 0.910925 0.215 0.9126046875 0.195 0.92605 0.185 0.8873953125 0.145 0.8907562499999999 0.11000000000000001 0.884034375 0.075 0.8705875000000001 0.0725 0.8605046875 0.08249999999999999 0.8537812499999999 0.1625 0.8235296875 0.1925 0.8050421875 0.255 0.8134453125000001 0.26749999999999996 0.8134453125000001 0.29 0.79831875 0.3675 0.79831875 0.5549999999999999 0.7865546875 0.5599999999999999 0.78319375 0.5725 0.8050421875 0.5775 0.828571875 0.5549999999999999 0.843696875 0.5549999999999999 0.8386546875 0.5974999999999999
1 0.8588234375000001 0.08249999999999999 0.8588234375000001 0.11000000000000001 0.8907562499999999 0.10500000000000001 0.8924375 0.0925 0.880671875 0.06999999999999999 0.8588234375000001 0.08249999999999999
3 0.9983187499999999 0.0875 0.9848734374999999 0.1 0.974790625 0.1675 0.9529406249999999 0.19 0.9394953125000001 0.22749999999999998 0.936134375 0.425 0.92605 0.525 0.9294125 0.5675 0.9327734375000001 0.575 0.9462187500000001 0.545 0.9714281250000001 0.5675 0.9680671875 0.6325000000000001 0.9815125 0.6425 0.9983187499999999 0.5599999999999999 0.9983187499999999 0.0875
1 0.9983187499999999 0.11000000000000001 0.9983187499999999 0.08249999999999999 0.9798312499999999 0.0925 0.9815125 0.11000000000000001 0.9983187499999999 0.11000000000000001
1 0.48403437499999996 0.17250000000000001 0.48571406250000004 0.16 0.4756296875 0.155 0.47226875 0.16999999999999998 0.48403437499999996 0.17250000000000001
3 0.4773109375 0.1575 0.46722656249999994 0.19 0.46554687499999997 0.215 0.48235312500000005 0.3 0.47226875 0.32 0.47395 0.3275 0.49243750000000003 0.32999999999999996 0.49579843749999997 0.2975 0.49075625 0.28250000000000003 0.500840625 0.20750000000000002 0.4974796875 0.1825 0.4773109375 0.1575
3 0.2974796875 0.25 0.30924375 0.2966671875 0.3025203125 0.3525 0.32605 0.3625 0.3445375 0.17250000000000001 0.334453125 0.1675 0.325553125 0.175 0.3142859375 0.1825 0.3025203125 0.21000000000000002 0.2974796875 0.25
1 0.3478984375 0.1975 0.3428578125 0.1675 0.3294125 0.17250000000000001 0.3327734375 0.2 0.3478984375 0.1975
3 0.23865468750000002 0.9574999999999999 0.2504203125 0.9425000000000001 0.24873906250000002 0.9275 0.21344531249999998 0.8925000000000001 0.1882359375 0.835 0.17983125 0.795 0.173109375 0.6 0.189915625 0.46749999999999997 0.1932765625 0.375625 0.2067234375 0.35750000000000004 0.228571875 0.36 0.25546250000000004 0.3225 0.2235296875 0.3075 0.19663906250000002 0.24500000000000002 0.18487343750000002 0.1825 0.1613453125 0.17250000000000001 0.1613453125 0.1025 0.174790625 0.095 0.1764703125 0.08499999999999999 0.15630312500000001 0.075 0.12605 0.034999999999999996 0.0974796875 0.045 0.0873953125 0.0675 0.09243749999999999 0.14250000000000002 0.10084062499999999 0.1575 0.0487390625 0.1925 0.025209375 0.24500000000000002 0.026890625 0.3075 0.036975 0.3625 0.0420171875 0.5349999999999999 0.11932812500000001 0.735 0.1243703125 0.76 0.11932812500000001 0.8699999999999999 0.1613453125 0.8875 0.1697484375 0.9275 0.2050421875 0.9574999999999999 0.23865468750000002 0.9574999999999999
1 0.1764703125 0.08 0.1596640625 0.075 0.12941249999999999 0.034999999999999996 0.1025203125 0.04 0.089075 0.05500000000000001 0.09075625000000001 0.1025 0.1781515625 0.09 0.1764703125 0.08
1 0.408403125 0.1525 0.4050421875 0.1375 0.3932765625 0.13999999999999999 0.3949578125 0.155 0.408403125 0.1525