3 0.08785 0.2933328125 0.0523359375 0.2966671875 0.039251562499999997 0.3266671875 0.029906250000000002 0.39666718749999996 0.0037390624999999998 0.43 0.0037390624999999998 0.9966671874999999 0.071028125 0.9966671874999999 0.071028125 0.8566671875 0.050467187499999996 0.77 0.039251562499999997 0.5466671875 0.059812500000000005 0.47666718750000003 0.10093437499999999 0.4166671875 0.11027968749999999 0.38 0.1065421875 0.3166671875 0.08785 0.2933328125
2 0.0373828125 0.3366671875 0.041121875 0.3633328125 0.059812500000000005 0.3266671875 0.0803734375 0.3366671875 0.099065625 0.32999999999999996 0.1065421875 0.34333281250000003 0.1084109375 0.3233328125 0.08785 0.2933328125 0.061682812499999996 0.29 0.041121875 0.3166671875 0.0373828125 0.3366671875
0 0.143925 0.21333281249999997 0.1345796875 0.26333281249999996 0.14205625 0.3033328125 0.183178125 0.2933328125 0.272896875 0.32 0.2654203125 0.2966671875 0.26168281250000003 0.2266671875 0.2504671875 0.1833328125 0.23364531249999998 0.16 0.1813078125 0.14666718750000002 0.143925 0.21333281249999997
0 0.2654203125 0.4166671875 0.29345781249999997 0.44000000000000006 0.30093437500000003 0.43 0.3065421875 0.37 0.29719687499999997 0.33999999999999997 0.26168281250000003 0.32999999999999996 0.2523359375 0.3566671875 0.2504671875 0.3866671875 0.2654203125 0.4166671875
3 0.2785046875 0.6333328125000001 0.269159375 0.62 0.2672890625 0.5700000000000001 0.24672968750000002 0.51 0.216821875 0.46666718749999997 0.216821875 0.45333281249999996 0.24485937500000002 0.41 0.24859843750000002 0.36 0.269159375 0.31 0.2598125 0.22333281249999998 0.2373828125 0.1666671875 0.1813078125 0.15 0.157009375 0.1833328125 0.1345796875 0.26333281249999996 0.14205625 0.355 0.130840625 0.39 0.11027968749999999 0.3866671875 0.102803125 0.42000000000000004 0.061682812499999996 0.48 0.044859375 0.5366671875 0.041121875 0.5900000000000001 0.050467187499999996 0.7366671874999999 0.05420625 0.7766671875 0.074765625 0.85 0.08224375 0.9966671874999999 0.3102796875 0.9933328124999999 0.2953265625 0.8666671875 0.299065625 0.7866671875 0.2766359375 0.6733328125 0.2785046875 0.6333328125000001
3 0.30467343750000003 0.3633328125 0.29719687499999997 0.33999999999999997 0.2785046875 0.3266671875 0.256075 0.34333281250000003 0.24672968750000002 0.41 0.22429843749999998 0.45999999999999996 0.271028125 0.5733328125 0.274765625 0.6566671875 0.28598124999999996 0.7033328125 0.28785 0.5566671875 0.302803125 0.4566671875 0.2953265625 0.4433328125 0.302803125 0.4266671875 0.30467343750000003 0.3633328125
3 0.416821875 0.89 0.4504671875 0.8766671875000001 0.4616828125 0.8400000000000001 0.4373828125 0.6966671875 0.4504671875 0.6566671875 0.4523359375 0.62 0.43364531250000005 0.5566671875 0.4 0.5 0.40373906249999997 0.4566671875 0.3925234375 0.43333281250000005 0.40373906249999997 0.36 0.37943906250000003 0.27999999999999997 0.34205625 0.2766671875 0.3214953125 0.3033328125 0.3158875 0.3566671875 0.325234375 0.37 0.325234375 0.39666718749999996 0.29345781249999997 0.5233328125 0.2915890625 0.7466671875 0.302803125 0.7866671875 0.30093437500000003 0.8866671875 0.31401875 0.9166671875000001 0.325234375 0.9166671875000001 0.3345796875 0.9366671875 0.3327109375 0.9566671875000001 0.35327031249999996 0.9933328124999999 0.416821875 0.9966671874999999 0.416821875 0.89
3 0.4523359375 0.4 0.43551406249999997 0.43 0.42616875 0.5233328125 0.442990625 0.5666671875 0.45794375 0.5466671875 0.4635515625 0.47666718750000003 0.4897203125 0.43 0.49906562499999996 0.3733328125 0.4934578125 0.3333328125 0.469159375 0.32 0.45420625000000003 0.35333281250000004 0.4523359375 0.4
0 0.40373906249999997 0.3466671875 0.388784375 0.2933328125 0.37196250000000003 0.27333281249999997 0.3364484375 0.2766671875 0.31775625 0.3166671875 0.31401875 0.3566671875 0.325234375 0.3633328125 0.40373906249999997 0.3466671875
0 0.41869218750000003 0.3466671875 0.414953125 0.39 0.45420625000000003 0.39 0.45420625000000003 0.3566671875 0.4467296875 0.33999999999999997 0.41869218750000003 0.3466671875
3 0.41308437500000006 0.3933328125 0.4205609375 0.4166671875 0.40747656250000003 0.4433328125 0.414953125 0.4733328125 0.4056078125 0.47666718750000003 0.4056078125 0.4933328125 0.42242968750000004 0.5366671875 0.4205609375 0.5033328125 0.45420625000000003 0.39 0.4467296875 0.33999999999999997 0.4280375 0.3366671875 0.41869218750000003 0.35 0.41308437500000006 0.3933328125
0 0.4841125 0.32 0.471028125 0.32 0.45794375 0.33999999999999997 0.45794375 0.3733328125 0.474765625 0.36 0.500934375 0.3633328125 0.4841125 0.32
3 0.6485984375 0.77 0.672896875 0.7033328125 0.6803734375 0.5866671875 0.669159375 0.5566671875 0.642990625 0.5333328125000001 0.6093453125 0.4733328125 0.6224296875 0.3766671875 0.6205609375 0.3266671875 0.611215625 0.3066671875 0.5906546875 0.28666718750000003 0.57383125 0.28666718750000003 0.54579375 0.32 0.5401875 0.35 0.54579375 0.4633328125 0.46542031250000004 0.5466671875 0.46542031250000004 0.6133328125 0.45794375 0.64 0.4672890625 0.6666671875 0.469159375 0.7166671874999999 0.45794375 0.75 0.46542031250000004 0.8066671875000001 0.4635515625 0.8666671875 0.45420625000000003 0.89 0.45607499999999995 0.9933328124999999 0.6336453125 0.9966671874999999 0.6467296874999999 0.8699999999999999 0.6485984375 0.77
2 0.54205625 0.3366671875 0.543925 0.40333281249999997 0.555140625 0.4366671875 0.59813125 0.4433328125 0.6093453125 0.43 0.6224296875 0.3833328125 0.6168218750000001 0.3133328125 0.59813125 0.29 0.5719624999999999 0.28666718750000003 0.557009375 0.3 0.54205625 0.3366671875
3 0.6523359375 0.9966671874999999 0.727103125 0.9966671874999999 0.7233640625 0.7833328125000001 0.730840625 0.6599999999999999 0.7158875 0.6033328124999999 0.7158875 0.5733328125 0.7514015625 0.49666718750000005 0.74579375 0.45 0.7383171875000001 0.43 0.700934375 0.4 0.6953265625 0.3733328125 0.7046734375 0.35 0.702803125 0.31 0.6841125 0.28666718750000003 0.669159375 0.29 0.656075 0.3166671875 0.6616828124999999 0.3866671875 0.6261687499999999 0.4166671875 0.614953125 0.4466671875 0.611215625 0.46666718749999997 0.6168218750000001 0.49000000000000005 0.669159375 0.5533328125 0.68224375 0.5833328125 0.6766359375000001 0.6966671875 0.65794375 0.7566671875 0.6523359375 0.8699999999999999 0.641121875 0.9233328125 0.6485984375 0.9800000000000001 0.6523359375 0.9966671874999999
2 0.699065625 0.3633328125 0.7046734375 0.32 0.6953265625 0.29 0.672896875 0.28666718750000003 0.6598124999999999 0.3033328125 0.65794375 0.34333281250000003 0.6672890625 0.37 0.699065625 0.3633328125
3 0.45981249999999996 0.5233328125 0.46542031250000004 0.5333328125000001 0.5383171875 0.4733328125 0.5476640625 0.43333281250000005 0.5364484375 0.40666718749999997 0.54205625 0.31 0.51215 0.32 0.49719687500000004 0.41 0.4635515625 0.48333281250000004 0.45981249999999996 0.5233328125
0 0.5084109375 0.3333328125 0.5046734374999999 0.3633328125 0.5364484375 0.3633328125 0.54579375 0.3166671875 0.528971875 0.3066671875 0.5084109375 0.3333328125
3 0.8990656250000001 0.6599999999999999 0.9233640624999999 0.5466671875 0.9158875 0.45 0.872896875 0.37 0.8654203125000001 0.3366671875 0.872896875 0.3066671875 0.8710281249999999 0.25 0.8598125 0.21333281249999997 0.8168218749999999 0.1966671875 0.7906546875 0.23666718750000001 0.785046875 0.3066671875 0.7925234375 0.4 0.7663546875 0.44000000000000006 0.7607484375 0.49000000000000005 0.7196265625 0.5666671875 0.7214953125 0.6233328124999999 0.7532703125 0.6900000000000001 0.74579375 0.7433328125 0.7719625 0.99 0.8373828124999999 0.9966671874999999 0.842990625 0.9466671874999999 0.8635515625 0.96 0.88785 0.8733328124999999 0.8953265625 0.82 0.8990656250000001 0.6599999999999999
0 0.788784375 0.2966671875 0.8635515625 0.31 0.872896875 0.3 0.8654203125000001 0.22333281249999998 0.8504671874999999 0.20333281250000002 0.8168218749999999 0.1966671875 0.786915625 0.2466671875 0.783178125 0.2766671875 0.788784375 0.2966671875
3 0.9401875000000001 0.3466671875 0.9327109374999999 0.3133328125 0.9364484375 0.27333281249999997 0.9121499999999999 0.2166671875 0.8766359375 0.22333281249999998 0.8710281249999999 0.2433328125 0.874765625 0.31 0.869159375 0.3366671875 0.874765625 0.37 0.9158875 0.4433328125 0.927103125 0.5433328125 0.9626171875 0.48 0.9532703124999999 0.42000000000000004 0.9214953124999999 0.37 0.9233640624999999 0.33999999999999997 0.9401875000000001 0.3466671875
0 0.872896875 0.27 0.9121499999999999 0.28666718750000003 0.9233640624999999 0.3033328125 0.9233640624999999 0.32 0.9345796875 0.3033328125 0.9364484375 0.27 0.927103125 0.2333328125 0.9065421875 0.21333281249999997 0.874765625 0.22333281249999998 0.872896875 0.27
3 0.874765625 0.95 0.8598125 0.9800000000000001 0.8616828125 0.9966671874999999 0.9121499999999999 0.9933328124999999 0.9757015625 0.6900000000000001 0.9981312499999999 0.6566671875 0.9981312499999999 0.1533328125 0.9607484375 0.1933328125 0.9532703124999999 0.2566671875 0.9401875000000001 0.29 0.94579375 0.3166671875 0.9439249999999999 0.39 0.9626171875 0.43333281250000005 0.9794390625 0.4433328125 0.9794390625 0.45999999999999996 0.927103125 0.55 0.9084109375 0.6233328124999999 0.8990656250000001 0.6766671875 0.8953265625 0.8566671875 0.874765625 0.95
2 0.9570093749999999 0.2 0.955140625 0.22999999999999998 0.9719625000000001 0.27333281249999997 0.9981312499999999 0.2766671875 0.9981312499999999 0.15 0.9570093749999999 0.2