0 0.33379375 0.3118984375 0.3709796875 0.34863125 0.374290625 0.32791562500000004 0.3709796875 0.29891875 0.35498124999999997 0.2889765625 0.33379375 0.3118984375
0 0.4134578125 0.2508625 0.40352812499999996 0.2458890625 0.3952546875 0.2566609375 0.380909375 0.28483125 0.405184375 0.2856609375 0.4244921875 0.28483125 0.4134578125 0.2508625
0 0.646875 0.29609375 0.66015625 0.29609375 0.66015625 0.2828125 0.646875 0.2828125 0.646875 0.29609375
0 0.6265625 0.30703125 0.63515625 0.30703125 0.63515625 0.2953125 0.6265625 0.2953125 0.6265625 0.30703125
0 0.6609375 0.88359375 0.6703125 0.88359375 0.6703125 0.8734375 0.6609375 0.8734375 0.6609375 0.88359375
3 0.2948515625 0.5996875 0.305334375 0.562403125 0.307540625 0.5218015625 0.318021875 0.504403125 0.3285046875 0.533403125 0.3362265625 0.5640578125 0.34725937500000004 0.5897453125000001 0.35167187499999997 0.6137718750000001 0.3853234375 0.598859375 0.38311875 0.57814375 0.36877343749999997 0.5723453125 0.36160156250000003 0.5325734375 0.35167187499999997 0.504403125 0.3489140625 0.4604859375 0.35884375 0.43563124999999997 0.367671875 0.42485937500000004 0.3527765625 0.39668749999999997 0.35167187499999997 0.3759734375 0.3560859375 0.361059375 0.3671203125 0.34614687499999997 0.3726359375 0.3121734375 0.3593953125 0.29974531249999997 0.34615625 0.3080328125 0.3365515625 0.32121875 0.31691875 0.3362046875 0.3009203125 0.359403125 0.284921875 0.3991734375 0.28216406250000003 0.4389453125 0.27609531249999997 0.509371875 0.2705796875 0.5930578125 0.2749921875 0.6162578125 0.2733375 0.6336578125 0.29595625000000003 0.6436 0.2948515625 0.5996875
3 0.4118046875 0.59554375 0.4261453125 0.56654375 0.42559531249999993 0.5276 0.43442187499999996 0.49031562500000003 0.438284375 0.5408593749999999 0.43055937499999997 0.5532890625 0.4261453125 0.5806312499999999 0.46641875 0.57814375 0.46365937500000004 0.545 0.457040625 0.48700312500000004 0.465865625 0.458003125 0.46421250000000003 0.3875734375 0.4581421875 0.349459375 0.4426953125 0.31548906250000003 0.4189765625 0.2790328125 0.41125156250000006 0.2599765625 0.39966875 0.2599765625 0.384771875 0.2922890625 0.388634375 0.30223125 0.4024265625 0.32626093749999996 0.38973749999999996 0.342003125 0.36546406249999996 0.3842609375 0.374290625 0.41408750000000005 0.397459375 0.388403125 0.4184234375 0.40663125000000006 0.40849375 0.42983125 0.402978125 0.5010875 0.40187343750000004 0.5541171874999999 0.3858765625 0.567371875 0.3935984375 0.5996875 0.4118046875 0.59554375
3 0.6418437499999999 0.3287453125 0.640190625 0.29643281250000003 0.6291562500000001 0.2922890625 0.6241375 0.30879218750000004 0.6148140625 0.3328890625 0.6186765624999999 0.35691562499999996 0.623640625 0.363546875 0.6258453125 0.393375 0.6385359375 0.3875734375 0.63301875 0.35774531249999997 0.6440515625 0.3867453125 0.64956875 0.3792890625 0.64956875 0.34366093750000004 0.6418437499999999 0.3287453125
3 0.66225625 0.37266093749999996 0.6617046875 0.34366093750000004 0.67494375 0.33785937499999996 0.6727375 0.29891875 0.6594984375 0.276546875 0.64129375 0.2889765625 0.6572921875 0.303059375 0.6440515625 0.294775 0.6446046875 0.31880156249999997 0.6534296875 0.3212890625 0.6512234375 0.332059375 0.6484640625 0.378459375 0.6606015625 0.3917171875 0.66225625 0.37266093749999996
3 0.6556359375 0.921171875 0.6572921875 0.9642546875000001 0.669428125 0.940228125 0.67494375 0.9145406250000001 0.6760484375 0.8896843750000001 0.6668953125 0.8659015625 0.66225625 0.8963125 0.6556359375 0.921171875
3 0.652878125 0.9228265625000001 0.66225625 0.8979703125 0.6517234375000001 0.871078125 0.64129375 0.893 0.6423953124999999 0.928628125 0.6473625000000001 0.9302859375000001 0.652878125 0.9228265625000001
0 0.654 0.8918921875000001 0.6559999999999999 0.8768765625 0.65 0.8738734375 0.646 0.8888890625 0.654 0.8918921875000001