0 0.044 0.49382656249999995 0.04 0.46604999999999996 0.02 0.46913593750000004 0.018 0.4969140625 0.044 0.49382656249999995
3 0.066 0.543209375 0.044 0.5123453125 0.038 0.46604999999999996 0.024 0.46604999999999996 0.018 0.48148125 0.022 0.5154328125000001 0.002 0.5709875 0.014000000000000002 0.598765625 0.03 0.722221875 0.022 0.759259375 0.057999999999999996 0.759259375 0.064 0.7561734375 0.06 0.5925921875 0.068 0.5740734375 0.066 0.543209375
3 0.16599999999999998 0.546296875 0.144 0.5123453125 0.13799999999999998 0.46913593750000004 0.124 0.46604999999999996 0.11399999999999999 0.48148125 0.122 0.5246906250000001 0.10800000000000001 0.55555625 0.10800000000000001 0.5771609375 0.118 0.58950625 0.13 0.706790625 0.12 0.75 0.144 0.7623453125 0.156 0.75 0.146 0.669753125 0.16599999999999998 0.546296875
0 0.144 0.4845671875 0.134 0.4629625 0.11599999999999999 0.47222187499999996 0.11599999999999999 0.48765468749999996 0.144 0.4845671875
3 0.198 0.9814812500000001 0.178 0.9969140624999999 0.262 0.9969140624999999 0.254 0.9043203125 0.252 0.5216046875 0.21800000000000003 0.46913593750000004 0.22799999999999998 0.4413578125 0.22799999999999998 0.4043203125 0.22000000000000003 0.382715625 0.194 0.37654375 0.172 0.4166671875 0.176 0.4629625 0.188 0.48148125 0.186 0.5154328125000001 0.172 0.5370375000000001 0.156 0.6296296875 0.172 0.706790625 0.184 0.83950625 0.2 0.8765437500000001 0.20600000000000002 0.953703125 0.198 0.9814812500000001
0 0.16799999999999998 0.41357968749999996 0.174 0.4320984375 0.196 0.4166671875 0.21200000000000002 0.42283906250000003 0.22599999999999998 0.44753125000000005 0.23199999999999998 0.4413578125 0.22400000000000003 0.38580312499999997 0.2 0.37345625 0.18 0.391975 0.16799999999999998 0.41357968749999996
3 0.288 0.4845671875 0.29 0.453703125 0.282 0.4351859375 0.262 0.4629625 0.258 0.58950625 0.282 0.6820984375 0.27999999999999997 0.7098765625000001 0.268 0.722221875 0.288 0.7314812500000001 0.302 0.7253093749999999 0.304 0.7098765625000001 0.296 0.62654375 0.306 0.527778125 0.288 0.4845671875
0 0.266 0.44753125000000005 0.262 0.47222187499999996 0.292 0.475309375 0.29 0.4351859375 0.27999999999999997 0.4320984375 0.266 0.44753125000000005
3 0.32999999999999996 0.4629625 0.318 0.46913593750000004 0.31 0.5030859375000001 0.32 0.6296296875 0.33399999999999996 0.632715625 0.344 0.5030859375000001 0.32999999999999996 0.4629625
0 0.33599999999999997 0.4783953125 0.32799999999999996 0.45987656250000003 0.32 0.4629625 0.318 0.4783953125 0.33599999999999997 0.4783953125
3 0.434 0.5833328125 0.442 0.527778125 0.438 0.5030859375000001 0.404 0.48148125 0.38 0.44444375 0.348 0.4351859375 0.358 0.49074062500000004 0.346 0.527778125 0.33799999999999997 0.6111109375 0.33199999999999996 0.7808640625 0.346 0.8148140625 0.33199999999999996 0.9969140624999999 0.458 0.9969140624999999 0.45599999999999996 0.8765437500000001 0.434 0.8765437500000001 0.414 0.8209875 0.422 0.7746906250000001 0.396 0.7314812500000001 0.434 0.5833328125
3 0.462 0.8425921875 0.466 0.9969140624999999 0.584 0.9969140624999999 0.6 0.8194437499999999 0.5980000000000001 0.793209375 0.584 0.777778125 0.5660000000000001 0.7253093749999999 0.5780000000000001 0.6882718750000001 0.602 0.6728390625 0.608 0.6450625 0.58 0.43827187500000003 0.58 0.36419687500000003 0.596 0.3148140625 0.5860000000000001 0.2716046875 0.6 0.25308593749999997 0.5740000000000001 0.2098765625 0.534 0.1851859375 0.502 0.2098765625 0.49000000000000005 0.27469062499999997 0.502 0.3148140625 0.496 0.37654375 0.508 0.37654375 0.52 0.40123437500000003 0.52 0.5648140625 0.472 0.7746906250000001 0.458 0.7993828125 0.458 0.8240734375000001 0.46799999999999997 0.8271609375000001 0.462 0.8425921875
0 0.58 0.27469062499999997 0.602 0.25925937499999996 0.55 0.1851859375 0.512 0.19444375 0.492 0.2376546875 0.49400000000000005 0.2993828125 0.532 0.2654328125 0.58 0.27469062499999997
3 0.654 0.8487656250000001 0.6519999999999999 0.9197531250000001 0.6679999999999999 0.9969140624999999 0.688 0.9969140624999999 0.688 0.8611109375 0.654 0.8487656250000001
3 0.706 0.8734562499999999 0.718 0.9969140624999999 0.744 0.9969140624999999 0.742 0.8703703125000001 0.76 0.8549374999999999 0.754 0.6574078125 0.774 0.5648140625 0.774 0.5216046875 0.746 0.48765468749999996 0.766 0.4413578125 0.766 0.391975 0.754 0.367284375 0.732 0.358025 0.712 0.3796296875 0.702 0.40740781249999997 0.7 0.4783953125 0.666 0.5246906250000001 0.6639999999999999 0.5617281249999999 0.64 0.632715625 0.642 0.651234375 0.646 0.6666671875 0.6559999999999999 0.66049375 0.6639999999999999 0.6728390625 0.6599999999999999 0.7006171875 0.6980000000000001 0.7283953125 0.696 0.8549374999999999 0.706 0.8734562499999999
0 0.704 0.4413578125 0.72 0.419753125 0.738 0.4166671875 0.752 0.46604999999999996 0.766 0.45061718749999996 0.768 0.3981484375 0.75 0.3611109375 0.72 0.36419687500000003 0.704 0.3981484375 0.704 0.4413578125
3 0.968 0.8086421874999999 0.9720000000000001 0.7129624999999999 0.9480000000000001 0.475309375 0.8800000000000001 0.419753125 0.906 0.36419687500000003 0.9 0.3179015625 0.876 0.28395000000000004 0.852 0.277778125 0.8400000000000001 0.2870375 0.8160000000000001 0.3364203125 0.8320000000000001 0.4320984375 0.798 0.456790625 0.784 0.48148125 0.774 0.6543203125 0.774 0.793209375 0.8039999999999999 0.8410500000000001 0.8220000000000001 0.9969140624999999 0.8800000000000001 0.9876546875000001 0.882 0.9969140624999999 0.93 0.9969140624999999 0.924 0.953703125 0.93 0.8364203124999999 0.954 0.8364203124999999 0.968 0.8086421874999999
0 0.9 0.3148140625 0.8779999999999999 0.28086406249999996 0.844 0.277778125 0.8160000000000001 0.330246875 0.8140000000000001 0.3456796875 0.8220000000000001 0.3549375 0.836 0.330246875 0.868 0.3333328125 0.8859999999999999 0.348765625 0.8880000000000001 0.37654375 0.8779999999999999 0.391975 0.8939999999999999 0.391975 0.906 0.37654375 0.9 0.3148140625