3 0 0.6357140625000001 0.14250000000000002 0.6392859375 0.1375 0.5928578124999999 0.15 0.5678578125 0.145 0.5321421875000001 0.13 0.5142859375 0.11750000000000001 0.5142859375 0.0925 0.43928593749999995 0.0725 0.3428578125 0.09 0.296428125 0.0875 0.2607140625 0.0975 0.2428578125 0.0925 0.1892859375 0.075 0.146428125 0.0625 0.1392859375 0.03 0.1357140625 0.005 0.1571421875 0 0.1678578125 0 0.6357140625000001
0 0 0.228571875 0.01 0.23214218749999999 0.015 0.246428125 0.0125 0.25 0.017499999999999998 0.2607140625 0.03 0.2607140625 0.06 0.246428125 0.0625 0.25 0.0875 0.25 0.0975 0.2428578125 0.095 0.2357140625 0.095 0.203571875 0.0925 0.2 0.09 0.178571875 0.075 0.146428125 0.052500000000000005 0.1357140625 0.03 0.1357140625 0.015 0.14285781250000001 0.005 0.1571421875 0 0.1678578125 0 0.228571875
3 0.27999999999999997 0.975 0.335 0.9464281250000001 0.32999999999999996 0.9285718749999999 0.3075 0.9142859375000001 0.3175 0.725 0.3375 0.5821421875 0.335 0.3107140625 0.315 0.2607140625 0.3175 0.153571875 0.3 0.128571875 0.28250000000000003 0.125 0.2625 0.14285781250000001 0.2525 0.1821421875 0.2525 0.2607140625 0.2125 0.2892859375 0.1875 0.3428578125 0.18 0.46428593749999997 0.205 0.6107140625 0.2225 0.6392859375 0.2525 0.6428578125 0.27 0.665178125 0.2725 0.8964281250000001 0.255 0.9392859375 0.23500000000000001 0.95 0.255 0.975 0.27999999999999997 0.975
0 0.3175 0.153571875 0.315 0.146428125 0.3025 0.128571875 0.2975 0.125 0.27749999999999997 0.125 0.2725 0.128571875 0.2575 0.15 0.255 0.1607140625 0.2525 0.1928578125 0.2575 0.196428125 0.265 0.196428125 0.26749999999999996 0.1928578125 0.275 0.196428125 0.315 0.1928578125 0.32 0.1892859375 0.32 0.1678578125 0.3175 0.1642859375 0.3175 0.153571875
3 0.4175 0.8714281250000001 0.425 0.8607140624999999 0.40750000000000003 0.828571875 0.4175 0.75 0.41500000000000004 0.675 0.4225 0.603571875 0.445 0.5678578125 0.44749999999999995 0.4607140625 0.4375 0.325 0.40499999999999997 0.2642859375 0.4175 0.2107140625 0.40750000000000003 0.1607140625 0.375 0.153571875 0.365 0.1642859375 0.355 0.2607140625 0.3275 0.2892859375 0.335 0.6357140625000001 0.3175 0.7678578125 0.32 0.8464281250000001 0.33999999999999997 0.8821421875000001 0.3625 0.8785718749999999 0.35750000000000004 0.8535718749999999 0.3669953125 0.6618 0.3736609375 0.7609843749999999 0.37866093749999996 0.8601703125 0.4175 0.8714281250000001
0 0.4125 0.1642859375 0.40499999999999997 0.153571875 0.39 0.153571875 0.3875 0.15 0.3775 0.15 0.37 0.153571875 0.3625 0.1642859375 0.36 0.175 0.36 0.1892859375 0.35750000000000004 0.1928578125 0.36 0.2178578125 0.37 0.2107140625 0.395 0.2107140625 0.4 0.2178578125 0.41 0.2178578125 0.4175 0.2107140625 0.4175 0.1821421875 0.4125 0.1642859375
3 0.5725 0.6607140625000001 0.5675 0.5071421875000001 0.5825 0.375 0.58 0.3142859375 0.5625 0.2428578125 0.5725 0.1928578125 0.5675 0.171428125 0.54 0.1642859375 0.5275000000000001 0.178571875 0.515 0.2142859375 0.525 0.271428125 0.47750000000000004 0.3321421875 0.465 0.3892859375 0.45999999999999996 0.45 0.48 0.5607140625 0.485 0.7607140625000001 0.5025000000000001 0.7857140625000001 0.5125 0.7857140625000001 0.5175 0.753571875 0.55 0.7678578125 0.5575 0.825 0.5650000000000001 0.825 0.5725 0.6607140625000001
0 0.5625 0.2107140625 0.5675 0.2071421875 0.5675 0.203571875 0.575 0.1928578125 0.575 0.1821421875 0.5725 0.175 0.55 0.1607140625 0.5425 0.1607140625 0.5275000000000001 0.175 0.5175 0.203571875 0.51 0.2107140625 0.51 0.2142859375 0.515 0.221428125 0.52 0.221428125 0.5349999999999999 0.2107140625 0.545 0.2107140625 0.5475 0.2142859375 0.55 0.2107140625 0.5625 0.2107140625
3 0.5599999999999999 0.9892859375 0.6799999999999999 0.9964281250000001 0.675 0.703571875 0.6775 0.6678578125 0.6925 0.65 0.6925 0.6178578124999999 0.705 0.5928578124999999 0.7075 0.46785781249999997 0.6775 0.3428578125 0.6375 0.278571875 0.655 0.225 0.645 0.1642859375 0.625 0.14285781250000001 0.6 0.14285781250000001 0.5825 0.171428125 0.5700000000000001 0.2357140625 0.5925 0.3392859375 0.5725 0.5071421875000001 0.5775 0.7892859375 0.6599999999999999 0.7928578125 0.6675 0.8035718749999999 0.6675 0.8607140624999999 0.6525000000000001 0.921428125 0.6025 0.9357140625 0.5875 0.9714281250000001 0.5599999999999999 0.9892859375
0 0.65 0.221428125 0.655 0.2142859375 0.655 0.203571875 0.65 0.1892859375 0.6475 0.1678578125 0.6325000000000001 0.146428125 0.6275000000000001 0.14285781250000001 0.62 0.14285781250000001 0.6174999999999999 0.1392859375 0.6025 0.1392859375 0.5825 0.1678578125 0.58 0.175 0.58 0.1892859375 0.5775 0.1928578125 0.5775 0.2 0.5825 0.203571875 0.605 0.203571875 0.6075 0.2071421875 0.6174999999999999 0.2107140625 0.6425 0.2142859375 0.6475 0.221428125 0.65 0.221428125
3 0.7675 0.325 0.7575000000000001 0.2446421875 0.7725 0.1892859375 0.7625 0.178571875 0.735 0.1928578125 0.7224999999999999 0.25 0.7325 0.303571875 0.7025 0.3392859375 0.6925 0.378571875 0.7125 0.5071421875000001 0.705 0.621428125 0.6900000000000001 0.6678578125 0.7 0.7821421875000001 0.6849999999999999 0.8392859375 0.7275 0.85 0.74 0.7642859375 0.745 0.3821421875 0.75 0.346428125 0.7675 0.325
0 0.7575000000000001 0.178571875 0.7525000000000001 0.175 0.745 0.178571875 0.73 0.2 0.7275 0.2107140625 0.725 0.2107140625 0.7224999999999999 0.225 0.7275 0.228571875 0.75 0.228571875 0.7525000000000001 0.225 0.76 0.225 0.76 0.221428125 0.765 0.2178578125 0.7725 0.1892859375 0.765 0.178571875 0.7575000000000001 0.178571875
3 0.8074999999999999 0.453571875 0.835 0.3892859375 0.8519359375000001 0.3442421875 0.8436046875000001 0.3300734375 0.8150000000000001 0.2892859375 0.8275 0.253571875 0.8324999999999999 0.25 0.8324999999999999 0.2178578125 0.8275 0.196428125 0.8 0.171428125 0.7825 0.1821421875 0.77 0.2071421875 0.77 0.221428125 0.7625 0.2357140625 0.77 0.3 0.74695 0.35591093749999997 0.7427828125 0.41008750000000005 0.74695 0.462596875 0.74695 0.55928125 0.75528125 0.5659500000000001 0.7825 0.471428125 0.8074999999999999 0.453571875
0 0.825 0.25 0.8275 0.25 0.835 0.2357140625 0.8324999999999999 0.228571875 0.8324999999999999 0.2107140625 0.8275 0.1928578125 0.8099999999999999 0.175 0.795 0.171428125 0.7849999999999999 0.1821421875 0.7825 0.1821421875 0.7725 0.196428125 0.77 0.203571875 0.77 0.221428125 0.775 0.225 0.7825 0.228571875 0.795 0.228571875 0.805 0.2392859375 0.805 0.2428578125 0.8125 0.246428125 0.8225 0.246428125 0.825 0.25
3 0.8225 0.7928578125 0.8400000000000001 0.8142859375 0.8425 0.8535718749999999 0.8975 0.8678578124999999 0.9099999999999999 0.8571421875 0.9125 0.8 0.9475 0.703571875 0.97 0.5107140625000001 0.97 0.40714218750000003 0.9400000000000001 0.2678578125 0.9574999999999999 0.1821421875 0.95 0.146428125 0.9324999999999999 0.121428125 0.8875 0.1107140625 0.86 0.1392859375 0.8400000000000001 0.196428125 0.8425 0.2678578125 0.8574999999999999 0.3107140625 0.8525 0.3428578125 0.8400000000000001 0.396428125 0.7849999999999999 0.5107140625000001 0.8 0.6 0.7925 0.6178578124999999 0.7975 0.778571875 0.8074999999999999 0.8 0.8225 0.7928578125
0 0.9349999999999999 0.2107140625 0.95 0.2107140625 0.9574999999999999 0.2 0.9550000000000001 0.1607140625 0.9475 0.1392859375 0.93 0.1178578125 0.9125 0.1071421875 0.8875 0.1071421875 0.8775000000000001 0.1142859375 0.8574999999999999 0.14285781250000001 0.8525 0.1607140625 0.85 0.1857140625 0.86 0.1928578125 0.8675 0.1928578125 0.8699999999999999 0.196428125 0.8825 0.196428125 0.885 0.1928578125 0.9175000000000001 0.196428125 0.9199999999999999 0.203571875 0.9275 0.203571875 0.9349999999999999 0.2107140625