3 0.3 0.8400000000000001 0.304 0.8266671875 0.286 0.8053328125 0.27999999999999997 0.7653328125 0.27799999999999997 0.6186671875 0.284 0.592 0.274 0.48 0.27999999999999997 0.40266718749999997 0.268 0.368 0.22400000000000003 0.3226671875 0.22999999999999998 0.2666671875 0.20800000000000002 0.2346671875 0.184 0.22933281249999998 0.16999999999999998 0.2426671875 0.16399999999999998 0.2853328125 0.174 0.32 0.156 0.352 0.134 0.3653328125 0.122 0.4 0.12 0.4586671875 0.148 0.5066671875 0.156 0.6133328125 0.176 0.6453328125 0.202 0.7946671875 0.21200000000000002 0.8053328125 0.22599999999999998 0.7973328125 0.246 0.8053328125 0.25 0.8266671875 0.3 0.8400000000000001
3 0.312 0.5653328125 0.31 0.488 0.316 0.46666718749999997 0.31 0.42933281250000005 0.288 0.3653328125 0.272 0.352 0.274 0.3146671875 0.266 0.2933328125 0.25 0.2853328125 0.238 0.296 0.236 0.3306671875 0.27999999999999997 0.3866671875 0.284 0.4586671875 0.27799999999999997 0.4933328125 0.314 0.6773328125 0.318 0.6853328125 0.34199999999999997 0.6826671875 0.35 0.6719999999999999 0.33199999999999996 0.6506671875000001 0.312 0.5653328125
3 0.454 0.5706671875 0.48200000000000004 0.6906671875 0.49800000000000005 0.696 0.506 0.6799999999999999 0.48200000000000004 0.5706671875 0.484 0.5226671875 0.472 0.4346671875 0.476 0.368 0.45999999999999996 0.34933281250000003 0.462 0.3066671875 0.454 0.288 0.43200000000000005 0.296 0.42800000000000005 0.3413328125 0.394 0.36 0.384 0.39466718749999996 0.38 0.4346671875 0.396 0.472 0.398 0.528 0.41 0.5466671875 0.414 0.6906671875 0.426 0.688 0.43200000000000005 0.6613328125 0.43200000000000005 0.5973328125 0.44000000000000006 0.5653328125 0.454 0.5706671875
3 0.6900000000000001 0.8880000000000001 0.686 0.8613328125 0.692 0.8506671875 0.658 0.7493328125 0.658 0.712 0.644 0.6533328125 0.6559999999999999 0.4773328125 0.646 0.43733281249999995 0.654 0.42933281250000005 0.6559999999999999 0.3893328125 0.64 0.33599999999999997 0.6559999999999999 0.312 0.6599999999999999 0.2506671875 0.63 0.20533281250000002 0.602 0.21333281249999997 0.588 0.2346671875 0.596 0.3146671875 0.562 0.36 0.542 0.4693328125 0.5559999999999999 0.584 0.5820000000000001 0.6186671875 0.588 0.6426671875000001 0.546 0.8053328125 0.6 0.8240000000000001 0.61 0.8160000000000001 0.606 0.8053328125 0.63 0.7893328125 0.6639999999999999 0.8826671875000001 0.6900000000000001 0.8880000000000001
3 0.534 0.272 0.522 0.26933281249999996 0.512 0.28266718750000003 0.514 0.3306671875 0.49400000000000005 0.3653328125 0.496 0.4106671875 0.532 0.5946671875 0.548 0.6053328125 0.538 0.4693328125 0.5599999999999999 0.34933281250000003 0.54 0.32 0.542 0.2906671875 0.534 0.272
3 0.748 0.6293328125000001 0.757 0.6173328125 0.778 0.616 0.796 0.6826671875 0.8160000000000001 0.8133328125 0.8619999999999999 0.8426671875 0.8859999999999999 0.8453328125 0.8859999999999999 0.8213328125 0.8619999999999999 0.8 0.844 0.7386671875 0.828 0.5546671875 0.844 0.5306671875 0.8640000000000001 0.5386671875 0.8619999999999999 0.4853328125 0.842 0.42400000000000004 0.8240000000000001 0.3253328125 0.808 0.3013328125 0.8119999999999999 0.288 0.792 0.27733281249999997 0.798 0.23199999999999998 0.79 0.2 0.776 0.184 0.758 0.184 0.738 0.20266718749999998 0.734 0.2933328125 0.6980000000000001 0.32799999999999996 0.6900000000000001 0.3466671875 0.686 0.41333281250000004 0.6900000000000001 0.5466671875 0.704 0.5733328125 0.706 0.5973328125 0.6759999999999999 0.7546671875000001 0.6900000000000001 0.7893328125 0.7 0.8 0.72 0.7946671875 0.71 0.7733328125 0.712 0.7146671875 0.748 0.6293328125000001
3 0.678 0.40266718749999997 0.6839999999999999 0.3466671875 0.702 0.312 0.73 0.2933328125 0.732 0.2426671875 0.706 0.2373328125 0.6940000000000001 0.2586671875 0.696 0.2933328125 0.682 0.312 0.654 0.3226671875 0.648 0.3386671875 0.6599999999999999 0.39466718749999996 0.67 0.5173328125000001 0.65 0.5946671875 0.6599999999999999 0.6373328125 0.65 0.6613328125 0.6599999999999999 0.6746671875 0.686 0.6533328125 0.6900000000000001 0.5573328125 0.678 0.40266718749999997
0 0.20800000000000002 0.23199999999999998 0.18 0.22933281249999998 0.16999999999999998 0.2426671875 0.16599999999999998 0.2853328125 0.188 0.2586671875 0.22999999999999998 0.2746671875 0.20800000000000002 0.23199999999999998
0 0.236 0.3013328125 0.236 0.32 0.27599999999999997 0.32 0.26 0.2853328125 0.246 0.2853328125 0.236 0.3013328125
2 0.42800000000000005 0.32799999999999996 0.44000000000000006 0.3173328125 0.438 0.3066671875 0.44400000000000006 0.2986671875 0.45999999999999996 0.2986671875 0.45999999999999996 0.2933328125 0.454 0.2853328125 0.44000000000000006 0.2853328125 0.43 0.296 0.42800000000000005 0.32799999999999996
0 0.544 0.296 0.542 0.2906671875 0.542 0.28266718750000003 0.534 0.26933281249999996 0.53 0.26933281249999996 0.528 0.2666671875 0.526 0.26933281249999996 0.52 0.26933281249999996 0.512 0.27999999999999997 0.512 0.2933328125 0.514 0.296 0.518 0.2986671875 0.522 0.2986671875 0.524 0.296 0.53 0.296 0.532 0.2986671875 0.542 0.2986671875 0.544 0.296
0 0.642 0.256 0.644 0.2533328125 0.658 0.2533328125 0.6599999999999999 0.2506671875 0.658 0.2346671875 0.648 0.22400000000000003 0.644 0.21333281249999997 0.634 0.20533281250000002 0.628 0.20533281250000002 0.626 0.20266718749999998 0.622 0.20266718749999998 0.62 0.20533281250000002 0.612 0.20533281250000002 0.6 0.21333281249999997 0.5900000000000001 0.2266671875 0.588 0.23199999999999998 0.588 0.27733281249999997 0.5940000000000001 0.28266718750000003 0.6 0.27999999999999997 0.614 0.2666671875 0.618 0.2666671875 0.624 0.26133281249999996 0.628 0.26133281249999996 0.636 0.256 0.642 0.256
0 0.734 0.2453328125 0.73 0.2373328125 0.714 0.23199999999999998 0.7 0.2426671875 0.7 0.2453328125 0.696 0.2506671875 0.6940000000000001 0.256 0.6940000000000001 0.272 0.696 0.2746671875 0.702 0.2746671875 0.704 0.27733281249999997 0.714 0.27733281249999997 0.716 0.27999999999999997 0.728 0.28266718750000003 0.734 0.272 0.734 0.2453328125
0 0.78 0.184 0.752 0.184 0.738 0.2 0.738 0.2506671875 0.798 0.2346671875 0.798 0.21600000000000003 0.78 0.184