3 0.5528062499999999 0.0400203125 0.5403078125 0.052523437500000006 0.5411406249999999 0.0958640625 0.5375 0.22340468750000003 0.5725 0.2517734375 0.5775 0.17021250000000002 0.5875 0.145390625 0.5725 0.003546875 0.5653046875000001 0 0.5461406249999999 0.00668125 0.5528062499999999 0.0400203125
0 0.18 0.17021250000000002 0.18 0.24822656250000003 0.2425 0.2943265625 0.34500000000000003 0.3085109375 0.385 0.27659531249999997 0.355 0.145390625 0.325 0.0957453125 0.27749999999999997 0.056737499999999996 0.24500000000000002 0.056737499999999996 0.22000000000000003 0.07446875 0.18 0.17021250000000002
3 0 0.9984375 0.286109375 0.996453125 0.3253328125 0.9960281249999999 0.3161671875 0.9743578125000001 0.254509375 0.8843406249999999 0.29500000000000004 0.8049640625000001 0.4225 0.7482265625 0.48698125000000003 0.76181875 0.4944796875 0.73848125 0.48364843750000003 0.6818046875 0.47281562499999996 0.65013125 0.44281875 0.6226265625 0.4125 0.6418437499999999 0.3975 0.659575 0.36 0.6666671875 0.3225 0.659575 0.2925 0.6241140625 0.29500000000000004 0.4468078125 0.33999999999999997 0.343971875 0.34249999999999997 0.31205625000000003 0.3825 0.27659531249999997 0.3675 0.23758906249999998 0.355 0.1489359375 0.305 0.07801406250000001 0.2725 0.056737499999999996 0.2475 0.056737499999999996 0.20249999999999999 0.10638281249999999 0.18 0.17021250000000002 0.1825 0.3085109375 0.15277812500000001 0.3329390625 0.1430546875 0.354609375 0.1319453125 0.372340625 0.025 0.48069531249999997 0 0.626478125 0 0.8668234375000001 0 0.9984375
3 0.6775 0.10992968750000001 0.6275000000000001 0.0390078125 0.61 0.0461 0.6425 0.2624109375 0.64 0.30141874999999996 0.665 0.30141874999999996 0.6775 0.10992968750000001
0 0.5519734374999999 0.0225171875 0.5761359374999999 0.0233515625 0.5744703125 0.00418125 0.5611390625 0.0008468750000000001 0.5519734374999999 0.0025140625 0.5519734374999999 0.0225171875
0 0.6859375 0.0421875 0.7125 0.034375 0.70625 0.0140625 0.7 0.0109375 0.6859375 0.0171875 0.6859375 0.0421875
3 0.7375 0.246875 0.734375 0.0734375 0.703125 0.0125 0.6890625 0.015625 0.684375 0.0515625 0.6875 0.215625 0.696875 0.225 0.7015625 0.275 0.7234375 0.2828125 0.7296875 0.278125 0.7375 0.246875
0 0.61875 0.0375 0.609375 0.046875 0.6125 0.071875 0.621875 0.0640625 0.6359375 0.0640625 0.6359375 0.0515625 0.6265625 0.0390625 0.61875 0.0375
3 0.021875 0.1578125 0.0109375 0.1703125 0.0125 0.2015625 0.0546875 0.2 0.065625 0.18125 0.059375 0.1578125 0.0484375 0.1515625 0.021875 0.1578125
3 0.0984375 0.1265625 0.0859375 0.140625 0.0859375 0.1984375 0.0984375 0.2046875 0.115625 0.203125 0.1265625 0.1890625 0.1171875 0.153125 0.0984375 0.1265625
3 0.1546875 0.2015625 0.1609375 0.196875 0.1578125 0.16875 0.16875 0.1390625 0.165625 0.090625 0.1453125 0.0515625 0.1359375 0.05 0.1265625 0.0625 0.125 0.075 0.1359375 0.0953125 0.13125 0.1375 0.1375 0.1921875 0.140625 0.2 0.1546875 0.2015625
3 0.459375 0.0125 0.4546875 0.01875 0.4625 0.11875 0.4828125 0.128125 0.4890625 0.0984375 0.4875 0.059375 0.4671875 0.015625 0.459375 0.0125
3 0.4359375 0.0078125 0.4265625 0 0.4171875 0.0125 0.415625 0.0453125 0.43125 0.0515625 0.446875 0.078125 0.453125 0.06875 0.45 0.04375 0.4359375 0.0078125
3 0.3921875 0.0015625 0.365625 0 0.3625 0.0203125 0.375 0.071875 0.38125 0.0578125 0.4046875 0.05 0.4046875 0.040625 0.3921875 0.0015625
0 0.040625 0.1625 0.040625 0.18125 0.05625 0.1890625 0.0640625 0.18125 0.0609375 0.1640625 0.0515625 0.1578125 0.040625 0.1625
0 0.1078125 0.1421875 0.0984375 0.1234375 0.084375 0.1296875 0.0875 0.146875 0.1078125 0.1421875
0 0.3640625 0.0171875 0.36875 0.028125 0.396875 0.025 0.4 0.0046875 0.3671875 0 0.3640625 0.0171875
0 0.4203125 0.0234375 0.4375 0.0265625 0.4375 0.00625 0.4296875 0 0.421875 0.00625 0.4203125 0.0234375
0 0.45281874999999994 0.021684375 0.4578125 0.0328125 0.47364843749999996 0.0250171875 0.4644828125 0.012515624999999999 0.4561515625 0.016682812499999998 0.45281874999999994 0.021684375