3 0.7027875 0.7334796875 0.71861875 0.7109765625 0.728 0.6461125 0.758 0.5978546875 0.752 0.4852546875 0.734 0.4504015625 0.692 0.42091093749999997 0.7 0.380696875 0.692 0.34584375 0.648 0.3324390625 0.624 0.35924999999999996 0.618 0.388740625 0.6352953125 0.44259375 0.614465625 0.44259375 0.5978 0.45176249999999996 0.5878015624999999 0.5126062499999999 0.58696875 0.583453125 0.6019671875 0.6618 0.5878015624999999 0.74348125 0.6111328125 0.76181875 0.61863125 0.6951390625 0.6469609375 0.7193109375 0.6636265625 0.7018078125 0.65029375 0.66846875 0.6786234375 0.674303125 0.6794578125 0.7101421875 0.7027875 0.7334796875
3 0.584 0.434315625 0.5940000000000001 0.40214531249999996 0.588 0.3699734375 0.5700000000000001 0.35656875 0.55 0.35656875 0.53 0.378015625 0.534 0.4557640625 0.508 0.4825734375 0.49400000000000005 0.52815 0.47448281249999996 0.5909546875 0.496 0.65415625 0.512 0.680965625 0.5236421874999999 0.703475 0.5419734375 0.7068078125 0.5559999999999999 0.7158171875 0.5900000000000001 0.7345843750000001 0.6 0.6461125 0.588 0.595175 0.592 0.46648750000000005 0.584 0.434315625
3 0.256 0.563003125 0.270340625 0.5992890625 0.270340625 0.653465625 0.286171875 0.685971875 0.31 0.621984375 0.308 0.611259375 0.36 0.557640625 0.356 0.5120640625 0.364 0.47185 0.39 0.445040625 0.368 0.3994640625 0.3336671875 0.38258125 0.32999999999999996 0.321715625 0.318 0.30026875 0.288 0.30026875 0.274 0.316353125 0.2745078125 0.390915625 0.242 0.41823125 0.1978484375 0.51510625 0.1961828125 0.5351109375 0.21034687500000002 0.5942875 0.2476921875 0.6681796875 0.2653421875 0.6384609375 0.2445109375 0.61595625 0.227846875 0.5626140625 0.23367812500000001 0.5392765625 0.254509375 0.49593437500000004 0.256 0.563003125
3 0.4444859375 0.5117734375 0.43200000000000005 0.46916874999999997 0.42000000000000004 0.4557640625 0.388 0.45308281250000004 0.366 0.47453124999999996 0.36 0.495978125 0.362 0.5683640624999999 0.322 0.597621875 0.3095015625 0.6201265625 0.28533906249999996 0.6968062500000001 0.25700781250000004 0.7459828125 0.263675 0.7843234375 0.2876921875 0.7857296875 0.4053234375 0.7918234375 0.47800000000000004 0.7587125 0.492 0.7453078125 0.5636375 0.7509828125 0.5986343749999999 0.75515 0.601134375 0.741815625 0.55030625 0.7193109375 0.522 0.6997312499999999 0.508 0.683646875 0.46698281250000007 0.58011875 0.4344875 0.571784375 0.4369859375 0.5392781249999999 0.4444859375 0.5117734375
3 0.21400000000000002 0.5978546875 0.16799999999999998 0.5683640624999999 0.158 0.52546875 0.126 0.498659375 0.1 0.506703125 0.08399999999999999 0.52546875 0.08399999999999999 0.5710453125 0.064 0.6058984374999999 0.041999999999999996 0.6756031250000001 0.06 0.7828421875 0.10200000000000001 0.7855234375 0.154 0.7560328125 0.158 0.7694375 0.184 0.76675625 0.21600000000000003 0.7587125 0.23199999999999998 0.742628125 0.23199999999999998 0.6568359375 0.22400000000000003 0.6568359375 0.21400000000000002 0.5978546875
2 0.3003359375 0.3042359375 0.3186671875 0.310903125 0.33199999999999996 0.3431640625 0.322834375 0.299234375 0.298 0.2975875 0.27599999999999997 0.3136734375 0.274 0.3538875 0.28533906249999996 0.3175703125 0.3003359375 0.3042359375
2 0.3686609375 0.5459453125 0.3853265625 0.530109375 0.40865625000000005 0.5384453125 0.42615468749999996 0.50760625 0.438653125 0.527609375 0.44281875 0.5051046875 0.44000000000000006 0.48793593749999997 0.434 0.47185 0.42000000000000004 0.4557640625 0.392 0.4504015625 0.366 0.47453124999999996 0.36 0.5201078125 0.3686609375 0.5459453125
2 0.1546875 0.5203125 0.128125 0.5 0.1 0.5078125 0.08125 0.534375 0.08125 0.559375 0.0953125 0.584375 0.10625 0.58125 0.11875 0.5640625 0.1609375 0.5484375 0.1546875 0.5203125
3 0.861103125 0.47843125000000003 0.821875 0.73125 0.8125 0.7515625 0.80625 0.79375 0.86875 0.834375 0.890625 0.8375 0.909375 0.81875 0.9359375 0.81875 0.9421875 0.825 0.959375 0.8140625 0.953125 0.69375 0.98125 0.5734375 0.9796875 0.5296875 0.975 0.5046875 0.9546875 0.4671875 0.9390625 0.4640625 0.93125 0.45 0.9484375 0.4078125 0.946875 0.3765625 0.93125 0.3375 0.915625 0.328125 0.8828125 0.33125 0.8609375 0.353125 0.85 0.396875 0.8515625 0.434375 0.8578125 0.4390625 0.859375 0.4578125 0.863603125 0.47426406249999997 0.8852671875 0.47759843750000003 0.861103125 0.47843125000000003
3 0.80625 0.76875 0.8265625 0.7078125 0.840625 0.596875 0.89375 0.3171875 0.890625 0.275 0.875 0.2625 0.8234375 0.2671875 0.8125 0.2921875 0.8109375 0.3484375 0.8265625 0.4046875 0.809375 0.415625 0.8015625 0.4421875 0.8 0.5296875 0.809375 0.571875 0.79375 0.615625 0.803125 0.6609375 0.7921875 0.7109375 0.7921875 0.7640625 0.796875 0.7953125 0.8078125 0.8015625 0.80625 0.76875
2 0.684375 0.415625 0.69375 0.415625 0.7 0.375 0.6921875 0.3484375 0.6561265625 0.335075 0.6294640625000001 0.3442421875 0.616965625 0.37424843750000003 0.625 0.4015625 0.6296875 0.4109375 0.640625 0.4015625 0.6544609375 0.38925 0.6769578125 0.39341875000000004 0.684375 0.415625
2 0.9375 0.4375 0.9484375 0.409375 0.9484375 0.3828125 0.934375 0.340625 0.915625 0.3265625 0.8921875 0.325 0.8609375 0.35 0.859375 0.3578125 0.875 0.3765625 0.8875 0.4109375 0.9203125 0.446875 0.928125 0.4453125 0.9375 0.4375
2 0.8921875 0.2796875 0.8828125 0.2640625 0.840625 0.2609375 0.81875 0.275 0.8125 0.29375 0.81875 0.309375 0.8390625 0.2984375 0.8671875 0.3328125 0.8921875 0.321875 0.8921875 0.2796875
2 0.5890625 0.4234375 0.5953125 0.3921875 0.5890625 0.371875 0.578125 0.3609375 0.5515625 0.35625 0.5296875 0.3796875 0.5296875 0.4125 0.540625 0.4 0.55546875 0.396875 0.571875 0.4046875 0.5796875 0.4203125 0.5890625 0.4234375