0 0.4412421875 0.41333281250000004 0.44345937500000004 0.48 0.47006718750000004 0.4733328125 0.472284375 0.42000000000000004 0.461196875 0.40666718749999997 0.4412421875 0.41333281250000004
0 0.5299328125 0.40666718749999997 0.5232812499999999 0.3933328125 0.5033265625000001 0.4 0.5077609375 0.4633328125 0.5210640625 0.46666718749999997 0.5299328125 0.45333281249999996 0.5299328125 0.40666718749999997
0 0.634146875 0.3866671875 0.6164078125 0.3666671875 0.594234375 0.3866671875 0.5964515625 0.4433328125 0.614190625 0.45333281249999996 0.6319296875 0.4233328125 0.634146875 0.3866671875
0 0.7028828125000001 0.41 0.6984484375 0.4 0.6784921875000001 0.40666718749999997 0.676275 0.45333281249999996 0.6895781249999999 0.45999999999999996 0.7028828125000001 0.4466671875 0.7028828125000001 0.41
0 0.747228125 0.3933328125 0.7361421874999999 0.3566671875 0.718403125 0.3633328125 0.7095343749999999 0.4266671875 0.7272734375 0.45999999999999996 0.7427937499999999 0.4366671875 0.747228125 0.3933328125
0 0.81818125 0.4366671875 0.8381375 0.4166671875 0.824834375 0.40666718749999997 0.81818125 0.4366671875
0 0.8669625 0.3666671875 0.8580937499999999 0.35 0.8359203125000001 0.3633328125 0.8337031250000001 0.39 0.8558765625 0.44000000000000006 0.871396875 0.39666718749999996 0.8669625 0.3666671875
0 0.9534375 0.45 0.9379156249999999 0.4 0.9223953125 0.40666718749999997 0.920178125 0.43 0.9356984374999999 0.4233328125 0.9401328124999999 0.4433328125 0.9534375 0.45
0 0.957871875 0.4 0.9645234374999999 0.45999999999999996 0.9977828125 0.46666718749999997 0.986696875 0.40333281249999997 0.975609375 0.3933328125 0.957871875 0.4
3 0.472284375 0.4233328125 0.4589796875 0.40666718749999997 0.4368078125 0.4266671875 0.432371875 0.5066671875 0.43015468749999997 0.67 0.45454531249999997 0.7266671875 0.44345937500000004 0.76 0.4589796875 0.7633328125000001 0.4745015625 0.75 0.48337031250000007 0.7133328125 0.4745015625 0.668890625 0.48115312499999996 0.4933328125 0.46785 0.4566671875 0.472284375 0.4233328125
3 0.5720625 0.73 0.556540625 0.6533328125 0.5698453125 0.55 0.5676281249999999 0.5 0.556540625 0.46666718749999997 0.53215 0.4466671875 0.527715625 0.4 0.5099781250000001 0.3933328125 0.501109375 0.41 0.5077609375 0.4566671875 0.49002187499999994 0.5266671875 0.5077609375 0.6866671875 0.4966734375 0.7833328125000001 0.5077609375 0.7833328125000001 0.5254984375 0.77 0.527715625 0.75 0.556540625 0.7666671875 0.5698453125 0.76 0.5720625 0.73
3 0.5676281249999999 0.5 0.5676281249999999 0.46666718749999997 0.5587578125 0.45999999999999996 0.547671875 0.41333281250000004 0.53436875 0.4166671875 0.53436875 0.4466671875 0.5587578125 0.4733328125 0.5676281249999999 0.5
3 0.662971875 0.5033328125 0.6297125 0.4166671875 0.634146875 0.39 0.6208421875 0.37 0.6075390625 0.37 0.594234375 0.39 0.585365625 0.5266671875 0.5986703125 0.6599999999999999 0.5742796875 0.8300000000000001 0.5964515625 0.8266671875 0.6075390625 0.8 0.660753125 0.78 0.6452328125 0.72 0.6518843750000001 0.6566671875 0.643015625 0.6 0.660753125 0.5433328125 0.662971875 0.5033328125
3 0.680709375 0.40666718749999997 0.6696234375000001 0.46666718749999997 0.66740625 0.5900000000000001 0.6829265625 0.63 0.680709375 0.6900000000000001 0.6962312500000001 0.71 0.7051000000000001 0.6599999999999999 0.6940140625 0.6133328125 0.6940140625 0.4933328125 0.7073171874999999 0.45999999999999996 0.6962312500000001 0.4 0.680709375 0.40666718749999997
3 0.776053125 0.63 0.7804875 0.52 0.7694015624999999 0.47666718750000003 0.7427937499999999 0.4466671875 0.7405765625 0.3633328125 0.718403125 0.3633328125 0.7073171874999999 0.40333281249999997 0.7161859374999999 0.45333281249999996 0.7028828125000001 0.47666718750000003 0.6962312500000001 0.52 0.700665625 0.63 0.7250546875 0.77 0.7161859374999999 0.82 0.738359375 0.8400000000000001 0.758315625 0.74 0.758315625 0.65 0.776053125 0.63
3 0.8558765625 0.35 0.8359203125000001 0.3633328125 0.8337031250000001 0.3933328125 0.842571875 0.41333281250000004 0.8203984375 0.4733328125 0.824834375 0.8033328125000001 0.8492234375000001 0.7833328125000001 0.8824828124999999 0.7833328125000001 0.8891359375000001 0.76 0.8869171874999999 0.5866671875 0.9068734375 0.4866671875 0.9002218750000001 0.45333281249999996 0.8758312500000001 0.43 0.8647453125 0.36 0.8558765625 0.35
3 0.82926875 0.41 0.8159640625 0.4233328125 0.8048781249999999 0.47666718750000003 0.8048781249999999 0.58 0.824834375 0.6733328125 0.813746875 0.51 0.82926875 0.41
3 0.920178125 0.42000000000000004 0.9223953125 0.45 0.9113078124999999 0.47000000000000003 0.9135249999999999 0.6533328125 0.94235 0.6666671875 0.95121875 0.5366671875 0.9401328124999999 0.5033328125 0.9534375 0.4633328125 0.9401328124999999 0.4466671875 0.9356984374999999 0.40666718749999997 0.920178125 0.42000000000000004
3 0.9556546875 0.4166671875 0.9600890625 0.4633328125 0.9445671875 0.5133328125000001 0.9667406250000001 0.7266671875 0.9733921875 0.75 0.986696875 0.75 0.9977828125 0.6566671875 0.9977828125 0.4633328125 0.9822609375000001 0.4 0.9645234374999999 0.39666718749999996 0.9556546875 0.4166671875
0 0.5608453124999999 0.42352968750000003 0.5451921875 0.41372656250000006 0.5347578125 0.4215703125 0.5360640625 0.44509687500000006 0.5543234375 0.44509687500000006 0.5608453124999999 0.42352968750000003