3 0.174 0.7733328125 0.21000000000000002 0.7813328125 0.198 0.7493328125 0.19 0.6373328125 0.2 0.5573328125 0.21600000000000003 0.5306671875 0.22999999999999998 0.44800000000000006 0.21200000000000002 0.384 0.174 0.3653328125 0.172 0.2986671875 0.16399999999999998 0.28266718750000003 0.152 0.2746671875 0.128 0.28266718750000003 0.12 0.3093328125 0.12 0.3653328125 0.096 0.376 0.08 0.4186671875 0.072 0.45599999999999996 0.10200000000000001 0.568 0.11200000000000002 0.6639999999999999 0.10800000000000001 0.7226671875 0.088 0.7973328125 0.098 0.8053328125 0.126 0.784 0.13999999999999999 0.72 0.16599999999999998 0.7253328125 0.174 0.7733328125
0 0.174 0.3226671875 0.16999999999999998 0.288 0.154 0.2746671875 0.132 0.27733281249999997 0.122 0.2986671875 0.122 0.3173328125 0.141 0.312 0.174 0.3226671875
3 0.354 0.704 0.35 0.5866671875 0.364 0.4773328125 0.364 0.40533281250000003 0.34199999999999997 0.3786671875 0.33599999999999997 0.3226671875 0.32799999999999996 0.3093328125 0.304 0.3146671875 0.304 0.36 0.282 0.40533281250000003 0.274 0.48 0.292 0.536 0.3 0.6719999999999999 0.27999999999999997 0.7226671875 0.284 0.7146671875 0.294 0.7226671875 0.312 0.7173328125 0.33399999999999996 0.6933328125 0.346 0.7146671875 0.354 0.704
0 0.3 0.32 0.3 0.3386671875 0.33799999999999997 0.344 0.32799999999999996 0.3066671875 0.31 0.304 0.3 0.32
3 0.386 0.304 0.376 0.304 0.366 0.3306671875 0.374 0.3653328125 0.364 0.3973328125 0.39 0.352 0.386 0.304
0 0.388 0.3306671875 0.384 0.304 0.368 0.3173328125 0.368 0.3413328125 0.388 0.3306671875
3 0.40490624999999997 0.615959375 0.404 0.5253328125000001 0.40599999999999997 0.40266718749999997 0.42000000000000004 0.36 0.434 0.344 0.43600000000000005 0.3066671875 0.422 0.27733281249999997 0.4 0.27999999999999997 0.39 0.296 0.3907421875 0.3475765625 0.364078125 0.3967515625 0.36657812500000003 0.5142734375 0.37491093750000004 0.618459375 0.35407968749999996 0.7226453125 0.3424140625 0.7726531249999999 0.40740625 0.7718203124999999 0.38074375 0.7426484375 0.396575 0.6643015625 0.40490624999999997 0.615959375
0 0.394 0.2853328125 0.394 0.3226671875 0.414 0.3066671875 0.438 0.3146671875 0.42400000000000004 0.27733281249999997 0.394 0.2853328125
3 0.4588328125 0.8283343750000001 0.4808328125 0.8283343750000001 0.4928328125 0.804334375 0.4767734375 0.6001218749999999 0.5128328125 0.7936671875 0.5288328124999999 0.8363343750000001 0.5488328124999999 0.8416671875 0.5508328125 0.7696671875 0.5188328125 0.572334375 0.5308328125 0.36166718750000004 0.51176875 0.34257499999999996 0.4808328125 0.324334375 0.4868328125 0.276334375 0.4748328125 0.2416671875 0.4508328125 0.23633437499999999 0.43683281249999995 0.2576671875 0.4388328125 0.3056671875 0.44883281249999996 0.327 0.4388328125 0.348334375 0.4169890625 0.36007812499999997 0.4053234375 0.39591875 0.40615781249999994 0.47093281249999996 0.401990625 0.55928125 0.401990625 0.5942875 0.409490625 0.5909546875 0.4308328125 0.599 0.4588328125 0.8283343750000001
0 0.47400000000000003 0.2373328125 0.45199999999999996 0.23199999999999998 0.43600000000000005 0.2506671875 0.43600000000000005 0.27999999999999997 0.46399999999999997 0.26933281249999996 0.488 0.27999999999999997 0.47400000000000003 0.2373328125
3 0.6280046875 0.6928359375 0.6576671875 0.8725015624999999 0.6656671875 0.8965015624999999 0.6896671875 0.8965015624999999 0.6976671875 0.8831671875 0.6836671875 0.8031671875 0.6716671875 0.6111671875 0.6736671875 0.5871671875 0.6916671875 0.5631671875 0.6856671875 0.4351671875 0.6696671875 0.34716718750000003 0.6596671875 0.3311671875 0.6296671875000001 0.317834375 0.6196671874999999 0.2965015625 0.6256671875 0.2485015625 0.6016671875 0.2111671875 0.5776671875 0.22183437499999997 0.5676671875 0.237834375 0.5616671875 0.2751671875 0.5796671875 0.3391671875 0.5376671875000001 0.365834375 0.5296671875000001 0.4485015625 0.5296671875000001 0.5978343749999999 0.5356671875 0.6218343749999999 0.5505125 0.62365625 0.5546796875 0.5194703125 0.5696671875 0.629834375 0.5796671875 0.7285015625 0.6036671874999999 0.8218343750000001 0.5936671875 0.877834375 0.6216671875 0.885834375 0.6388359375 0.8612 0.6388359375 0.8128578125000001 0.6280046875 0.6928359375
0 0.5599999999999999 0.2506671875 0.562 0.272 0.576 0.2426671875 0.5940000000000001 0.2373328125 0.612 0.2453328125 0.622 0.272 0.626 0.264 0.62 0.2266671875 0.602 0.20533281250000002 0.5740000000000001 0.21600000000000003 0.5599999999999999 0.2506671875
3 0.744 0.8960000000000001 0.722 0.9306671874999999 0.748 0.944 0.786 0.9226671874999999 0.792 0.8960000000000001 0.8073578124999999 0.6893046875 0.82 0.9013328125 0.8160000000000001 0.968 0.828 0.9813328125 0.8480000000000001 0.9813328125 0.86 0.9706671874999999 0.8720000000000001 0.9226671874999999 0.8699999999999999 0.7893328125 0.86 0.704 0.868 0.6106671875 0.876 0.576 0.898 0.5599999999999999 0.8859999999999999 0.52 0.9199999999999999 0.45333281249999996 0.922 0.40533281250000003 0.876 0.3093328125 0.8 0.2746671875 0.808 0.21600000000000003 0.788 0.16799999999999998 0.752 0.16 0.736 0.1813328125 0.726 0.22400000000000003 0.744 0.27999999999999997 0.746 0.312 0.716 0.3386671875 0.6980000000000001 0.488 0.708 0.5306671875 0.732 0.5733328125 0.746 0.7413328124999999 0.756 0.7733328125 0.746 0.8160000000000001 0.744 0.8960000000000001
0 0.73 0.1973328125 0.73 0.2453328125 0.748 0.2106671875 0.766 0.20266718749999998 0.79 0.20533281250000002 0.8039999999999999 0.22933281249999998 0.8099999999999999 0.22400000000000003 0.798 0.1813328125 0.778 0.16 0.75 0.16 0.73 0.1973328125