0 0 0.3466671875 0.0018765625000000002 0.3466671875 0.0056281249999999994 0.35333281250000004 0.018762499999999998 0.35333281250000004 0.0225140625 0.35 0.043151562500000004 0.3466671875 0.045028125 0.34333281250000003 0.0469046875 0.32999999999999996 0.045028125 0.3233328125 0.033771875 0.3033328125 0.024390625 0.2966671875 0.0168859375 0.2966671875 0.0056281249999999994 0.3066671875 0 0.3166671875 0 0.3466671875
3 0 0.3633328125 0.0114109375 0.406753125 0.019743749999999997 0.4259234375 0.0089109375 0.47093125 0.021409375 0.5101046874999999 0.024390625 0.6033328124999999 0.0168859375 0.6633328125 0.0020390625 0.799325 0.023909375 0.8068265625000001 0.0439078125 0.714309375 0.048073437499999996 0.7243109375000001 0.056406250000000005 0.72514375 0.05557187500000001 0.7709859375 0.0439078125 0.7968234375 0.08056875 0.8001578125 0.08442812499999999 0.6733328125 0.0881796875 0.6599999999999999 0.08442812499999999 0.41333281250000004 0.0769234375 0.39 0.05065625 0.36 0.0469046875 0.32999999999999996 0.035646875 0.3066671875 0.0206375 0.2966671875 0.0056281249999999994 0.3066671875 0 0.3166671875 0 0.3633328125
0 0.22138906249999998 0.2 0.21575937500000003 0.2 0.213884375 0.1966671875 0.19324531250000002 0.1966671875 0.183865625 0.20333281250000002 0.1782359375 0.21000000000000002 0.17073125 0.22999999999999998 0.1669796875 0.25 0.1632265625 0.2766671875 0.165103125 0.28666718750000003 0.1876171875 0.2966671875 0.2420265625 0.2966671875 0.24953124999999998 0.29 0.24577812500000001 0.2466671875 0.2420265625 0.24 0.23827343750000002 0.22333281249999998 0.23076875000000002 0.21000000000000002 0.22138906249999998 0.2
3 0.1613515625 0.29 0.1669796875 0.3166671875 0.1575984375 0.3633328125 0.125703125 0.4266671875 0.1407125 0.7833328125000001 0.2514078125 0.72 0.24953124999999998 0.6033328124999999 0.2195125 0.39666718749999996 0.2476546875 0.29 0.24390312500000003 0.2433328125 0.2326453125 0.21333281249999997 0.195121875 0.1966671875 0.17636093749999998 0.2166671875 0.1613515625 0.29
3 0.324578125 0.2833328125 0.30956875 0.27 0.2926828125 0.27 0.2814265625 0.2833328125 0.27016874999999996 0.32999999999999996 0.2776734375 0.3766671875 0.2514078125 0.43 0.2476546875 0.4566671875 0.24577812500000001 0.52 0.26266406249999996 0.7133328125 0.34709218750000004 0.6599999999999999 0.35084375 0.6466671875000001 0.34896875 0.5066671875 0.33958750000000004 0.49000000000000005 0.3264546875 0.43 0.3377109375 0.34333281250000003 0.333959375 0.3033328125 0.324578125 0.2833328125
0 0.3283296875 0.35333281250000004 0.3377109375 0.35333281250000004 0.335834375 0.3066671875 0.333959375 0.3 0.320825 0.2766671875 0.30956875 0.27 0.29080625000000004 0.27 0.2833015625 0.2766671875 0.275796875 0.2933328125 0.27016874999999996 0.3233328125 0.27016874999999996 0.3333328125 0.27955 0.3566671875 0.2870546875 0.35333281250000004 0.29080625000000004 0.34333281250000003 0.2926828125 0.3466671875 0.29643593749999997 0.34333281250000003 0.324578125 0.3466671875 0.3283296875 0.35 0.3283296875 0.35333281250000004
0 0.4315203125 0.2933328125 0.42776718750000003 0.27999999999999997 0.4221390625 0.27 0.414634375 0.26333281249999996 0.40900625 0.26 0.395871875 0.26 0.39024375 0.26333281249999996 0.3827390625 0.27333281249999997 0.3789875 0.29 0.3789875 0.3033328125 0.3771109375 0.3066671875 0.3771109375 0.3233328125 0.3789875 0.32999999999999996 0.384615625 0.3333328125 0.42776718750000003 0.32999999999999996 0.43527187500000003 0.3233328125 0.43339531249999996 0.31 0.4315203125 0.3066671875 0.4315203125 0.2933328125
3 0.42026250000000004 0.3933328125 0.42026250000000004 0.3733328125 0.43339531249999996 0.3233328125 0.42776718750000003 0.2833328125 0.41838593749999997 0.2666671875 0.40525312500000005 0.26 0.384615625 0.27 0.3771109375 0.3133328125 0.3789875 0.3566671875 0.3733578125 0.38 0.34521562499999997 0.41 0.3433390625 0.4433328125 0.35084375 0.48 0.3472046875 0.5134390625 0.3527203125 0.5466671875 0.3583484375 0.6433328125 0.414634375 0.6666671875 0.42026250000000004 0.6599999999999999 0.45028125 0.48333281250000004 0.4315203125 0.41333281250000004 0.42026250000000004 0.3933328125
3 0.4615390625 0.4433328125 0.5065671875 0.4433328125 0.5084421875 0.44000000000000006 0.5084421875 0.4266671875 0.49155781249999997 0.37 0.49906249999999996 0.33999999999999997 0.4971859375 0.2966671875 0.49155781249999997 0.2833328125 0.484053125 0.2766671875 0.46904375 0.2766671875 0.4615390625 0.2833328125 0.4577859375 0.2933328125 0.45590937499999995 0.3333328125 0.45966250000000003 0.35333281250000004 0.454034375 0.38 0.44089999999999996 0.3833328125 0.42964375 0.3933328125 0.42964375 0.40333281249999997 0.439025 0.4366671875 0.454034375 0.4733328125 0.4577859375 0.45 0.4615390625 0.4433328125
0 0.495309375 0.29 0.48592812500000004 0.2766671875 0.4671671875 0.2766671875 0.46341406249999995 0.2833328125 0.4615390625 0.2833328125 0.4577859375 0.2933328125 0.45590937499999995 0.3033328125 0.45590937499999995 0.3266671875 0.45966250000000003 0.3333328125 0.49906249999999996 0.32999999999999996 0.5009375 0.3233328125 0.5009375 0.3166671875 0.49906249999999996 0.3133328125 0.49906249999999996 0.3 0.495309375 0.2933328125 0.495309375 0.29
0 0.5666046875 0.3233328125 0.564728125 0.32 0.564728125 0.31 0.560975 0.3 0.5534703125 0.2933328125 0.5384609375 0.2933328125 0.5328328124999999 0.2966671875 0.5272046875 0.31 0.5234515625 0.3366671875 0.5234515625 0.33999999999999997 0.5272046875 0.3466671875 0.53095625 0.35 0.5422140625 0.35 0.544090625 0.35333281250000004 0.5628515625 0.35333281250000004 0.564728125 0.35 0.5666046875 0.34333281250000003 0.5666046875 0.3233328125
3 0.5722328125 0.5033328125 0.5778609375 0.4933328125 0.574109375 0.4366671875 0.5684796875 0.41 0.5628515625 0.40333281249999997 0.5572234375 0.3833328125 0.5628515625 0.3633328125 0.564728125 0.3166671875 0.5591 0.3 0.54971875 0.2933328125 0.53095625 0.3 0.5272046875 0.3166671875 0.5253281249999999 0.35166718750000003 0.515946875 0.39666718749999996 0.5103187499999999 0.40666718749999997 0.5103187499999999 0.43333281250000005 0.5403374999999999 0.47000000000000003 0.5403374999999999 0.53 0.544090625 0.5366671875 0.5534703125 0.5366671875 0.575984375 0.52 0.5722328125 0.5033328125
3 0.8030015625000001 0.78 0.795496875 0.4866671875 0.7579734375 0.40666718749999997 0.7636015625 0.2933328125 0.7523453124999999 0.26 0.7166984375000001 0.2533328125 0.7035640625 0.27 0.6923078125 0.31 0.696059375 0.3833328125 0.72045 0.45999999999999996 0.6979359374999999 0.6333328125000001 0.6885546875 0.8400000000000001 0.684803125 0.8766671875000001 0.6772984375 0.8833328125 0.6772984375 0.9166671875000001 0.7035640625 0.9966671874999999 0.7917453125 0.9966671874999999 0.8030015625000001 0.78
0 0.7617265625 0.3633328125 0.765478125 0.33999999999999997 0.7636015625 0.28666718750000003 0.7579734375 0.2666671875 0.7467171875 0.2533328125 0.7410875 0.25 0.7242031250000001 0.25 0.7223265624999999 0.2533328125 0.71106875 0.2566671875 0.7016890625000001 0.27333281249999997 0.6923078125 0.3066671875 0.6904312499999999 0.3166671875 0.6923078125 0.3233328125 0.7035640625 0.3266671875 0.705440625 0.32999999999999996 0.7166984375000001 0.32999999999999996 0.7298312499999999 0.34333281250000003 0.7298312499999999 0.35 0.7335828125 0.3566671875 0.7579734375 0.3733328125 0.7617265625 0.3633328125