3 0.31 0.9969875 0.384 0.9969875 0.384 0.9728921875 0.352 0.9246984375 0.37 0.70481875 0.384 0.6506031250000001 0.378 0.563253125 0.346 0.5512046875000001 0.35 0.48192812500000004 0.33599999999999997 0.46084375 0.308 0.46385468750000003 0.29 0.5030125 0.294 0.5361453125 0.31 0.5692765625 0.3 0.683734375 0.274 0.7861453125 0.27799999999999997 0.79518125 0.294 0.7861453125 0.302 0.8144578125 0.3 0.9156625 0.31 0.9548187499999999 0.31 0.9969875
3 0.392 0.8825296874999999 0.394 0.9518078125 0.40599999999999997 0.9969875 0.47400000000000003 0.9969875 0.47000000000000003 0.9277109375 0.476 0.8915656249999999 0.512 0.8674703125000001 0.49800000000000005 0.7168671875 0.51 0.6325296875 0.512 0.5150609375 0.504 0.475903125 0.47000000000000003 0.418675 0.47800000000000004 0.37048125 0.46399999999999997 0.32530156250000003 0.426 0.32530156250000003 0.404 0.37650625 0.41 0.4156625 0.42000000000000004 0.4487953125 0.434 0.46385468750000003 0.434 0.47891562499999996 0.398 0.5722890625 0.39 0.6536140625 0.376 0.6987953124999999 0.36 0.855421875 0.362 0.8704812499999999 0.392 0.8825296874999999
3 0.5980000000000001 0.9668671874999999 0.5980000000000001 0.9548187499999999 0.5820000000000001 0.9427703125000001 0.5740000000000001 0.9216875 0.576 0.8584343750000001 0.5900000000000001 0.7650609375 0.6 0.7469875 0.592 0.6024093749999999 0.612 0.5331328125 0.572 0.4879515625 0.55 0.4216875 0.528 0.4216875 0.512 0.44578281249999996 0.51 0.4728921875 0.524 0.5060234375 0.516 0.521084375 0.522 0.5692765625 0.512 0.7590359375 0.516 0.87650625 0.544 0.9307234375 0.54 0.9969875 0.576 0.9969875 0.5980000000000001 0.9668671874999999
3 0.6940000000000001 0.9969875 0.736 0.9969875 0.722 0.852409375 0.722 0.7771078124999999 0.742 0.6777109375 0.732 0.581325 0.712 0.524096875 0.6639999999999999 0.48493906249999996 0.666 0.4277109375 0.654 0.40662656249999996 0.62 0.41265 0.608 0.45783125 0.62 0.5090359375 0.62 0.5331328125 0.5980000000000001 0.5993968749999999 0.61 0.7138546875 0.612 0.9909640625 0.658 0.9969875 0.6599999999999999 0.9367468750000001 0.6759999999999999 0.9216875 0.686 0.9397593750000001 0.6940000000000001 0.9969875
3 0.8160000000000001 0.8915656249999999 0.8220000000000001 0.8704812499999999 0.818 0.725903125 0.8380000000000001 0.62349375 0.828 0.5512046875000001 0.8019999999999999 0.5301203125 0.8039999999999999 0.4969875 0.792 0.46987968750000003 0.778 0.4728921875 0.77 0.4879515625 0.772 0.5301203125 0.754 0.5602406249999999 0.744 0.668675 0.744 0.6987953124999999 0.754 0.7198796875 0.752 0.8132531249999999 0.736 0.894578125 0.744 0.9036140625 0.768 0.897590625 0.774 0.8102406249999999 0.8019999999999999 0.8283125 0.8019999999999999 0.8885546874999999 0.8160000000000001 0.8915656249999999
3 0.8960000000000001 0.606928125 0.916 0.5602406249999999 0.8800000000000001 0.5030125 0.8640000000000001 0.5030125 0.8320000000000001 0.5512046875000001 0.85 0.6024093749999999 0.842 0.71084375 0.86 0.7439765625 0.8699999999999999 0.8192765625 0.8800000000000001 0.8222890625 0.8859999999999999 0.7228921875000001 0.8960000000000001 0.7138546875 0.898 0.6927703125 0.8960000000000001 0.606928125
0 0.858 0.5150609375 0.8560000000000001 0.5301203125 0.8640000000000001 0.53915625 0.89 0.5271078124999999 0.8779999999999999 0.5 0.858 0.5150609375
0 0.77 0.4879515625 0.77 0.5060234375 0.8039999999999999 0.5 0.792 0.46987968750000003 0.774 0.475903125 0.77 0.4879515625
0 0.6559999999999999 0.40662656249999996 0.632 0.4036140625 0.614 0.4246984375 0.608 0.46084375 0.67 0.45783125 0.6639999999999999 0.4156625 0.6559999999999999 0.40662656249999996
0 0.514 0.44578281249999996 0.512 0.48192812500000004 0.564 0.4487953125 0.548 0.418675 0.526 0.4216875 0.514 0.44578281249999996
0 0.45999999999999996 0.3222890625 0.42800000000000005 0.3222890625 0.41200000000000003 0.349396875 0.404 0.37951875 0.47800000000000004 0.3885546875 0.47400000000000003 0.3433734375 0.45999999999999996 0.3222890625
0 0.352 0.518071875 0.35 0.47891562499999996 0.33799999999999997 0.46084375 0.316 0.45783125 0.296 0.48192812500000004 0.292 0.5090359375 0.33199999999999996 0.524096875 0.352 0.518071875