3 0.28701875 0.8080703124999999 0.3061828125 0.88641875 0.312 0.996996875 0.32999999999999996 0.9729734375 0.32999999999999996 0.9009015625 0.322 0.8108109375 0.308 0.8108109375 0.3 0.7927921875 0.322 0.7387390625 0.32799999999999996 0.678678125 0.324 0.6006 0.304 0.5735734375 0.284 0.5015015625 0.256 0.5015015625 0.246 0.546546875 0.262 0.5915921875000001 0.246 0.7117109375 0.254 0.759759375 0.236 0.846846875 0.22400000000000003 0.9669671875000001 0.21119531249999998 0.9984375 0.23785781250000002 0.9984375 0.25785625 0.971434375 0.2586890625 0.8589125 0.28701875 0.8080703124999999
3 0.47400000000000003 0.7117109375 0.47800000000000004 0.609609375 0.462 0.5765765625 0.44000000000000006 0.5585578124999999 0.446 0.4924921875 0.434 0.45945937499999995 0.418 0.44744687499999997 0.404 0.45345312499999996 0.392 0.4954953125 0.396 0.522521875 0.40283749999999996 0.5605249999999999 0.3661765625 0.584696875 0.3586765625 0.6047 0.304 0.7967953125 0.31451562499999997 0.8205734375 0.370665625 0.7007 0.38 0.8978984375 0.398 0.9639640625 0.398 0.996996875 0.438 0.996996875 0.434 0.915915625 0.458 0.8228234375 0.47400000000000003 0.7117109375
3 0.532 0.909909375 0.544 0.8078078124999999 0.534 0.690690625 0.548 0.597596875 0.518 0.5015015625 0.49800000000000005 0.4984984375 0.48600000000000004 0.5375375 0.49400000000000005 0.5795796875 0.48200000000000004 0.603603125 0.5 0.7117109375 0.5 0.78078125 0.488 0.8138140625 0.504 0.9069062499999999 0.49800000000000005 0.996996875 0.528 0.996996875 0.538 0.9729734375 0.532 0.909909375
3 0.6603078124999999 0.464675 0.65 0.45345312499999996 0.634 0.45345312499999996 0.624 0.474475 0.628 0.53153125 0.618 0.5735734375 0.651975 0.61386875 0.663640625 0.6713796875 0.6578078125 0.7655624999999999 0.658640625 0.8830843749999999 0.6603078124999999 0.9422609375000001 0.6778046875 0.943928125 0.6811375 0.7447250000000001 0.7028015625 0.6822140625 0.7069687499999999 0.6297046875000001 0.6900000000000001 0.5585578124999999 0.662 0.525525 0.6603078124999999 0.464675
3 0.782 0.60660625 0.768 0.5825828125 0.772 0.552553125 0.76 0.51951875 0.736 0.528528125 0.73 0.609609375 0.712 0.6366359375 0.712 0.702703125 0.7 0.7927921875 0.716 0.8138140625 0.712 0.8558562500000001 0.724 0.9429421874999999 0.72 0.996996875 0.77 0.996996875 0.784 0.8618625 0.776 0.8078078124999999 0.782 0.60660625
3 0.642665625 0.915915625 0.654665625 0.75675625 0.654665625 0.633634375 0.650665625 0.615615625 0.614665625 0.5705703125 0.620665625 0.5045046875 0.608665625 0.46546562500000005 0.584665625 0.45945937499999995 0.566665625 0.4924921875 0.576665625 0.5645640625 0.5506656249999999 0.609609375 0.5419875000000001 0.6305375 0.53365625 0.675546875 0.53365625 0.7280562500000001 0.541334375 0.7917921875 0.5444875 0.8605796874999999 0.5519875 0.9984375 0.5606656250000001 0.996996875 0.646665625 0.996996875 0.642665625 0.915915625
3 0.24 0.7207203125 0.22999999999999998 0.6997 0.23399999999999999 0.633634375 0.22799999999999998 0.603603125 0.21000000000000002 0.5855859375 0.184 0.5165171875000001 0.162 0.5165171875000001 0.152 0.54354375 0.1487015625 0.5655265625 0.16453281250000001 0.6038671875 0.154534375 0.6263703125 0.162034375 0.698884375 0.1537015625 0.739725 0.158 0.774775 0.132 0.915915625 0.122871875 0.9731 0.093709375 0.9831031250000001 0.143703125 0.9984375 0.158 0.9309312500000001 0.186 0.840840625 0.2 0.840840625 0.22799999999999998 0.915915625 0.22799999999999998 0.7927921875 0.244 0.777778125 0.24 0.7207203125
3 0.9984375 0.890625 0.9984375 0.5703125 0.9859375 0.5609375 0.9875 0.5328125 0.9765625 0.5125 0.959375 0.5109375 0.9515625 0.525 0.9453125 0.584375 0.9640625 0.6734375 0.975 0.7828125 0.9609375 0.878125 0.99375 0.89375 0.9984375 0.890625
3 0.921875 0.9984375 0.9234375 0.959375 0.9171875 0.9265625 0.921875 0.875 0.925 0.859375 0.946875 0.825 0.965625 0.81875 0.96875 0.7234375 0.9359375 0.5578125 0.9203125 0.5390625 0.896875 0.528125 0.890625 0.5109375 0.890625 0.434375 0.8765625 0.403125 0.8640625 0.3921875 0.840625 0.396875 0.8296875 0.41875 0.828125 0.459375 0.840625 0.48125 0.8453125 0.5046875 0.8328125 0.5359375 0.7953125 0.571875 0.7828125 0.6203125 0.7796875 0.68125 0.7828125 0.8265625 0.790625 0.8390625 0.803125 0.8390625 0.81875 0.85 0.8296875 0.9984375 0.921875 0.9984375
3 0.33117968750000004 0.8539125000000001 0.343678125 0.962265625 0.3228484375 0.9984375 0.371175 0.9722671875 0.359509375 0.8755828125 0.373675 0.8072374999999999 0.3890625 0.5640625 0.3921875 0.5296875 0.3796875 0.496875 0.3546875 0.496875 0.3421875 0.5328125 0.340625 0.5515625 0.3484375 0.5671875 0.36117656249999996 0.5946984375000001 0.348678125 0.645540625 0.3361796875 0.77723125 0.33117968750000004 0.8539125000000001
0 0.1625 0.515625 0.1515625 0.53125 0.153125 0.575 0.1625 0.5796875 0.18125 0.5671875 0.203125 0.565625 0.184375 0.5140625 0.1625 0.515625
0 0.253125 0.5046875 0.246875 0.5296875 0.2453125 0.5546875 0.2515625 0.5578125 0.296875 0.5328125 0.2875 0.5046875 0.2765625 0.4984375 0.253125 0.5046875
0 0.390625 0.5234375 0.3796875 0.496875 0.35625 0.4953125 0.3421875 0.53125 0.340625 0.5515625 0.3453125 0.5578125 0.3609375 0.55625 0.3828125 0.5421875 0.390625 0.534375 0.390625 0.5234375
0 0.39375 0.478125 0.39375 0.5078125 0.446875 0.5 0.4421875 0.475 0.425 0.45 0.40625 0.45 0.39375 0.478125
0 0.51875 0.5015625 0.4984375 0.4984375 0.4875 0.51875 0.4859375 0.5453125 0.490625 0.5515625 0.5078125 0.553125 0.53125 0.5453125 0.53125 0.528125 0.51875 0.5015625
0 0.5796875 0.4578125 0.5640625 0.4859375 0.5640625 0.5140625 0.584375 0.5015625 0.61875 0.4984375 0.6125 0.46875 0.5984375 0.4546875 0.5796875 0.4578125
0 0.625 0.4671875 0.625 0.4984375 0.659375 0.496875 0.6578125 0.465625 0.65 0.4546875 0.6359375 0.453125 0.625 0.4671875
0 0.7328125 0.5328125 0.7328125 0.54375 0.7734375 0.54375 0.7734375 0.5265625 0.7625 0.515625 0.7390625 0.5203125 0.7328125 0.5328125
0 0.828125 0.421875 0.8296875 0.4625 0.8921875 0.4546875 0.8859375 0.41875 0.8640625 0.390625 0.84375 0.39375 0.828125 0.421875
0 0.95625 0.5140625 0.9515625 0.5609375 0.9796875 0.5578125 0.9859375 0.5484375 0.984375 0.5234375 0.9734375 0.5109375 0.95625 0.5140625