3 0.7256953125 0.7329546875 0.7416953125 0.682565625 0.7610046875 0.6528265625 0.7665203125 0.6106953125000001 0.7450046875 0.568565625 0.76551875 0.5411953125 0.7593484375 0.507434375 0.7416953125 0.492565625 0.7168703125 0.507434375 0.715215625 0.536346875 0.70418125 0.5371734375 0.6766 0.57021875 0.646809375 0.6354796875 0.6484640625 0.69578125 0.7256953125 0.7329546875
3 0.81561875 0.5594796875 0.7918953125 0.5561734375 0.7772421875 0.5411953125 0.75824375 0.5462609375 0.7461078125 0.5735203125 0.7687265625 0.6206078125000001 0.7571421875000001 0.672653125 0.77038125 0.707346875 0.8255484375 0.69578125 0.8260984375 0.6619125 0.82830625 0.576 0.81561875 0.5594796875
0 0.7610046875 0.5231312499999999 0.7510734375 0.50578125 0.732315625 0.5 0.7207312499999999 0.507434375 0.719078125 0.52478125 0.7510734375 0.555346875 0.7615546875 0.5470875000000001 0.7610046875 0.5231312499999999
0 0.78251875 0.6057390625 0.7869312500000001 0.580128125 0.78748125 0.5636078125 0.779759375 0.55286875 0.7698296874999999 0.5454343749999999 0.7565906250000001 0.549565625 0.746659375 0.5735203125 0.754384375 0.5916953125 0.7717234375 0.619659375 0.78251875 0.6057390625
0 0.05600000000000001 0.5179640625 0.04 0.50299375 0.014000000000000002 0.5179640625 0.01 0.5449109375 0.018 0.5568859374999999 0.06 0.5479046875 0.05600000000000001 0.5179640625
3 0 0.8473046875 0.052000000000000005 0.8592812500000001 0.076 0.8413171875 0.074 0.6496999999999999 0.088 0.6257484375 0.054000000000000006 0.5808390625000001 0.06 0.541915625 0.052000000000000005 0.5149703125 0.03 0.50299375 0.014000000000000002 0.5209578125000001 0.012 0.5479046875 0.02 0.56586875 0 0.5868265625 0 0.8473046875
3 0.16399999999999998 0.398203125 0.162 0.437125 0.18 0.44012031250000005 0.188 0.398203125 0.18 0.37425156249999997 0.16399999999999998 0.398203125
0 0.16999999999999998 0.3832328125 0.182 0.3832328125 0.172 0.37425156249999997 0.16999999999999998 0.3832328125
0 0.20600000000000002 0.38622812500000003 0.21600000000000003 0.38622812500000003 0.20800000000000002 0.3712578125 0.20600000000000002 0.38622812500000003
3 0.22200000000000003 0.4311375 0.22599999999999998 0.41317343749999996 0.21600000000000003 0.37724531250000004 0.20600000000000002 0.3712578125 0.2 0.3832328125 0.198 0.40419218749999997 0.20800000000000002 0.4311375 0.22200000000000003 0.4311375
3 0.23399999999999999 0.3323359375 0.236 0.42515000000000003 0.252 0.4311375 0.254 0.3443109375 0.244 0.326346875 0.23399999999999999 0.3323359375
1 0.23399999999999999 0.3383234375 0.248 0.3353296875 0.238 0.323353125 0.23399999999999999 0.3383234375
3 0.286 0.3832328125 0.286 0.3503 0.27999999999999997 0.326346875 0.272 0.326346875 0.266 0.3443109375 0.264 0.392215625 0.27599999999999997 0.4101796875 0.286 0.3832328125
2 0.27999999999999997 0.3383234375 0.282 0.326346875 0.274 0.323353125 0.27 0.3383234375 0.27999999999999997 0.3383234375
0 0.302 0.398203125 0.3 0.38622812500000003 0.286 0.38622812500000003 0.288 0.398203125 0.302 0.398203125
3 0.306 0.40419218749999997 0.296 0.38622812500000003 0.284 0.38622812500000003 0.27799999999999997 0.4161671875 0.284 0.4520953125 0.312 0.458084375 0.306 0.40419218749999997
3 0.43200000000000005 0.329340625 0.43600000000000005 0.3802390625 0.42800000000000005 0.46407187499999997 0.434 0.5269468749999999 0.51 0.5269468749999999 0.49400000000000005 0.4880234375 0.492 0.3682640625 0.472 0.3383234375 0.46799999999999997 0.30239531249999996 0.44800000000000006 0.29041875 0.43200000000000005 0.329340625
3 0.65 0.329340625 0.638 0.329340625 0.628 0.3682640625 0.63 0.473053125 0.65 0.473053125 0.6559999999999999 0.3802390625 0.65 0.329340625
0 0.654 0.3443109375 0.65 0.326346875 0.638 0.323353125 0.64 0.3473046875 0.654 0.3443109375
3 0.756 0.4311375 0.752 0.389221875 0.736 0.389221875 0.734 0.42515000000000003 0.756 0.4311375
0 0.752 0.4071859375 0.75 0.38622812500000003 0.738 0.38622812500000003 0.736 0.4071859375 0.752 0.4071859375
3 0.806 0.42215625 0.828 0.42515000000000003 0.836 0.317365625 0.82 0.2724546875 0.808 0.2814375 0.8099999999999999 0.2964078125 0.8 0.317365625 0.806 0.42215625
0 0.8220000000000001 0.2964078125 0.8220000000000001 0.2724546875 0.8099999999999999 0.2724546875 0.8099999999999999 0.2964078125 0.8220000000000001 0.2964078125
0 0.876 0.35928125 0.8779999999999999 0.3473046875 0.8640000000000001 0.3443109375 0.8640000000000001 0.35928125 0.876 0.35928125
3 0.876 0.49700625 0.8859999999999999 0.4880234375 0.8939999999999999 0.4071859375 0.876 0.3473046875 0.8640000000000001 0.3473046875 0.8560000000000001 0.41317343749999996 0.8640000000000001 0.473053125 0.876 0.49700625
3 0.942 0.50299375 0.9640000000000001 0.5059875 0.974 0.40419218749999997 0.95 0.3473046875 0.9339999999999999 0.3503 0.9359999999999999 0.437125 0.9279999999999999 0.473053125 0.942 0.50299375
0 0.95 0.362275 0.95 0.3473046875 0.9380000000000001 0.3413171875 0.9339999999999999 0.35928125 0.95 0.362275
0 0.472 0.323353125 0.46399999999999997 0.29341249999999997 0.44400000000000006 0.29341249999999997 0.438 0.320359375 0.472 0.323353125