3 0.122 0.5855859375 0.132 0.51951875 0.11200000000000002 0.5015015625 0.096 0.5135140625 0.08399999999999999 0.552553125 0.064 0.54955 0.06 0.5375375 0.064 0.5585578124999999 0.048 0.6486484375 0.05 0.69369375 0.074 0.75075 0.052000000000000005 0.8018015625 0.072 0.8228234375 0.08 0.8558562500000001 0.11599999999999999 0.8618625 0.122 0.8558562500000001 0.122 0.5855859375
0 0.11000000000000001 0.5585578124999999 0.126 0.5615609375 0.134 0.54955 0.134 0.522521875 0.126 0.5075078125 0.10600000000000001 0.5015015625 0.094 0.5165171875000001 0.094 0.54354375 0.11000000000000001 0.5585578124999999
3 0.23199999999999998 0.6606609375 0.22200000000000003 0.60660625 0.242 0.5885890625 0.274 0.6606609375 0.292 0.6696703125 0.286 0.63063125 0.264 0.5825828125 0.25 0.5075078125 0.2 0.4264265625 0.2 0.39940000000000003 0.192 0.3873875 0.16999999999999998 0.39940000000000003 0.16799999999999998 0.4174171875 0.18 0.45345312499999996 0.144 0.48048124999999997 0.142 0.4984984375 0.146 0.5075078125 0.188 0.4984984375 0.20800000000000002 0.5675671875 0.194 0.597596875 0.2 0.6666671875 0.23199999999999998 0.6606609375
0 0.16799999999999998 0.40240312500000003 0.16999999999999998 0.4234234375 0.202 0.4144140625 0.192 0.3873875 0.178 0.3873875 0.16799999999999998 0.40240312500000003
3 0.434 0.5885890625 0.45 0.5615609375 0.44000000000000006 0.45345312499999996 0.41200000000000003 0.40840781249999997 0.4 0.36936874999999997 0.382 0.372371875 0.374 0.390390625 0.392 0.46546562500000005 0.39 0.4864859375 0.358 0.5015015625 0.356 0.51951875 0.386 0.5045046875 0.398 0.522521875 0.40199999999999997 0.5645640625 0.41200000000000003 0.5645640625 0.422 0.5915921875000001 0.434 0.5885890625
0 0.382 0.36936874999999997 0.374 0.38138125 0.376 0.40840781249999997 0.41200000000000003 0.4054046875 0.404 0.36936874999999997 0.382 0.36936874999999997
3 0.488 0.5135140625 0.47400000000000003 0.5165171875000001 0.438 0.5885890625 0.42400000000000004 0.6366359375 0.45 0.8168171875000001 0.42800000000000005 0.9189187499999999 0.43200000000000005 0.933934375 0.45599999999999996 0.9369375 0.49000000000000005 0.8948953124999999 0.49800000000000005 0.9129125 0.524 0.8948953124999999 0.5 0.525525 0.488 0.5135140625
0 0.466 0.528528125 0.466 0.55555625 0.502 0.5615609375 0.5 0.51951875 0.476 0.5135140625 0.466 0.528528125
3 0.564 0.3573578125 0.512 0.32732656250000003 0.49400000000000005 0.3483484375 0.492 0.44444375 0.48 0.5105109375 0.49000000000000005 0.5105109375 0.504 0.47747812500000003 0.528 0.5135140625 0.538 0.4144140625 0.5700000000000001 0.39940000000000003 0.584 0.4204203125 0.588 0.4054046875 0.564 0.3573578125
0 0.526 0.3543546875 0.512 0.32732656250000003 0.496 0.3363359375 0.496 0.36936874999999997 0.526 0.3543546875
3 0.736 0.5015015625 0.732 0.46846875 0.708 0.46546562500000005 0.6980000000000001 0.5045046875 0.666 0.546546875 0.6719999999999999 0.8438437499999999 0.6839999999999999 0.858859375 0.688 0.8018015625 0.716 0.8018015625 0.72 0.8138140625 0.734 0.8078078124999999 0.746 0.7627625 0.734 0.5735734375 0.722 0.534534375 0.736 0.5015015625
0 0.702 0.474475 0.7 0.4984984375 0.736 0.5045046875 0.732 0.46546562500000005 0.71 0.4624625 0.702 0.474475
3 0.73 0.3003 0.728 0.396396875 0.742 0.4384390625 0.738 0.474475 0.744 0.5165171875000001 0.754 0.525525 0.778 0.5045046875 0.788 0.522521875 0.788 0.3483484375 0.748 0.28828906249999997 0.73 0.3003
0 0.756 0.309309375 0.75 0.28828906249999997 0.73 0.297296875 0.732 0.321321875 0.756 0.309309375
3 0.8539999999999999 0.8198203124999999 0.8619999999999999 0.8228234375 0.8800000000000001 0.6516515625 0.89 0.61861875 0.884 0.528528125 0.85 0.4204203125 0.8320000000000001 0.4174171875 0.82 0.4384390625 0.8320000000000001 0.48348281249999997 0.8300000000000001 0.5135140625 0.8039999999999999 0.621621875 0.8099999999999999 0.633634375 0.82 0.621621875 0.8400000000000001 0.6366359375 0.826 0.7147140624999999 0.8300000000000001 0.7957953125 0.85 0.7987984375 0.8539999999999999 0.8198203124999999
0 0.8480000000000001 0.4174171875 0.8300000000000001 0.4174171875 0.82 0.4324328125 0.826 0.45945937499999995 0.858 0.45345312499999996 0.858 0.4324328125 0.8480000000000001 0.4174171875