3 0.595 0.3513078125 0.57125 0.31658437500000003 0.5387500000000001 0.318628125 0.5237499999999999 0.34926406249999997 0.52625 0.4166671875 0.5275000000000001 0.477940625 0.54375 0.5106203125000001 0.5862499999999999 0.5861921875 0.5862499999999999 0.5678109375 0.5662499999999999 0.50449375 0.5599999999999999 0.43709218749999995 0.58875 0.38398750000000004 0.595 0.3513078125
3 0.61875 0.467728125 0.6287499999999999 0.5106203125000001 0.66875 0.49632343749999996 0.68625 0.457515625 0.67875 0.388071875 0.67125 0.3431375 0.6475 0.337009375 0.63 0.347221875 0.62 0.373775 0.61875 0.467728125
3 0.596 0.3725484375 0.568 0.395425 0.5660000000000001 0.49019531250000004 0.604 0.6503265625 0.596 0.673203125 0.5775 0.9926468749999999 0.635 0.9967312500000001 0.616 0.5718953124999999 0.626 0.5196078125 0.616 0.48365937499999995 0.62 0.405228125 0.596 0.3725484375
3 0.378 0.9967312500000001 0.392 0.68300625 0.388 0.55555625 0.36 0.44117656250000004 0.366 0.3758171875 0.352 0.3235296875 0.32999999999999996 0.300653125 0.294 0.3202609375 0.286 0.3758171875 0.302 0.43790781250000005 0.25375000000000003 0.5126640625000001 0.2525 0.5882359375 0.26749999999999996 0.66585 0.272 0.6895421875000001 0.272 0.722221875 0.282 0.7385625 0.272 0.7679734375 0.27599999999999997 0.9934640625 0.378 0.9967312500000001
3 0.5953015625 0.76181875 0.5969671875 0.69430625 0.6036328125 0.6492984374999999 0.576 0.531846875 0.568 0.5155078125 0.528 0.49263124999999997 0.528 0.37825156249999997 0.508 0.3292328125 0.496 0.319428125 0.466 0.3259640625 0.45 0.3684484375 0.4644828125 0.4525953125 0.47115 0.5001046875 0.4444859375 0.5142734375 0.4236546875 0.5409453125 0.41 0.6854421875 0.4036578125 0.76181875 0.4078234375 0.8076609375 0.41125 0.9039875 0.4153234375 0.9268484375 0.438653125 0.9318500000000001 0.44000000000000006 0.9958984375 0.558 0.9958984375 0.577803125 0.9885265625 0.5878015624999999 0.9193468749999999 0.6086328125 0.8810062500000001 0.5994671874999999 0.85266875 0.5953015625 0.76181875
3 0.13999999999999999 0.9975640625000001 0.156 0.9975640625000001 0.16 0.834165625 0.13799999999999998 0.4714203125 0.10200000000000001 0.45508125 0.10200000000000001 0.4093296875 0.08199999999999999 0.3701140625 0.057999999999999996 0.3668453125 0.04 0.389721875 0.048 0.494296875 0.034 0.5041015625 0.014000000000000002 0.5661921875 0.016 0.6152124999999999 0.04 0.6871078125000001 0.05600000000000001 0.703446875 0.066 0.9975640625000001 0.1 0.9975640625000001 0.1 0.9844921875000001 0.110984375 0.813078125 0.1276484375 0.8789234374999999 0.136 0.9746890625000001 0.13999999999999999 0.9975640625000001
3 0.9640000000000001 0.5 0.93 0.457515625 0.9400000000000001 0.41176406249999997 0.93 0.3431375 0.9 0.3366015625 0.89 0.3496734375 0.882 0.3856203125 0.89 0.434640625 0.8779999999999999 0.47385625 0.866 0.48365937499999995 0.851728125 0.49635468749999995 0.8350640625000001 0.568034375 0.82923125 0.6647171875 0.8425 0.761846875 0.8625 0.8108656249999999 0.8800000000000001 0.9967312500000001 0.9640000000000001 0.9967312500000001 0.974 0.9346406249999999 0.97 0.8300656249999999 0.9880000000000001 0.699346875 0.9880000000000001 0.6437906250000001 0.9640000000000001 0.5
3 0.7502828125 0.7609843749999999 0.756115625 0.72014375 0.774 0.6511609375 0.774 0.5825328125 0.768 0.54005 0.744 0.5041015625 0.73 0.4616171875 0.74 0.3962578125 0.726 0.34723906250000003 0.7161203125 0.337575 0.7 0.33416718749999996 0.686 0.3439703125 0.6719999999999999 0.3962578125 0.6839999999999999 0.46488593749999996 0.673625 0.49920625 0.630296875 0.519209375 0.6177984375000001 0.56255 0.6127984375 0.6609015625 0.6224999999999999 0.727140625 0.6375 0.9984375 0.6752906249999999 0.9984375 0.6861234375 0.892675 0.6836234375 0.9984375 0.74445 0.9984375 0.742 0.8537750000000001 0.7502828125 0.7609843749999999
3 0.2578421875 0.42175624999999994 0.256175 0.343409375 0.2436765625 0.308403125 0.2136796875 0.3009015625 0.19285000000000002 0.3417421875 0.19125 0.4044125 0.1575 0.44117656250000004 0.14202187500000002 0.46343125 0.13785624999999999 0.5292765625 0.160353125 0.7801546874999999 0.1545203125 0.9984375 0.181184375 0.9984375 0.22125 0.9967312500000001 0.2475 0.9967312500000001 0.24500000000000002 0.9599671875 0.25875 0.8721406249999999 0.26375000000000004 0.7087421875000001 0.255 0.5412578124999999 0.25625 0.479984375 0.24117656250000002 0.4467609375 0.2578421875 0.42175624999999994
3 0.28250000000000003 0.4656859375 0.30625 0.44117656250000004 0.28500000000000003 0.388071875 0.26875 0.428921875 0.27375 0.4656859375 0.25875 0.5024515625 0.28250000000000003 0.4656859375
3 0.818 0.5032687499999999 0.798 0.48365937499999995 0.808 0.43137187499999996 0.806 0.3986921875 0.786 0.3758171875 0.768 0.39215625 0.77 0.68300625 0.754 0.722221875 0.758 0.8660125000000001 0.752 0.895425 0.77 0.9379078125 0.768 0.9901953125 0.808 0.9967312500000001 0.8019999999999999 0.9019609375 0.82 0.7058828125 0.8300000000000001 0.6928109375 0.8320000000000001 0.5784312500000001 0.818 0.5032687499999999
0 0.28250000000000003 0.4044125 0.275 0.428921875 0.28375 0.46364375 0.29625 0.4513890625 0.29125 0.408496875 0.28250000000000003 0.4044125
0 0.334375 0.3015625 0.3171875 0.3 0.3 0.3109375 0.2859375 0.353125 0.2859375 0.3890625 0.3203125 0.378125 0.359375 0.384375 0.3671875 0.378125 0.3546875 0.3265625 0.334375 0.3015625
0 0.9015625 0.3359375 0.8859375 0.3578125 0.884375 0.390625 0.9109375 0.3859375 0.940625 0.39375 0.9375 0.35625 0.921875 0.3359375 0.9015625 0.3359375
3 0.7522921874999999 0.9476046874999999 0.7476046875 0.9976046875 0.8085421875 0.9976046875 0.8007296875 0.9429171875 0.8069796874999999 0.8101046875 0.8038546875 0.7460421875 0.8163546875 0.7351046875 0.8179171875 0.6257296875 0.8069796874999999 0.5429171875 0.7804171875 0.5272921875 0.7772921875 0.5101046874999999 0.7819796875 0.5054171875 0.7851046875 0.4515109375 0.78944375 0.436759375 0.7835421874999999 0.4132296875 0.7804171875 0.40229218749999995 0.7663546875 0.3913546875 0.7507296875 0.39291718750000004 0.7444796874999999 0.40697968749999996 0.7382296875 0.48041718749999995 0.7726046875 0.5319796875 0.7804171875 0.6444796875 0.7507296875 0.7038546875 0.7397921875 0.9257296875 0.7522921874999999 0.9476046874999999
0 0.784375 0.375 0.771875 0.3859375 0.76875 0.39375 0.784375 0.4390625 0.8046875 0.440625 0.809375 0.4328125 0.8046875 0.3921875 0.784375 0.375
0 0.75 0.3921875 0.7421875 0.4078125 0.7359375 0.4546875 0.78125 0.4484375 0.7859375 0.4375 0.7734375 0.4 0.7671875 0.39375 0.75 0.3921875
0 0.690625 0.334375 0.6734375 0.365625 0.6734375 0.3984375 0.70625 0.384375 0.740625 0.3953125 0.73125 0.3484375 0.7125 0.33125 0.690625 0.334375
0 0.5015625 0.3234375 0.48125 0.31875 0.46875 0.325 0.4515625 0.3546875 0.453125 0.41875 0.4703125 0.4203125 0.525 0.4046875 0.525 0.36875 0.5109375 0.3328125 0.5015625 0.3234375
0 0.6578125 0.340625 0.64375 0.3390625 0.634375 0.3453125 0.621875 0.3734375 0.61875 0.384375 0.6234375 0.3875 0.6453125 0.38125 0.6671875 0.3890625 0.6703125 0.35625 0.6578125 0.340625
0 0.5875 0.3734375 0.5796875 0.378125 0.5640625 0.40625 0.565625 0.4453125 0.615625 0.45 0.6234375 0.4421875 0.61875 0.39375 0.6046875 0.3765625 0.5875 0.3734375
0 0.5609375 0.3140625 0.54375 0.3125 0.528125 0.3296875 0.525 0.3625 0.5328125 0.3890625 0.571875 0.384375 0.5875 0.371875 0.584375 0.3484375 0.5609375 0.3140625
0 0.234375 0.3015625 0.215625 0.3 0.203125 0.3109375 0.1921875 0.3515625 0.1921875 0.365625 0.2015625 0.3765625 0.240625 0.38125 0.2546875 0.3765625 0.253125 0.328125 0.234375 0.3015625
0 0.0765625 0.365625 0.059375 0.365625 0.040625 0.3890625 0.0390625 0.4296875 0.0453125 0.4578125 0.05625 0.459375 0.0984375 0.4328125 0.1015625 0.4078125 0.0765625 0.365625