3 0.13799999999999998 0.7264703124999999 0.144 0.752940625 0.178 0.7588234375 0.18 0.7441171875 0.16 0.71470625 0.148 0.582353125 0.142 0.47647031249999994 0.144 0.452940625 0.156 0.4382359375 0.126 0.38529375 0.12 0.3558828125 0.136 0.3058828125 0.136 0.2764703125 0.126 0.2735296875 0.10800000000000001 0.29411718750000004 0.066 0.36764687500000004 0.066 0.45 0.078 0.46764687499999996 0.078 0.53529375 0.096 0.6058828125 0.086 0.7117640625 0.088 0.7764703125 0.092 0.78529375 0.11399999999999999 0.782353125 0.11000000000000001 0.747059375 0.13799999999999998 0.7264703124999999
2 0.10800000000000001 0.29411718750000004 0.1 0.317646875 0.132 0.31470625 0.13799999999999998 0.2764703125 0.128 0.2735296875 0.10800000000000001 0.29411718750000004
3 0.258 0.9117640625 0.256 0.86470625 0.29 0.8735296874999999 0.348 0.86470625 0.348 0.8529406249999999 0.32 0.8411765625 0.308 0.797059375 0.312 0.53529375 0.302 0.4441171875 0.314 0.417646875 0.294 0.38529375 0.298 0.37058749999999996 0.344 0.33235312499999997 0.356 0.2705875 0.33799999999999997 0.267646875 0.318 0.31470625 0.286 0.3294125 0.27799999999999997 0.317646875 0.27 0.2382359375 0.262 0.2235296875 0.238 0.2205875 0.21400000000000002 0.24411718750000003 0.21200000000000002 0.282353125 0.22000000000000003 0.3058828125 0.21400000000000002 0.3264703125 0.18 0.352940625 0.18 0.3882359375 0.21600000000000003 0.5117640625 0.21200000000000002 0.602940625 0.22000000000000003 0.717646875 0.21200000000000002 0.7441171875 0.21200000000000002 0.8058828124999999 0.22000000000000003 0.8882359375 0.22400000000000003 0.9029406249999999 0.252 0.917646875 0.258 0.9117640625
2 0.242 0.21764687500000002 0.21400000000000002 0.24117656250000002 0.21200000000000002 0.282353125 0.22200000000000003 0.3058828125 0.23199999999999998 0.2911765625 0.244 0.3 0.27999999999999997 0.29411718750000004 0.29 0.282353125 0.27 0.26470625000000003 0.27 0.2382359375 0.258 0.2205875 0.242 0.21764687500000002
3 0.434 0.7838234374999999 0.466 0.78529375 0.47000000000000003 0.802940625 0.488 0.8058828124999999 0.488 0.5411765625 0.49800000000000005 0.53529375 0.502 0.46764687499999996 0.516 0.432353125 0.496 0.3617640625 0.46399999999999997 0.3264703125 0.46799999999999997 0.2617640625 0.462 0.25 0.44000000000000006 0.24411718750000003 0.426 0.2588234375 0.426 0.33235312499999997 0.4 0.3588234375 0.39 0.3882359375 0.386 0.42647031249999995 0.4 0.45 0.41 0.4941171875 0.40800000000000003 0.5558828124999999 0.41600000000000004 0.61470625 0.41200000000000003 0.697059375 0.418 0.7764703125 0.41 0.817646875 0.42800000000000005 0.817646875 0.434 0.7838234374999999
2 0.462 0.247059375 0.442 0.24117656250000002 0.426 0.2588234375 0.426 0.3 0.47000000000000003 0.297059375 0.472 0.2735296875 0.462 0.247059375
3 0.536 0.6235296875 0.5820000000000001 0.6205875 0.5740000000000001 0.38529375 0.562 0.3235296875 0.542 0.33529375 0.54 0.36764687500000004 0.532 0.3735296875 0.536 0.6235296875
2 0.568 0.34411718750000003 0.5660000000000001 0.3264703125 0.546 0.3264703125 0.544 0.347059375 0.568 0.34411718750000003
3 0.646 0.38235312499999996 0.646 0.347059375 0.624 0.32058749999999997 0.63 0.2705875 0.624 0.2617640625 0.602 0.267646875 0.596 0.32058749999999997 0.5740000000000001 0.35 0.584 0.6764703125 0.592 0.7058828125 0.61 0.6882359375 0.636 0.697059375 0.63 0.6382359375 0.642 0.47647031249999994 0.638 0.4088234375 0.646 0.38235312499999996
2 0.6 0.2705875 0.6 0.29411718750000004 0.63 0.297059375 0.628 0.26470625000000003 0.612 0.2588234375 0.6 0.2705875
3 0.71 0.3264703125 0.706 0.2588234375 0.686 0.25 0.674 0.2617640625 0.678 0.317646875 0.6559999999999999 0.33235312499999997 0.658 0.7058828125 0.6980000000000001 0.6911765625 0.728 0.7058828125 0.718 0.6588234374999999 0.722 0.42352968750000003 0.708 0.402940625 0.718 0.33235312499999997 0.71 0.3264703125
2 0.708 0.2735296875 0.6980000000000001 0.25 0.674 0.2617640625 0.6759999999999999 0.28529375 0.708 0.2735296875
3 0.792 0.8411765625 0.8099999999999999 0.85 0.82 0.8411765625 0.828 0.7617640625 0.8300000000000001 0.5764703124999999 0.834 0.5558828124999999 0.844 0.55 0.85 0.5058828125 0.8460000000000001 0.41470624999999994 0.852 0.38529375 0.834 0.32058749999999997 0.796 0.2882359375 0.8039999999999999 0.247059375 0.798 0.2235296875 0.778 0.19705937499999998 0.77 0.1941171875 0.742 0.2235296875 0.74 0.247059375 0.756 0.2882359375 0.73 0.297059375 0.712 0.3941171875 0.718 0.417646875 0.736 0.42352968750000003 0.728 0.5558828124999999 0.736 0.6882359375 0.728 0.7588234375 0.704 0.8205875 0.752 0.8088234375000001 0.766 0.6882359375 0.792 0.682353125 0.792 0.8411765625
2 0.734 0.2764703125 0.76 0.282353125 0.766 0.25294062500000003 0.784 0.24117656250000002 0.79 0.21764687500000002 0.78 0.19705937499999998 0.768 0.1941171875 0.748 0.2117640625 0.738 0.2382359375 0.734 0.2764703125