3 0.0957046875 0.9918859375 0.1117015625 0.9652890624999999 0.1117015625 0.7816265625 0.11832187499999999 0.8198546875 0.1199765625 0.9037921875 0.1403875 0.9769249999999999 0.16962656250000002 0.9652890624999999 0.15307656249999999 0.9129343750000001 0.16135 0.826503125 0.1596953125 0.7733156250000001 0.1751421875 0.7026749999999999 0.16962656250000002 0.6287109375 0.1624546875 0.5979609375 0.1619015625 0.5389546875 0.13873437500000002 0.5015578125 0.13542343750000002 0.495740625 0.139284375 0.467484375 0.1249421875 0.41678906250000003 0.10894375 0.40349375 0.0929453125 0.4084796875 0.081359375 0.43174999999999997 0.074190625 0.4541875 0.091034375 0.496678125 0.0626046875 0.526490625 0.0471578125 0.5987921875 0.055984374999999996 0.6661078125000001 0.0587421875 0.7026749999999999 0.0626046875 0.76085 0.066465625 0.8090515625 0.074740625 0.9262296875 0.0730859375 0.9785875 0.0802578125 0.9968703124999999 0.0957046875 0.9918859375
3 0.3020234375 0.7483828124999999 0.30643750000000003 0.7134796875 0.3224359375 0.7192953125 0.3318140625 0.6860546875 0.32960625 0.6411781249999999 0.332915625 0.6012859374999999 0.3196765625 0.498234375 0.28271562499999997 0.463328125 0.287128125 0.4392296875 0.280509375 0.3901953125 0.2672703125 0.3802234375 0.2479625 0.37939218750000003 0.23803125 0.3926890625 0.2303078125 0.41678906250000003 0.233065625 0.435903125 0.236928125 0.46000625 0.211 0.4841046875 0.19610624999999998 0.51651875 0.1900375 0.5680421875 0.19444999999999998 0.617075 0.1950015625 0.6611203125 0.2032765625 0.70516875 0.2082421875 0.7450609375 0.2115515625 0.8015718749999999 0.233065625 0.888003125 0.23241406250000002 0.915246875 0.22534375 0.9478375 0.24244374999999999 0.9578109375 0.2485125 0.9536562500000001 0.25513125 0.9902234375000001 0.2854734375 0.9902234375000001 0.2799578125 0.9536562500000001 0.290990625 0.95199375 0.2904375 0.884678125 0.303128125 0.8007406250000001 0.3020234375 0.7483828124999999
3 0.3693265625 0.8364765625 0.367671875 0.9378640624999999 0.3787046875 0.9661203125 0.37208437499999997 0.9918859375 0.3947015625 0.9969875 0.40959843749999997 0.983571875 0.41235625000000004 0.9594734375 0.42062968749999996 0.9179187499999999 0.416215625 0.8796890625 0.416215625 0.824840625 0.41952656250000003 0.7799640625 0.43276562500000004 0.9079453125000001 0.42725 0.9278921875 0.43055937499999997 0.952825 0.4244921875 0.9785875 0.4763484375 0.9902234375000001 0.47855468749999996 0.9636296874999999 0.465865625 0.9470062499999999 0.4620046875 0.8622375 0.457040625 0.7791328125 0.46365937500000004 0.7118156250000001 0.4631078125 0.640346875 0.45869375 0.5672109375 0.46365937500000004 0.5514218750000001 0.48131250000000003 0.556409375 0.48296875000000006 0.493246875 0.44600625000000005 0.51818125 0.44490468749999995 0.5015578125 0.4410421875 0.467484375 0.4189765625 0.46997968749999997 0.4278015625 0.462496875 0.42890625 0.4433828125 0.432215625 0.436734375 0.43331875000000003 0.41512656249999996 0.42725 0.39518437500000003 0.420078125 0.37440625 0.4151140625 0.36360312499999997 0.4007703125 0.36193906249999996 0.3869796875 0.364434375 0.37539375 0.37440625 0.369878125 0.3926890625 0.3704296875 0.41346718750000006 0.37793125 0.4374734375 0.366015625 0.464990625 0.3489140625 0.4816109375 0.34615625 0.51735 0.35884375 0.5647203125 0.36160156250000003 0.6062703125 0.36270625 0.6661078125000001 0.3621546875 0.73591875 0.36546406249999996 0.7758078125 0.3693265625 0.8364765625
3 0.18341875000000002 0.46831562499999996 0.1806578125 0.494078125 0.1679703125 0.61624375 0.1806578125 0.6494875 0.1790046875 0.6735875 0.18838125 0.6827296875 0.18727812500000002 0.70018125 0.191140625 0.7442296875000001 0.1900375 0.79243125 0.2027265625 0.8339812500000001 0.18893437500000002 0.8688890625000001 0.1900375 0.8896625 0.2021734375 0.8971453125 0.21265625 0.8755359374999999 0.2172421875 0.852928125 0.22092968750000003 0.8597468750000001 0.21430937499999997 0.4841046875 0.24023750000000002 0.4741328125 0.2452015625 0.37856093749999997 0.2286546875 0.37939218750000003 0.220378125 0.3885328125 0.216515625 0.4176203125 0.218171875 0.4492015625 0.18341875000000002 0.46831562499999996
3 0.1784515625 0.44670781249999997 0.1762453125 0.43008749999999996 0.1657640625 0.42343906249999996 0.14590468750000002 0.42759375000000005 0.1453515625 0.45501874999999997 0.1508703125 0.4741328125 0.13873437500000002 0.4866 0.16300625 0.7625124999999999 0.18231406249999998 0.766665625 0.1790046875 0.7442296875000001 0.186728125 0.6569671875 0.1779 0.576353125 0.19224375 0.48576874999999997 0.18010781250000002 0.4766265625 0.18562343750000002 0.4575125 0.1784515625 0.44670781249999997
3 0.35884375 0.5032203125 0.3538796875 0.46997968749999997 0.3428453125 0.459175 0.34229375 0.435903125 0.3433984375 0.4201140625 0.33677812500000004 0.406815625 0.32519375 0.40016875 0.31305625 0.41678906250000003 0.31250625 0.4450453125 0.31691875 0.467484375 0.299309375 0.473825 0.3069875 0.6802343750000001 0.3009203125 0.7525390625 0.3102984375 0.7658343750000001 0.3456046875 0.766665625 0.349465625 0.741734375 0.35167187499999997 0.6769125 0.3566375 0.6253859375 0.36105156250000003 0.5830031250000001 0.35884375 0.5032203125
3 0.1376296875 0.42426875 0.1324140625 0.4374734375 0.1359734375 0.494078125 0.1492140625 0.46415937500000004 0.14976562499999999 0.42759375000000005 0.1376296875 0.42426875
3 0.3009203125 0.47496406249999995 0.305334375 0.45335468749999996 0.29595625000000003 0.43091875 0.284828125 0.429165625 0.27775 0.464990625 0.2876796875 0.4766265625 0.3009203125 0.47496406249999995
3 0.3147125 0.46083749999999996 0.31581562500000004 0.42343906249999996 0.3102984375 0.4118046875 0.2981625 0.41512656249999996 0.299265625 0.45003281250000005 0.305334375 0.4757953125 0.3147125 0.46083749999999996
3 0.46531406249999996 0.39850625 0.45593593749999994 0.39185781249999996 0.438284375 0.39185781249999996 0.43442187499999996 0.41346718750000006 0.4360765625 0.43008749999999996 0.44049062499999997 0.44753906250000003 0.43497343749999995 0.4541875 0.4234484375 0.45928593749999996 0.45924531249999995 0.772484375 0.47138125000000003 0.76001875 0.4934484375 0.5771843750000001 0.48462187500000004 0.4841046875 0.4873796875 0.46166875 0.46807187499999997 0.45585000000000003 0.46807187499999997 0.4392296875 0.467521875 0.4201140625 0.46531406249999996 0.39850625
3 0.4978625 0.8331500000000001 0.49620781249999996 0.89215625 0.5055859375 0.9328796875 0.513859375 0.9652890624999999 0.503378125 0.9785875 0.5133078125 0.9969875 0.5370296875 0.9935453125 0.5370296875 0.97443125 0.5425453124999999 0.9436843749999999 0.53758125 0.8971453125 0.540340625 0.8506031249999999 0.5348234374999999 0.7783015625 0.5392359375 0.73591875 0.54971875 0.8107140625 0.54585625 0.8614062499999999 0.54144375 0.8929874999999999 0.5502703125 0.9320484375 0.5519234375 0.9661203125 0.5701296874999999 0.97775625 0.5773015625 0.9494999999999999 0.567921875 0.9170875 0.5778515625 0.8813531250000001 0.586128125 0.828996875 0.5795078124999999 0.73259375 0.5850234375000001 0.7176359375 0.5839203125 0.6519796875 0.58281875 0.553084375 0.5866796875 0.5663796875 0.59385 0.6636140625 0.589990625 0.69935 0.5988156250000001 0.7176359375 0.6142624999999999 0.6702656250000001 0.615365625 0.62123125 0.6126078125000001 0.5589000000000001 0.601021875 0.5040515625 0.59550625 0.4525265625 0.584471875 0.4483703125 0.54971875 0.43507187500000005 0.55413125 0.4118046875 0.554684375 0.3877015625 0.549165625 0.3602765625 0.538684375 0.34365625 0.5193765625 0.337009375 0.5061375 0.34947343750000004 0.49841406250000003 0.37025 0.50006875 0.4084796875 0.5099984375 0.428425 0.5082765625000001 0.44578281249999996 0.46972812499999994 0.469146875 0.46255625 0.5331390625 0.46035000000000004 0.6237234375 0.45979843750000005 0.6951953125 0.47303750000000006 0.7184640625000001 0.48682968750000005 0.712646875 0.4912421875 0.733425 0.49565625 0.76500625 0.4978625 0.8331500000000001
3 0.6263984375 0.4718890625 0.6313640625 0.484353125 0.6219859375000001 0.5001453125 0.61205625 0.5134390625 0.6004703124999999 0.5375421874999999 0.5811625 0.5807562500000001 0.5833703125 0.6189843749999999 0.6015734375 0.61483125 0.615365625 0.57909375 0.6186765624999999 0.641425 0.6115046875 0.680484375 0.6081937500000001 0.7145578125000001 0.6186765624999999 0.7835359375000001 0.6203296875000001 0.8317375 0.6192265625 0.9322953125 0.6241921875 0.9969875 0.6446046875 0.9969875 0.650671875 0.9896390625 0.6473625000000001 0.9273109375 0.64956875 0.88243125 0.6501203125 0.8400484374999999 0.6572921875 0.7702375 0.6589453125 0.7860296875 0.6594984375 0.8649796875 0.649015625 0.94226875 0.655084375 0.982990625 0.6561874999999999 0.9969875 0.679909375 0.9969875 0.6854265625 0.9863125 0.6925984374999999 0.9406046874999999 0.6948046875 0.8813531250000001 0.6959078125 0.8339812500000001 0.697009375 0.7483828124999999 0.7141124999999999 0.7284375 0.7179734375 0.7010125 0.7229375 0.583834375 0.713559375 0.5456046875 0.703078125 0.520671875 0.67448125 0.498753125 0.6760484375 0.48186093750000003 0.6782546875000001 0.4669 0.6782546875000001 0.4461234375 0.6688765625 0.43116562500000005 0.6567406250000001 0.4211921875 0.6451546875 0.41869843749999996 0.62860625 0.429503125 0.6208812499999999 0.44363281250000003 0.6263984375 0.4718890625
3 0.7052859375 0.369665625 0.6931499999999999 0.3480609375 0.6771515625 0.3380875 0.6639125 0.3513828125 0.654534375 0.377146875 0.6572921875 0.3912734375 0.6567406250000001 0.40872656249999995 0.6611546875000001 0.427840625 0.623640625 0.44363281250000003 0.6081937500000001 0.49100312500000004 0.601021875 0.525075 0.720690625 0.696178125 0.731765625 0.6854703125 0.7334203125000001 0.6646921875 0.7433500000000001 0.6322828125 0.7439015625 0.5591468749999999 0.7383859375 0.49266249999999995 0.72845625 0.45443749999999994 0.6986656250000001 0.43116562500000005 0.696459375 0.41869843749999996 0.702528125 0.40457187499999997 0.7052859375 0.369665625
3 0.9077437500000001 0.8164875 0.9215359375000001 0.81565625 0.9276046875 0.784075 0.9226375000000001 0.7018015625 0.9182265624999999 0.6444578125 0.9287078125000001 0.6826875 0.9259484375 0.7242375 0.932015625 0.7849062499999999 0.94911875 0.7117734375 0.9568421875 0.6452890625000001 0.9612546875 0.44666562499999996 0.9353265625 0.41175937500000004 0.9380859375 0.38018125 0.9231906249999999 0.3469375 0.9154687499999999 0.3444453125 0.900571875 0.35275625 0.8972625000000001 0.38018125 0.8978140625 0.4001265625 0.899309375 0.41501875000000005 0.8768515625 0.4350296875 0.8586453125 0.5239546875000001 0.8652656249999999 0.5829578125 0.8757484375000001 0.6137078125000001 0.884021875 0.6078921875 0.88678125 0.6369796875 0.89119375 0.6693890625 0.8945046874999999 0.720084375 0.8922984375 0.7707796874999999 0.9077437500000001 0.8164875
3 0.9391875000000001 0.5580265625 0.9568421875 0.5788046875 0.9529796875000001 0.631159375 0.962909375 0.6926593750000001 0.9689781249999999 0.7109421874999999 0.9673234374999999 0.8098375000000001 0.9673234374999999 0.8538859375 0.998 0.8588703125 0.998 0.3751921875 0.99104375 0.3677140625 0.9767015625000001 0.37270156249999997 0.9689781249999999 0.385996875 0.9667718750000001 0.4076046875 0.9673234374999999 0.4275515625 0.9695296875 0.44666562499999996 0.9502218750000001 0.4682734375 0.9413953125000001 0.47990625 0.9380859375 0.5289390625 0.9391875000000001 0.5580265625
3 0.806790625 0.572984375 0.8084453125 0.5364187499999999 0.8139625 0.5264453125 0.8084453125 0.5065000000000001 0.8123078125 0.45248125000000006 0.802378125 0.441678125 0.8051359375 0.420071875 0.8001703125 0.40926875 0.789690625 0.4059421875 0.7830703125 0.414253125 0.7852765625 0.440015625 0.77793125 0.44825625 0.7709312500000001 0.4624546875 0.7781046875000001 0.4981890625 0.77645 0.5264453125 0.7808625 0.568 0.7753453125 0.6087234375 0.784171875 0.6170328125 0.7941015625000001 0.6178640625 0.8018265625 0.6145390625 0.806790625 0.572984375
3 0.59385 0.3951390625 0.5839203125 0.4042796875 0.5833703125 0.42505781249999997 0.58620625 0.4441 0.6087453125 0.5239546875000001 0.631915625 0.477415625 0.6203296875000001 0.4583015625 0.6225359375 0.43336718750000003 0.62860625 0.41591562499999996 0.6241921875 0.3992953125 0.61205625 0.391815625 0.602678125 0.389321875 0.59385 0.3951390625
3 0.7753453125 0.4890484375 0.7698296874999999 0.4616234375 0.76210625 0.4533125 0.7610046875 0.43835468750000006 0.7665203125 0.4366921875 0.7615546875 0.41924062500000003 0.754934375 0.41175937500000004 0.74551875 0.41501875000000005 0.7444546875 0.6087234375 0.74941875 0.6278374999999999 0.7659687500000001 0.632821875 0.7698296874999999 0.62201875 0.7720359375 0.5846203125 0.7725875 0.5588578125 0.7665203125 0.5364187499999999 0.773140625 0.5148125 0.7753453125 0.4890484375
3 0.7439015625 0.420903125 0.7394875 0.40843749999999995 0.7334203125000001 0.39763281250000004 0.721284375 0.4001265625 0.72 0.41086406249999996 0.72459375 0.4533125 0.740040625 0.5854515625000001 0.7477640625 0.5846203125 0.752728125 0.53475625 0.7565906250000001 0.469103125 0.75383125 0.45912968750000005 0.740040625 0.44998750000000004 0.74555625 0.4350296875 0.7439015625 0.420903125
3 0.700690625 0.40774687500000006 0.6925984374999999 0.43336718750000003 0.703078125 0.444171875 0.72459375 0.46328593749999997 0.730109375 0.4533125 0.7268 0.4317046875 0.72459375 0.4233953125 0.7168703125 0.41342187499999994 0.7085953125 0.4076046875 0.700690625 0.40774687500000006
3 0.45924531249999995 0.420903125 0.4614515625 0.45081875 0.4702796875 0.4549765625 0.48296875000000006 0.4549765625 0.4769 0.44998750000000004 0.47910624999999996 0.440015625 0.47855468749999996 0.418409375 0.467521875 0.40677343749999995 0.45924531249999995 0.420903125
3 0.9640140625000001 0.440015625 0.9667718750000001 0.4375234375 0.9590484375000001 0.4225625 0.9634625 0.418409375 0.9557375 0.3951390625 0.9474640624999999 0.390984375 0.9391875000000001 0.390153125 0.9347765625 0.4001265625 0.9292578125000001 0.41093124999999997 0.9336718749999999 0.420071875 0.9496703125 0.4317046875 0.9640140625000001 0.440015625
3 0.5690265625 0.4059421875 0.5517234375 0.4129421875 0.554684375 0.4375234375 0.5761984375 0.443340625 0.5795078124999999 0.42173125 0.5690265625 0.4059421875
2 0.4359375 0.415625 0.465625 0.415625 0.465625 0.39375 0.4359375 0.39375 0.4359375 0.415625
2 0.296875 0.425 0.31484375 0.425 0.31484375 0.409375 0.296875 0.409375 0.296875 0.425
2 0.086 0.475903125 0.118 0.4427703125 0.128 0.45481875 0.128 0.43072343750000003 0.118 0.4156625 0.094 0.41265 0.076 0.43072343750000003 0.074 0.46385468750000003 0.086 0.475903125
2 0.6719999999999999 0.3644578125 0.686 0.3674703125 0.6940000000000001 0.39156562500000003 0.7 0.3885546875 0.6940000000000001 0.352409375 0.6719999999999999 0.3463859375 0.662 0.355421875 0.658 0.37951875 0.6719999999999999 0.3644578125
2 0.626 0.43975937500000006 0.63 0.4728921875 0.6320515624999999 0.4483703125 0.6392234375 0.435903125 0.653015625 0.43756562499999996 0.6719999999999999 0.4728921875 0.6759999999999999 0.46385468750000003 0.67 0.43373437499999995 0.6559999999999999 0.4246984375 0.64 0.4216875 0.626 0.43975937500000006
2 0.588 0.4036140625 0.5860000000000001 0.418675 0.608 0.40662656249999996 0.626 0.418675 0.62 0.394578125 0.588 0.4036140625
0 0.898 0.352409375 0.898 0.3855421875 0.9119999999999999 0.37650625 0.9339999999999999 0.3825296875 0.9179999999999999 0.33735 0.898 0.352409375
0 0.968 0.3885546875 0.966 0.40662656249999996 0.998 0.40662656249999996 0.9960000000000001 0.37048125 0.982 0.37048125 0.968 0.3885546875
0 0.9400000000000001 0.39156562500000003 0.932 0.4036140625 0.9339999999999999 0.418675 0.962 0.418675 0.954 0.394578125 0.9400000000000001 0.39156562500000003
2 0.798 0.4246984375 0.8019999999999999 0.40662656249999996 0.788 0.40662656249999996 0.786 0.4246984375 0.798 0.4246984375
0 0.762 0.43072343750000003 0.756 0.41265 0.746 0.41265 0.744 0.4277109375 0.762 0.43072343750000003
2 0.722 0.40060312500000006 0.72 0.4156625 0.7346625 0.40598437499999995 0.742 0.4216875 0.7374203125000001 0.397675 0.722 0.40060312500000006
2 0.41600000000000004 0.37951875 0.40800000000000003 0.3644578125 0.376 0.37349375 0.372 0.4036140625 0.38 0.4246984375 0.404 0.40662656249999996 0.41600000000000004 0.37951875
2 0.576 0.4216875 0.5660000000000001 0.40662656249999996 0.554 0.41265 0.5559999999999999 0.4277109375 0.576 0.4216875
2 0.5519999999999999 0.3885546875 0.5519999999999999 0.3674703125 0.538 0.3463859375 0.518 0.3433734375 0.502 0.3614453125 0.502 0.39156562500000003 0.524 0.3644578125 0.5519999999999999 0.3885546875
2 0.476 0.43072343750000003 0.476 0.4156625 0.462 0.4036140625 0.462 0.4246984375 0.476 0.43072343750000003
2 0.33999999999999997 0.43072343750000003 0.33399999999999996 0.40662656249999996 0.318 0.40662656249999996 0.314 0.4246984375 0.33999999999999997 0.43072343750000003
2 0.282 0.44578281249999996 0.296 0.44578281249999996 0.284 0.4277109375 0.282 0.44578281249999996
2 0.27999999999999997 0.41265 0.27 0.3825296875 0.236 0.39156562500000003 0.236 0.41265 0.254 0.397590625 0.268 0.397590625 0.27999999999999997 0.41265
2 0.22599999999999998 0.4156625 0.25 0.3855421875 0.22200000000000003 0.3885546875 0.21800000000000003 0.40662656249999996 0.22599999999999998 0.4156625
2 0.18 0.4487953125 0.172 0.4277109375 0.148 0.4277109375 0.146 0.44578281249999996 0.18 0.4487953125
2 0.146 0.43975937500000006 0.148 0.4277109375 0.136 0.4246984375 0.132 0.43975937500000006 0.146 0.43975937500000006