3 0.53648125 0.5718078125 0.54935625 0.42287187499999995 0.5300421875 0.375 0.5 0.3537234375 0.48927031249999997 0.3058515625 0.465665625 0.30053125 0.45278906250000006 0.3191484375 0.4613734375 0.382978125 0.435621875 0.47872343749999996 0.459228125 0.5 0.4549359375 0.5611703125 0.4613734375 0.5744687500000001 0.45064374999999995 0.582446875 0.45278906250000006 0.593084375 0.48927031249999997 0.625 0.5 0.6010640625 0.53648125 0.5718078125
0 0.5042921875 0.3218078125 0.47854062500000005 0.297871875 0.4549359375 0.3111703125 0.45278906250000006 0.34840468750000003 0.4978546875 0.34574531249999996 0.5042921875 0.33510625 0.5042921875 0.3218078125
3 0.7553640625 0.875 0.7618031249999999 0.8909578125 0.8047203125 0.9335109375 0.8218890625 0.9388296875 0.8240343749999999 0.8989359374999999 0.836909375 0.872340625 0.8347640625 0.8138296875 0.7918453125 0.8191484375 0.7639484375000001 0.8457453125000001 0.7553640625 0.875
3 0.7446359375 0.9840421875 0.7446359375 0.9441484375 0.7575109375 0.9175531250000001 0.74678125 0.9175531250000001 0.73390625 0.8856390624999999 0.7145921875 0.867021875 0.7017171875 0.867021875 0.7038625 0.9574468749999999 0.7446359375 0.9840421875
3 0.682403125 0.92553125 0.675965625 0.8297874999999999 0.6587984375 0.8191484375 0.6587984375 0.9069156250000001 0.682403125 0.92553125
3 0.7038625 0.8324468749999999 0.7381968750000001 0.867021875 0.768240625 0.8138296875 0.83261875 0.78989375 0.787553125 0.702128125 0.7424890625 0.66489375 0.7102999999999999 0.5611703125 0.6781109375 0.5505312499999999 0.6459234375 0.58510625 0.633046875 0.622340625 0.633046875 0.6515953125 0.6545062500000001 0.6702125 0.66094375 0.71010625 0.64806875 0.7260640625 0.656653125 0.747340625 0.6459234375 0.7686171875000001 0.656653125 0.7872343749999999 0.68455 0.797871875 0.7038625 0.8324468749999999
0 0.639484375 0.6382984375 0.6738203125 0.6409578125000001 0.7274671875000001 0.617021875 0.7167375 0.5691484375 0.688840625 0.5505312499999999 0.66738125 0.5558515625 0.6437765625 0.590425 0.633046875 0.61968125 0.639484375 0.6382984375
3 0.3047203125 0.3856390625 0.28755312499999997 0.33510625 0.268240625 0.3191484375 0.261803125 0.30053125 0.24248906250000002 0.2952125 0.25321875 0.375 0.302575 0.4015953125 0.3047203125 0.3856390625
0 0.26609375 0.3138296875 0.2553640625 0.2952125 0.24248906250000002 0.2952125 0.24248906250000002 0.3218078125 0.26609375 0.3138296875
3 0.1587984375 0.281915625 0.16738124999999998 0.3138296875 0.1952796875 0.332446875 0.1781109375 0.28723437500000004 0.1652359375 0.27659531249999997 0.1587984375 0.281915625
0 0.17382031250000002 0.2952125 0.17382031250000002 0.27925468750000004 0.16094375 0.27659531249999997 0.1587984375 0.292553125 0.17382031250000002 0.2952125