3 0.18 0.5493328125 0.182 0.3733328125 0.174 0.264 0.2 0.24 0.202 0.20800000000000002 0.19 0.184 0.16 0.1893328125 0.152 0.22400000000000003 0.11399999999999999 0.256 0.1 0.32 0.10200000000000001 0.4186671875 0.12 0.5093328125000001 0.122 0.7066671875 0.13 0.72 0.16999999999999998 0.7226671875 0.184 0.7173328125 0.184 0.6986671875 0.21200000000000002 0.6533328125 0.182 0.5733328125 0.18 0.5493328125
3 0.38 0.6693328125 0.368 0.6213328125 0.374 0.592 0.372 0.46133281249999997 0.36 0.384 0.376 0.2746671875 0.364 0.256 0.346 0.256 0.33599999999999997 0.2666671875 0.33599999999999997 0.3093328125 0.306 0.344 0.302 0.36 0.308 0.5066671875 0.296 0.6613328125 0.3 0.688 0.31 0.696 0.322 0.6853328125 0.32 0.6719999999999999 0.33399999999999996 0.6453328125 0.35 0.6533328125 0.356 0.6693328125 0.38 0.6693328125
3 0.426 0.3253328125 0.426 0.3013328125 0.404 0.2933328125 0.386 0.3413328125 0.374 0.352 0.376 0.6106671875 0.382 0.6293328125000001 0.40599999999999997 0.6346671875000001 0.41 0.6213328125 0.422 0.6213328125 0.40599999999999997 0.5786671875 0.418 0.41600000000000004 0.42400000000000004 0.40533281250000003 0.414 0.344 0.426 0.3253328125
3 0.484 0.3306671875 0.476 0.32 0.462 0.3226671875 0.45599999999999996 0.3466671875 0.43 0.3786671875 0.434 0.584 0.43600000000000005 0.5973328125 0.44800000000000006 0.6026671875 0.45 0.5893328125 0.476 0.5893328125 0.466 0.5599999999999999 0.47400000000000003 0.4933328125 0.48600000000000004 0.4693328125 0.47800000000000004 0.3626671875 0.484 0.3306671875
3 0.618 0.768 0.606 0.5813328125 0.616 0.5653328125 0.626 0.5733328125 0.632 0.5493328125 0.622 0.5146671875 0.614 0.42400000000000004 0.5900000000000001 0.3706671875 0.5980000000000001 0.3173328125 0.588 0.3013328125 0.572 0.2986671875 0.5599999999999999 0.312 0.5519999999999999 0.3653328125 0.524 0.3973328125 0.51 0.44533281249999995 0.51 0.5093328125000001 0.528 0.5626671875 0.512 0.6559999999999999 0.512 0.704 0.532 0.704 0.5559999999999999 0.6213328125 0.576 0.6373328125 0.5860000000000001 0.6586671875000001 0.5900000000000001 0.768 0.618 0.768
3 0.798 0.4773328125 0.8119999999999999 0.4586671875 0.8160000000000001 0.4 0.808 0.3733328125 0.782 0.352 0.77 0.312 0.756 0.312 0.746 0.3333328125 0.75 0.3733328125 0.742 0.46399999999999997 0.756 0.5973328125 0.744 0.6293328125000001 0.766 0.6293328125000001 0.762 0.648 0.772 0.6506671875000001 0.792 0.632 0.788 0.52 0.798 0.4773328125
3 0.942 0.8053328125 0.96 0.8 0.966 0.7786671875 0.9800000000000001 0.7706671875 0.984 0.6133328125 0.968 0.592 0.9560000000000001 0.5306671875 0.9460000000000001 0.5146671875 0.916 0.512 0.9019999999999999 0.5253328125000001 0.8939999999999999 0.5466671875 0.8939999999999999 0.5946671875 0.874 0.616 0.868 0.6746671875 0.8019999999999999 0.7333328125 0.8039999999999999 0.7653328125 0.818 0.7653328125 0.826 0.7466671875 0.858 0.72 0.884 0.7333328125 0.882 0.7706671875 0.868 0.784 0.8939999999999999 0.7866671875 0.908 0.776 0.942 0.8053328125
0 0.958 0.5626671875 0.958 0.536 0.944 0.512 0.916 0.512 0.898 0.5333328125000001 0.8939999999999999 0.5519999999999999 0.9 0.5599999999999999 0.958 0.5626671875
0 0.588 0.3013328125 0.5700000000000001 0.2986671875 0.5559999999999999 0.32 0.5559999999999999 0.33599999999999997 0.5980000000000001 0.3413328125 0.5980000000000001 0.3173328125 0.588 0.3013328125
0 0.368 0.2586671875 0.352 0.2533328125 0.33799999999999997 0.26133281249999996 0.33199999999999996 0.27733281249999997 0.33799999999999997 0.2933328125 0.376 0.296 0.368 0.2586671875
2 0.188 0.1813328125 0.172 0.1813328125 0.156 0.2 0.158 0.2266671875 0.174 0.22933281249999998 0.202 0.21600000000000003 0.188 0.1813328125
2 0.476 0.32 0.46399999999999997 0.32 0.45999999999999996 0.3253328125 0.458 0.3253328125 0.458 0.3386671875 0.462 0.3386671875 0.472 0.3306671875 0.476 0.3306671875 0.48200000000000004 0.33599999999999997 0.484 0.32799999999999996 0.48200000000000004 0.32799999999999996 0.476 0.32
2 0.43 0.3093328125 0.42800000000000005 0.304 0.42000000000000004 0.2933328125 0.40599999999999997 0.2933328125 0.40199999999999997 0.296 0.40199999999999997 0.2986671875 0.398 0.304 0.398 0.3146671875 0.4 0.3173328125 0.40199999999999997 0.3146671875 0.41600000000000004 0.3173328125 0.418 0.32 0.426 0.32 0.42800000000000005 0.3173328125 0.43 0.3093328125
2 0.76 0.3093328125 0.754 0.3306671875 0.774 0.34933281250000003 0.78 0.3413328125 0.776 0.3173328125 0.76 0.3093328125