3 0.74 0.553059375 0.7427828125 0.536778125 0.7127875 0.5267765625 0.6980000000000001 0.4991671875 0.718 0.4632390625 0.716 0.412340625 0.706 0.38239999999999996 0.692 0.36743125 0.67 0.36443593750000003 0.64 0.3883890625 0.62 0.4392875 0.624 0.46623281250000004 0.5860000000000001 0.5380890625 0.58 0.5800062500000001 0.61 0.621921875 0.62 0.6788078125 0.596 0.8135390625 0.604 0.9961734375000001 0.732 0.9961734375000001 0.742 0.8554546875 0.748615625 0.753484375 0.732 0.594975 0.74 0.553059375
3 0 0.9970062499999999 0.018 0.9970062499999999 0.028000000000000004 0.9820359375000001 0.022 0.9730531250000001 0.028000000000000004 0.9491015624999999 0.024 0.9011968749999999 0.036 0.7455093749999999 0.016 0.5928140625 0.044 0.4790421875 0.092 0.43413124999999997 0.094 0.27844375 0.074 0.25449062499999997 0.046 0.251496875 0.022 0.287425 0.018 0.3323359375 0.03 0.4101796875 0 0.43413124999999997 0 0.9970062499999999
0 0.088 0.26347343749999996 0.06999999999999999 0.251496875 0.054000000000000006 0.248503125 0.052000000000000005 0.251496875 0.04 0.25449062499999997 0.036 0.2604796875 0.03 0.26347343749999996 0.024 0.27544843750000003 0.022 0.2964078125 0.02 0.2994015625 0.02 0.314371875 0.018 0.317365625 0.02 0.3323359375 0.078 0.329340625 0.08 0.326346875 0.088 0.326346875 0.09 0.329340625 0.094 0.326346875 0.096 0.28443125 0.088 0.26347343749999996
2 0.142 0.2994015625 0.156 0.29041875 0.158 0.29341249999999997 0.16399999999999998 0.29341249999999997 0.16599999999999998 0.2964078125 0.176 0.2994015625 0.188 0.326346875 0.186 0.30538906250000003 0.182 0.2994015625 0.18 0.29041875 0.174 0.2814375 0.16 0.2694609375 0.144 0.26347343749999996 0.126 0.26347343749999996 0.124 0.2664671875 0.11200000000000002 0.2694609375 0.1 0.287425 0.098 0.29341249999999997 0.098 0.323353125 0.1 0.326346875 0.11599999999999999 0.329340625 0.118 0.3323359375 0.128 0.329340625 0.136 0.320359375 0.13799999999999998 0.314371875 0.13999999999999999 0.314371875 0.142 0.2994015625
3 0.2376328125 0.9954000000000001 0.2068328125 0.9041921875 0.1968328125 0.8592812500000001 0.22679999999999997 0.7070140625 0.2088328125 0.6317359375 0.1788328125 0.43413124999999997 0.1908328125 0.389221875 0.1908328125 0.3353296875 0.1788328125 0.29041875 0.1508328125 0.2664671875 0.11483281249999999 0.2694609375 0.0988328125 0.30538906250000003 0.08764999999999999 0.44363281250000003 0.0409890625 0.4786390625 0.013492187499999999 0.588659375 0.025157812499999998 0.69284375 0.029325 0.7561890625000001 0.0318234375 0.8537078125 0.025157812499999998 0.9403890625000001 0.026824999999999998 0.9903984375 0.1101484375 0.9984375 0.2376328125 0.9954000000000001
0 0.294 0.35928125 0.292 0.3383234375 0.282 0.2964078125 0.274 0.28443125 0.26 0.2724546875 0.236 0.2694609375 0.21600000000000003 0.287425 0.20800000000000002 0.2994015625 0.20400000000000001 0.314371875 0.20400000000000001 0.329340625 0.202 0.3323359375 0.202 0.35329375 0.20400000000000001 0.35928125 0.23700000000000002 0.3353296875 0.27 0.3353296875 0.27599999999999997 0.3383234375 0.284 0.3503 0.29 0.3682640625 0.294 0.35928125
3 0.24 0.9970062499999999 0.302 0.9970062499999999 0.308 0.898203125 0.316 0.8892218749999999 0.312 0.7634734375 0.284 0.7305390625 0.27799999999999997 0.6886234375 0.304 0.562875 0.324 0.5059875 0.31 0.473053125 0.282 0.4491015625 0.292 0.3443109375 0.282 0.2994015625 0.27 0.2814375 0.256 0.2724546875 0.22599999999999998 0.27844375 0.20800000000000002 0.30239531249999996 0.202 0.3353296875 0.20800000000000002 0.41916093749999994 0.19 0.4491015625 0.19 0.49700625 0.198 0.5838328125000001 0.22200000000000003 0.670659375 0.22400000000000003 0.7275453125 0.196 0.8413171875 0.21400000000000002 0.895209375 0.21000000000000002 0.9311375 0.24 0.9970062499999999
2 0.48 0.35329375 0.48 0.3443109375 0.47400000000000003 0.323353125 0.47400000000000003 0.3083828125 0.472 0.30239531249999996 0.454 0.29041875 0.434 0.29041875 0.43200000000000005 0.29341249999999997 0.422 0.29341249999999997 0.41 0.2994015625 0.398 0.317365625 0.392 0.3353296875 0.39 0.3443109375 0.39 0.3682640625 0.4 0.3712578125 0.40599999999999997 0.35928125 0.41 0.3383234375 0.446 0.3113765625 0.45999999999999996 0.3113765625 0.47000000000000003 0.323353125 0.47800000000000004 0.3562875 0.48 0.35329375
3 0.5450953125 0.6536703125 0.545928125 0.5519859375 0.527596875 0.5053109375 0.47093749999999995 0.46196875000000004 0.4759375 0.418628125 0.47800000000000004 0.35329375 0.46399999999999997 0.30239531249999996 0.43200000000000005 0.29341249999999997 0.4 0.317365625 0.392 0.3473046875 0.398 0.42814375 0.39 0.46407187499999997 0.32999999999999996 0.5209578125000001 0.305125 0.5594875 0.28929375 0.6211640625 0.27679375 0.7061796874999999 0.285959375 0.7420203125 0.320121875 0.7645234375000001 0.33262187499999996 0.8028640625 0.340953125 0.79953125 0.3259546875 0.8662093750000001 0.32999999999999996 0.9970062499999999 0.5500953125 0.9984375 0.545928125 0.9528921875 0.5409296875 0.8853796875000001 0.553428125 0.8553734375 0.5550937499999999 0.7886953125 0.5450953125 0.6536703125
0 0.8560000000000001 0.392215625 0.86 0.389221875 0.8619999999999999 0.3562875 0.858 0.317365625 0.852 0.2994015625 0.844 0.287425 0.828 0.27544843750000003 0.798 0.2724546875 0.786 0.27844375 0.766 0.30239531249999996 0.754 0.3383234375 0.748 0.3443109375 0.746 0.3562875 0.754 0.3682640625 0.76 0.3562875 0.78 0.3443109375 0.79 0.3443109375 0.8119999999999999 0.35928125 0.828 0.362275 0.8400000000000001 0.3712578125 0.852 0.389221875 0.8560000000000001 0.392215625
3 0.74 0.9970062499999999 0.8859999999999999 0.9970062499999999 0.89 0.9041921875 0.884 0.8503000000000001 0.898 0.8323359375000001 0.9019999999999999 0.7065875 0.9 0.5179640625 0.8800000000000001 0.4790421875 0.8560000000000001 0.46407187499999997 0.86 0.3413171875 0.8480000000000001 0.29341249999999997 0.8220000000000001 0.27544843750000003 0.794 0.27544843750000003 0.766 0.30538906250000003 0.75 0.3443109375 0.772 0.5 0.758 0.5089828125 0.746 0.5359281250000001 0.72 0.6676640625 0.73 0.679640625 0.726 0.7185625 0.732 0.7305390625 0.746 0.7275453125 0.75 0.742515625 0.74 0.9970062499999999
3 0.908 0.639009375 0.892 0.9970062499999999 0.998 0.9970062499999999 0.9960000000000001 0.323353125 0.958 0.3113765625 0.93 0.3353296875 0.916 0.3832328125 0.93 0.49700625 0.9039999999999999 0.5149703125 0.908 0.639009375
0 0.99 0.317365625 0.978 0.314371875 0.976 0.3113765625 0.954 0.3113765625 0.9480000000000001 0.314371875 0.9339999999999999 0.326346875 0.9199999999999999 0.35928125 0.9179999999999999 0.37724531250000004 0.914 0.38622812500000003 0.916 0.398203125 0.9199999999999999 0.401196875 0.922 0.392215625 0.954 0.3802390625 0.976 0.3802390625 0.998 0.398203125 0.998 0.323353125 0.99 0.317365625
0 0.715625 0.4296875 0.7140625 0.3984375 0.6921875 0.3671875 0.6671875 0.365625 0.634375 0.396875 0.634375 0.4203125 0.6515625 0.4015625 0.6796875 0.39375 0.6921875 0.403125 0.7015625 0.421875 0.715625 0.4296875