3 0.144465625 0.7790265625 0.1575984375 0.7415734375 0.1782359375 0.722846875 0.1801125 0.6292140625 0.174484375 0.53558125 0.15009375 0.47565468749999995 0.17073125 0.32958750000000003 0.165103125 0.23595468749999998 0.15009375 0.2097375 0.12757968749999998 0.1985015625 0.095684375 0.2284640625 0.0919328125 0.3408234375 0.05065625 0.46441875 0.043151562500000004 0.5093640625 0.043151562500000004 0.597378125 0.03001875 0.677903125 0.03001875 0.7977531250000001 0.0619140625 0.8726593749999999 0.05628593750000001 0.8913859375 0.0731703125 0.947565625 0.0731703125 0.9775281250000001 0.08442812499999999 0.9812734375 0.17636093749999998 0.9101125 0.1613515625 0.89513125 0.1632265625 0.8164796875 0.144465625 0.7790265625
2 0.12195156250000001 0.1985015625 0.1013140625 0.21348281249999998 0.093809375 0.2284640625 0.093809375 0.277153125 0.165103125 0.2584265625 0.1669796875 0.2434453125 0.165103125 0.2284640625 0.1613515625 0.2209734375 0.155721875 0.21722812500000002 0.14821718749999999 0.2059921875 0.1369609375 0.1985015625 0.12195156250000001 0.1985015625
3 0.234521875 0.8539328125000001 0.24015 0.8726593749999999 0.24953124999999998 0.8726593749999999 0.2589125 0.8539328125000001 0.26266406249999996 0.7116109374999999 0.2814265625 0.647940625 0.2814265625 0.6104875 0.25515937499999997 0.3857671875 0.234521875 0.299625 0.24390312500000003 0.1985015625 0.23639843749999997 0.1535578125 0.21575937500000003 0.1310859375 0.1876171875 0.1385765625 0.174484375 0.179775 0.165103125 0.43445625000000004 0.19324531250000002 0.4681640625 0.19699843749999998 0.6591765625 0.19699843749999998 0.677903125 0.183865625 0.6816484375 0.1801125 0.6966296875 0.1876171875 0.7153562499999999 0.234521875 0.7191015625 0.2420265625 0.842696875 0.234521875 0.8539328125000001
2 0.23827343750000002 0.1760296875 0.24015 0.172284375 0.23827343750000002 0.1535578125 0.234521875 0.1460671875 0.2195125 0.1310859375 0.21013125000000002 0.1310859375 0.20825468749999998 0.127340625 0.2063796875 0.1310859375 0.19699843749999998 0.1310859375 0.1876171875 0.1385765625 0.1782359375 0.1535578125 0.17636093749999998 0.16479375000000002 0.17636093749999998 0.1760296875 0.174484375 0.179775 0.17636093749999998 0.202246875 0.1801125 0.202246875 0.1819890625 0.19475625000000002 0.198875 0.19475625000000002 0.2063796875 0.187265625 0.2063796875 0.1835203125 0.23076875000000002 0.16479375000000002 0.23827343750000002 0.1760296875
3 0.4221390625 0.5992515625 0.414634375 0.43071093749999995 0.42589062499999997 0.4007484375 0.43527187500000003 0.397003125 0.43527187500000003 0.37453125 0.4521578125 0.3408234375 0.45590937499999995 0.2284640625 0.43527187500000003 0.202246875 0.4165109375 0.21348281249999998 0.41088125 0.22471875 0.4071296875 0.28838906249999996 0.365853125 0.337078125 0.34896875 0.4082390625 0.34896875 0.558053125 0.36210156250000003 0.5767796875 0.3883671875 0.737828125 0.4015015625 0.737828125 0.40525312500000005 0.7603 0.42026250000000004 0.7415734375 0.42589062499999997 0.752809375 0.43527187500000003 0.6966296875 0.42776718750000003 0.6104875 0.4221390625 0.5992515625
2 0.454034375 0.21722812500000002 0.4371484375 0.202246875 0.42776718750000003 0.202246875 0.4221390625 0.2059921875 0.41088125 0.22471875 0.40900625 0.23595468749999998 0.40900625 0.2509359375 0.41088125 0.25468125 0.414634375 0.25468125 0.4165109375 0.2509359375 0.42589062499999997 0.2509359375 0.43339531249999996 0.22471875 0.4371484375 0.2209734375 0.45590937499999995 0.23595468749999998 0.454034375 0.21722812500000002
3 0.5103187499999999 0.23969999999999997 0.4971859375 0.2209734375 0.4727953125 0.2284640625 0.4615390625 0.262171875 0.46904375 0.752809375 0.48968125 0.752809375 0.5065671875 0.722846875 0.5178234374999999 0.5992515625 0.5234515625 0.5842703124999999 0.5197 0.56554375 0.5253281249999999 0.5468171875000001 0.5121953125 0.4232203125 0.514071875 0.262171875 0.5103187499999999 0.23969999999999997
2 0.4803 0.2209734375 0.46904375 0.232209375 0.4615390625 0.25468125 0.4615390625 0.262171875 0.4765484375 0.2808984375 0.49343281250000004 0.262171875 0.5121953125 0.26591718750000004 0.514071875 0.262171875 0.5121953125 0.2434453125 0.5046906250000001 0.2284640625 0.4971859375 0.2209734375 0.4803 0.2209734375
3 0.5328328124999999 0.7153562499999999 0.5534703125 0.7116109374999999 0.5572234375 0.722846875 0.5872421875 0.7153562499999999 0.594746875 0.7078656249999999 0.5872421875 0.6292140625 0.59099375 0.558053125 0.604128125 0.53558125 0.606003125 0.5168546875 0.606003125 0.4906359375 0.5872421875 0.4494375 0.5834890625 0.42696562499999996 0.59099375 0.32958750000000003 0.574109375 0.2734078125 0.574109375 0.23595468749999998 0.5722328125 0.21886875 0.564728125 0.21348281249999998 0.5422140625 0.21348281249999998 0.5253281249999999 0.2584265625 0.5234515625 0.3707859375 0.5290812500000001 0.4082390625 0.5403374999999999 0.4157296875 0.5384609375 0.42696562499999996 0.5478421875 0.456928125 0.5384609375 0.4906359375 0.5328328124999999 0.4906359375 0.5290812500000001 0.5393265625 0.53095625 0.7078656249999999 0.5328328124999999 0.7153562499999999
2 0.545965625 0.25468125 0.5515953125 0.2434453125 0.5515953125 0.23969999999999997 0.564728125 0.2284640625 0.5722328125 0.23969999999999997 0.575984375 0.23595468749999998 0.57035625 0.22471875 0.57035625 0.2209734375 0.5628515625 0.2097375 0.544090625 0.2097375 0.534709375 0.2284640625 0.5328328124999999 0.23969999999999997 0.5290812500000001 0.247190625 0.5328328124999999 0.25468125 0.5328328124999999 0.2584265625 0.5384609375 0.262171875 0.5384609375 0.26591718750000004 0.5422140625 0.26591718750000004 0.5422140625 0.262171875 0.545965625 0.2584265625 0.545965625 0.25468125
2 0.6923078125 0.25468125 0.6979359374999999 0.25468125 0.6979359374999999 0.2509359375 0.7016890625000001 0.247190625 0.7035640625 0.23969999999999997 0.7035640625 0.23595468749999998 0.6979359374999999 0.2284640625 0.696059375 0.2209734375 0.6941843750000001 0.2209734375 0.6885546875 0.2097375 0.6791750000000001 0.202246875 0.6679171875 0.202246875 0.6585359375000001 0.21348281249999998 0.654784375 0.2284640625 0.654784375 0.25468125 0.6566609375 0.2584265625 0.6585359375000001 0.2584265625 0.6585359375000001 0.25468125 0.6622890625 0.2509359375 0.6622890625 0.247190625 0.684803125 0.2434453125 0.6866796875000001 0.2434453125 0.6923078125 0.25468125
3 0.7166984375000001 0.5917609374999999 0.7242031250000001 0.50561875 0.7410875 0.4531828125 0.6904312499999999 0.21348281249999998 0.66979375 0.202246875 0.6566609375 0.2209734375 0.654784375 0.2808984375 0.6585359375000001 0.292134375 0.6510312500000001 0.322096875 0.63039375 0.337078125 0.624765625 0.35955 0.6228890625 0.43071093749999995 0.6378984375 0.5617984375 0.6716703125000001 0.5880156249999999 0.675421875 0.59550625 0.6735453125 0.6217234375 0.684803125 0.6179781249999999 0.7073171874999999 0.647940625 0.7073171874999999 0.662921875 0.72045 0.662921875 0.7166984375000001 0.5917609374999999
3 0.8180109375000001 0.2509359375 0.8180109375000001 0.2059921875 0.8086296875000001 0.1760296875 0.7917453125 0.172284375 0.7823640625 0.1835203125 0.774859375 0.2284640625 0.7767359375 0.247190625 0.7673546875 0.28838906249999996 0.7429640625 0.3183515625 0.7373359374999999 0.352059375 0.735459375 0.43071093749999995 0.7448406249999999 0.4494375 0.7429640625 0.47565468749999995 0.75046875 0.5468171875000001 0.8405250000000001 0.528090625 0.8367734375 0.47939999999999994 0.8480296875000001 0.411984375 0.8480296875000001 0.307115625 0.8330203125000001 0.292134375 0.8180109375000001 0.2509359375
2 0.814259375 0.1835203125 0.8105062500000001 0.1760296875 0.8011250000000001 0.1685390625 0.78986875 0.172284375 0.7823640625 0.1835203125 0.7804875 0.1835203125 0.7767359375 0.1985015625 0.7786109375 0.2059921875 0.7786109375 0.21722812500000002 0.7823640625 0.21348281249999998 0.786115625 0.1985015625 0.7917453125 0.187265625 0.8180109375000001 0.2059921875 0.8180109375000001 0.19475625000000002 0.814259375 0.187265625 0.814259375 0.1835203125
3 0.8011250000000001 0.6292140625 0.8030015625000001 0.6179781249999999 0.8030015625000001 0.573034375 0.8048781249999999 0.573034375 0.8048781249999999 0.5617984375 0.8067546875 0.558053125 0.8048781249999999 0.5543078125 0.76923125 0.5543078125 0.76923125 0.558053125 0.765478125 0.5617984375 0.7617265625 0.5692890625 0.7617265625 0.573034375 0.7485921875 0.573034375 0.75046875 0.5767796875 0.7485921875 0.5917609374999999 0.7467171875 0.59550625 0.7467171875 0.602996875 0.75046875 0.6142328125 0.75046875 0.62546875 0.754221875 0.632959375 0.7636015625 0.64045 0.77110625 0.64045 0.8011250000000001 0.6292140625