3 0.7265625 0.2625 0.7046875 0.2890625 0.7046875 0.3296875 0.7140625 0.3375 0.7390625 0.284375 0.7578125 0.26875 0.75 0.2609375 0.7265625 0.2625
0 0.065 0.22000000000000003 0.05500000000000001 0.2433328125 0.052500000000000005 0.2833328125 0.067646875 0.29411718750000004 0.086765625 0.282353125 0.1235296875 0.2843140625 0.142646875 0.2764703125 0.13999999999999999 0.2766671875 0.1275 0.2266671875 0.11000000000000001 0.21000000000000002 0.08499999999999999 0.21000000000000002 0.065 0.22000000000000003
0 0.21764687500000002 0.3431359375 0.25735312499999996 0.34509687499999997 0.26749999999999996 0.27999999999999997 0.22749999999999998 0.2666671875 0.1975 0.3 0.1925 0.3466671875 0.20588281249999998 0.347059375 0.21764687500000002 0.3431359375
0 0.3125 0.23666718750000001 0.3 0.17333281250000002 0.2575 0.17333281250000002 0.25 0.19 0.2725 0.21000000000000002 0.28250000000000003 0.2466671875 0.3125 0.23666718750000001
0 0.408821875 0.3058828125 0.43823437500000006 0.301959375 0.46176562499999996 0.29411718750000004 0.47000000000000003 0.27999999999999997 0.45999999999999996 0.2466671875 0.4125 0.21333281249999997 0.385 0.2533328125 0.385 0.3 0.408821875 0.3058828125
0 0.5485296875000001 0.3784296875 0.5941171875 0.3666671875 0.5974999999999999 0.32 0.5775 0.28666718750000003 0.5425 0.2666671875 0.5175 0.2766671875 0.5025000000000001 0.3066671875 0.505 0.3833328125 0.5485296875000001 0.3784296875
0 0.61 0.28666718750000003 0.61 0.2433328125 0.595 0.22333281249999998 0.5700000000000001 0.2166671875 0.5575 0.2266671875 0.5625 0.27 0.585 0.28666718750000003 0.61 0.28666718750000003
0 0.73 0.3766671875 0.791178125 0.3960796875 0.8014703125 0.3705859375 0.7975 0.3033328125 0.7825 0.27999999999999997 0.745 0.2766671875 0.72 0.3233328125 0.72 0.3633328125 0.73 0.3766671875
0 0.9625 0.22333281249999998 0.9275 0.22000000000000003 0.9 0.2566671875 0.8975 0.3133328125 0.9117656249999999 0.3294140625 0.9264703125 0.301959375 0.95 0.3 0.961765625 0.301959375 0.9794124999999999 0.3 0.9824999999999999 0.2966671875 0.99 0.2833328125 0.9824999999999999 0.2533328125 0.9625 0.22333281249999998
3 0.9974999999999999 0.9966671874999999 0.9974999999999999 0.8566671875 0.9974999999999999 0.3733328125 0.985 0.3233328125 0.9925 0.27 0.97 0.2266671875 0.9400000000000001 0.22000000000000003 0.915 0.22999999999999998 0.8975 0.27333281249999997 0.8975 0.3066671875 0.9125 0.34333281250000003 0.822059375 0.4686265625 0.8058828124999999 0.7039203125 0.857353125 0.8607828124999999 0.8720593750000001 0.90784375 0.8735296874999999 0.962746875 0.8676468749999999 0.9966671874999999 0.967646875 0.9966671874999999 0.9974999999999999 0.9966671874999999
3 0.7975 0.4 0.805 0.35333281250000004 0.7875 0.28666718750000003 0.75 0.2766671875 0.7275 0.2966671875 0.7150000000000001 0.33999999999999997 0.7224999999999999 0.40666718749999997 0.6825 0.4366671875 0.6675 0.47000000000000003 0.6975 0.5966671875 0.6825 0.7133328125 0.6599999999999999 0.75 0.6825 0.9966671874999999 0.8324999999999999 0.9966671874999999 0.8225 0.82 0.8025 0.7333328125 0.82 0.5066671875 0.835 0.4366671875 0.7975 0.4
3 0.6125 0.29 0.6075 0.24 0.58 0.2166671875 0.5525 0.2333328125 0.54 0.26 0.5775 0.2833328125 0.6025 0.4166671875 0.63 0.4433328125 0.6575 0.45 0.665 0.41 0.6575 0.3866671875 0.63 0.3633328125 0.6025 0.3133328125 0.6125 0.29
3 0.45696250000000005 0.9984375 0.5040203125 0.9974500000000001 0.5378453125 0.987646875 0.5316671875 0.996665625 0.6241671875 0.9984375 0.6441671875 0.79 0.68945625 0.69868125 0.69445625 0.5969953125 0.673625 0.49280937500000005 0.6441671875 0.466665625 0.6016671875 0.43 0.5941671875 0.326665625 0.5766671875 0.2933328125 0.5341671875 0.27333281249999997 0.5141671875 0.2833328125 0.4991671875 0.3133328125 0.5066671875 0.39 0.5219765625 0.4378 0.48781406250000003 0.44530156249999997 0.44115312500000003 0.478640625 0.3893140625 0.63470625 0.4393140625 0.7288234375 0.45255 0.779803125 0.4393140625 0.8484296875 0.4419859375 0.9112203125 0.4393140625 0.94255 0.436371875 0.9984375 0.45696250000000005 0.9984375
3 0.4516671875 0.2308328125 0.4191671875 0.2108328125 0.3841671875 0.2441671875 0.3766671875 0.29083281250000004 0.37960781250000003 0.3582828125 0.3766671875 0.4857359375 0.4031375 0.6092640625 0.45019687499999994 0.5033828125 0.4791671875 0.4375 0.5119625 0.387696875 0.46916718749999997 0.34416718749999997 0.46916718749999997 0.2708328125 0.4516671875 0.2308328125
3 0.1925 0.35 0.20619843750000003 0.4211171875 0.1470390625 0.46362500000000006 0.12454218749999998 0.5194687499999999 0.057353125000000005 0.7686265624999999 0.07538125 0.82035625 0.14453906249999998 0.700334375 0.1378734375 0.86203125 0.17536875000000002 0.8895359375 0.1852953125 0.9966671874999999 0.20750000000000002 0.4366671875 0.265 0.39 0.26749999999999996 0.2766671875 0.225 0.2666671875 0.1975 0.3 0.1925 0.35
3 0 0.7482593750000001 0.023709374999999998 0.7374234375000001 0.0203765625 0.850778125 0.042040625 0.9599640624999999 0.0653703125 0.9984375 0.082353125 0.9984375 0.0945328125 0.9299578125 0.1036984375 0.8107703125000001 0.0945328125 0.9984375 0.1562046875 0.9984375 0.20786406249999997 0.4235125 0.19203281249999998 0.3768375 0.1403734375 0.3434984375 0.135 0.3115625 0.1375 0.26156250000000003 0.11000000000000001 0.218228125 0.08 0.218228125 0.057499999999999996 0.24156249999999999 0.052500000000000005 0.2815625 0.0725 0.328228125 0.05455 0.3561046875 0.0195546875 0.37527499999999997 0.01454375 0.499046875 0 0.5465546875 0 0.6715625000000001 0 0.7482593750000001
3 0.28250000000000003 0.2466671875 0.315 0.2333328125 0.3025 0.17333281250000002 0.27 0.1666671875 0.2525 0.1766671875 0.25 0.19 0.2725 0.21333281249999997 0.28250000000000003 0.2466671875
0 0.2852953125 0.237253125 0.261765625 0.2960796875 0.2764703125 0.34509687499999997 0.341178125 0.3294140625 0.37794062500000003 0.3294140625 0.37794062500000003 0.3 0.36764687500000004 0.282353125 0.34411718750000003 0.237253125 0.2852953125 0.237253125
3 0.2 0.909803125 0.1764703125 0.97255 0.21764687500000002 0.9966671874999999 0.2852953125 0.9966671874999999 0.3735296875 0.9966671874999999 0.375 0.9529406249999999 0.386765625 0.8960796875 0.4014703125 0.7882359375 0.40588281249999997 0.6764703125 0.40588281249999997 0.58039375 0.38235312499999996 0.4705859375 0.3455875 0.425490625 0.370328125 0.42925781250000006 0.37949375 0.37841562500000003 0.36366718750000004 0.34068437500000004 0.3728328125 0.32568125000000003 0.367834375 0.290675 0.3436703125 0.2456671875 0.3136734375 0.2415 0.273678125 0.2690046875 0.26451250000000004 0.34901875000000004 0.2602953125 0.40588281249999997 0.202940625 0.4588234375 0.1941171875 0.537253125 0.1764703125 0.6411765625 0.1852953125 0.752940625 0.2014703125 0.8313734374999999 0.2 0.909803125
0 0.2796875 0.2078125 0.271875 0.196875 0.25 0.1859375 0.228125 0.1953125 0.2125 0.215625 0.2109375 0.2546875 0.215625 0.265625 0.265625 0.2734375 0.271875 0.26875 0.28125 0.25 0.2796875 0.2078125
3 0.271875 0.203125 0.2453125 0.1875 0.228125 0.19375 0.2125 0.2171875 0.2109375 0.25625 0.215625 0.265625 0.2703125 0.271875 0.28125 0.25 0.278125 0.2109375 0.271875 0.203125
0 0.709375 0.2171875 0.6734375 0.2125 0.6609375 0.228125 0.6578125 0.2671875 0.6671875 0.290625 0.6828125 0.2921875 0.728125 0.2625 0.7234375 0.234375 0.709375 0.2171875
3 0.684375 0.425 0.7203125 0.4046875 0.703125 0.30546875 0.7125 0.2765625 0.7265625 0.2625 0.71875 0.23125 0.7015625 0.215625 0.671875 0.215625 0.6609375 0.2375 0.659375 0.28125 0.6765625 0.3203125 0.665625 0.3515625 0.6625 0.3859375 0.6765625 0.4234375 0.684375 0.425
0 0.728125 0.2625 0.7046875 0.290625 0.703125 0.309375 0.7125 0.328125 0.740625 0.284375 0.7578125 0.2703125 0.753125 0.2625 0.728125 0.2625