3 0.7770265625 0.201209375 0.7547734375 0.2039703125 0.7376953125 0.22604375000000002 0.72838125 0.2646703125 0.7247578125 0.291340625 0.726828125 0.3419265625 0.7221703125000001 0.387909375 0.703540625 0.418259375 0.6957765625000001 0.506553125 0.6864640625 0.6224359374999999 0.716478125 0.6307140625 0.7159609375 0.711646875 0.71699375 0.8072968749999999 0.7185484375 0.8606406249999999 0.82745625 0.8255171875 0.8292921874999999 0.77510625 0.8432671875000001 0.7429171875 0.8453359375 0.6849765624999999 0.8774203125 0.704290625 0.884665625 0.6573859375 0.8789734375 0.5258671875 0.8085921875000001 0.32720937499999997 0.8137671875000001 0.2996203125 0.807559375 0.2324796875 0.7770265625 0.201209375
0 0.7413171875 0.238 0.7325203124999999 0.2582328125 0.7335546875000001 0.28674374999999996 0.7232046875 0.30605625000000003 0.7521859375 0.30421718750000004 0.807559375 0.30145625 0.8142859375 0.291340625 0.8049703125000001 0.284903125 0.8029 0.2435171875 0.788928125 0.2186828125 0.771334375 0.212246875 0.7568421875 0.2140859375 0.7495984375 0.21960312499999998 0.7413171875 0.238
3 0.6398875 0.6684203125 0.63523125 0.5681734374999999 0.648684375 0.49367656249999997 0.6347125 0.39710625 0.601075 0.3860703125 0.5959 0.31801406249999997 0.5757171875 0.300540625 0.5524296875 0.3143328125 0.5472546875 0.40170625 0.534834375 0.4099828125 0.5162046874999999 0.5396640625 0.542596875 0.6012828125 0.5436328125000001 0.705209375 0.5586390625 0.8137359375000001 0.5519125 0.9434140624999999 0.5881375 0.9581296874999999 0.589690625 0.97100625 0.5907234375 0.78614375 0.591759375 0.6914140625 0.61711875 0.8698359375000001 0.6253984375 0.951690625 0.6652453125 0.96640625 0.652825 0.8762765625 0.646615625 0.7879828125 0.6398875 0.6684203125
3 0.42512343750000003 0.7778671875 0.4256421875 0.7337203125 0.4566921875 0.9240999999999999 0.4742875 0.9535296875 0.5001609375 0.968246875 0.5208609375 0.9415734375 0.49446874999999996 0.8965093749999999 0.47066406250000004 0.7769468749999999 0.4742875 0.753953125 0.4691109375 0.66474375 0.46341875000000005 0.579209375 0.48360156249999997 0.5562171874999999 0.48463593749999995 0.5028734375 0.47118125 0.43941406250000004 0.4390953125 0.42102031249999994 0.44116718749999995 0.3980265625 0.4447875 0.36767656249999997 0.4396140625 0.33732656250000004 0.4163265625 0.3189328125 0.397178125 0.3345671875 0.3914859375 0.3750328125 0.3956265625 0.4044671875 0.37005781249999997 0.44275937499999996 0.3619890625 0.555296875 0.373890625 0.582890625 0.37440937500000004 0.6785359375 0.397178125 0.8532828125 0.40338906249999995 0.93605625 0.40908125 0.97100625 0.42822812499999996 0.9618062500000001 0.4406484375 0.8762765625 0.42512343750000003 0.7778671875
3 0.2512421875 0.46700625 0.23675312499999998 0.4090640625 0.23312968750000002 0.398946875 0.22588593750000002 0.38515 0.2243328125 0.3741171875 0.2243328125 0.37135625 0.228990625 0.3492828125 0.23157812500000002 0.326290625 0.23209531249999998 0.291340625 0.2217453125 0.260990625 0.1958703125 0.24719687499999998 0.172065625 0.260990625 0.1643015625 0.2987 0.1694765625 0.34376406249999997 0.11669218750000002 0.429296875 0.11720937499999999 0.6261171875 0.14049687500000002 0.7134859375 0.13842812499999999 0.7429171875 0.1529171875 0.831209375 0.15332812499999998 0.9944828125 0.1969046875 0.9966671874999999 0.19897499999999999 0.7971796875 0.2077734375 0.9966671874999999 0.252278125 0.9966671874999999 0.240375 0.9038671875000001 0.241928125 0.7953406249999999 0.245034375 0.741996875 0.2553828125 0.639909375 0.2512421875 0.46700625
3 0.27297812499999996 0.8137359375000001 0.2755640625 0.7576328125 0.28332812500000004 0.7217640624999999 0.2843640625 0.7741859375 0.291090625 0.8532828125 0.301440625 0.9112234375 0.3190359375 0.956290625 0.33973593750000003 0.9287000000000001 0.327315625 0.8882296875 0.3216234375 0.7585531249999999 0.32265781250000003 0.685896875 0.3154125 0.638990625 0.306096875 0.6031234375000001 0.3138609375 0.5819703125 0.3309375 0.5332234375 0.327315625 0.45597031250000003 0.31644843749999996 0.42745625 0.29264375 0.3998671875 0.3004046875 0.3750328125 0.2916078125 0.33732656250000004 0.281259375 0.315253125 0.26978125 0.3163234375 0.2646984375 0.3189328125 0.2476203125 0.35204375 0.2512421875 0.39435 0.2398578125 0.4118234375 0.2465859375 0.925940625 0.25383125 0.9406531250000001 0.27194375000000004 0.895590625 0.2683203125 0.830290625 0.27297812499999996 0.8137359375000001
3 0.35991875 0.579209375 0.3604359375 0.52770625 0.3594015625 0.43665624999999997 0.34490937499999996 0.4099828125 0.32628124999999997 0.40078593749999997 0.33145625 0.3695171875 0.335596875 0.3584796875 0.3252453125 0.333646875 0.312825 0.3115765625 0.306615625 0.31801406249999997 0.291090625 0.338246875 0.2941953125 0.3695171875 0.29630625 0.40252968750000007 0.30920312499999997 0.627953125 0.319553125 0.63715 0.3231765625 0.7953406249999999 0.3438765625 0.8082171875 0.3604359375 0.799940625 0.3464640625 0.76315 0.3459453125 0.7282031250000001 0.353190625 0.583809375 0.35991875 0.579209375
0 0.31593125 0.31709375 0.30558125 0.3207734375 0.2973 0.33640625 0.2916078125 0.35112343749999997 0.2998875 0.3649171875 0.3345609375 0.3630796875 0.329903125 0.3391671875 0.31593125 0.31709375
2 0.5966234375 0.35333281250000004 0.5872421875 0.3166671875 0.5572234375 0.3166671875 0.555346875 0.33999999999999997 0.574109375 0.32 0.5872421875 0.3566671875 0.5966234375 0.35333281250000004
2 0.44089999999999996 0.3666671875 0.439025 0.32999999999999996 0.3977484375 0.3233328125 0.395871875 0.35 0.44089999999999996 0.3666671875
2 0.2570359375 0.3266671875 0.25515937499999997 0.3466671875 0.27955 0.32999999999999996 0.29080625000000004 0.3366671875 0.2776734375 0.3166671875 0.2570359375 0.3266671875
2 0.17260781249999999 0.3166671875 0.1782359375 0.3066671875 0.1913703125 0.3133328125 0.2120078125 0.2833328125 0.22326406250000003 0.29 0.21763593750000002 0.2666671875 0.204503125 0.26 0.1819890625 0.26333281249999996 0.16885624999999999 0.2833328125 0.17260781249999999 0.3166671875