3 0.152 0.5159578125000001 0.128 0.497340625 0.12 0.4760640625 0.148 0.4388296875 0.142 0.3909578125 0.11399999999999999 0.367021875 0.08199999999999999 0.375 0.062 0.406915625 0.062 0.4281921875 0.08 0.47074531249999996 0.032 0.497340625 0.014000000000000002 0.5372343749999999 0.012 0.757978125 0.03 0.797871875 0.036 0.8484046875000001 0.034 0.997340625 0.11399999999999999 0.997340625 0.11399999999999999 0.8936171875 0.142 0.747340625 0.148 0.6755312499999999 0.144 0.5744687500000001 0.152 0.5159578125000001
2 0.118 0.3962765625 0.134 0.4281921875 0.148 0.42287187499999995 0.142 0.3882984375 0.118 0.367021875 0.088 0.36968125 0.062 0.40425468750000004 0.068 0.4308515625 0.118 0.3962765625
3 0.27799999999999997 0.3962765625 0.274 0.3590421875 0.256 0.34574531249999996 0.22200000000000003 0.35638281250000003 0.21400000000000002 0.375 0.21800000000000003 0.4414890625 0.176 0.47074531249999996 0.158 0.502659375 0.15 0.5744687500000001 0.16799999999999998 0.7562046875 0.16399999999999998 0.997340625 0.266 0.997340625 0.284 0.7393609375 0.27799999999999997 0.5984046875 0.292 0.5 0.29 0.48404218749999994 0.262 0.4468078125 0.27799999999999997 0.3962765625
2 0.21600000000000003 0.39361718749999997 0.244 0.367021875 0.258 0.367021875 0.274 0.4015953125 0.27999999999999997 0.3909578125 0.274 0.3590421875 0.26 0.34574531249999996 0.22999999999999998 0.34840468750000003 0.21400000000000002 0.372340625 0.21600000000000003 0.39361718749999997
3 0.374 0.46010625000000005 0.384 0.4015953125 0.372 0.382978125 0.344 0.375 0.32 0.3909578125 0.316 0.41755312499999997 0.32799999999999996 0.48404218749999994 0.298 0.507978125 0.292 0.531915625 0.284 0.6515953125 0.31 0.997340625 0.404 0.997340625 0.42000000000000004 0.7659578125000001 0.414 0.6888296875 0.442 0.6010640625 0.426 0.5186171875000001 0.41 0.49468125 0.38 0.47872343749999996 0.374 0.46010625000000005
2 0.32 0.4281921875 0.33199999999999996 0.3989359375 0.348 0.39361718749999997 0.368 0.42553124999999997 0.384 0.42287187499999995 0.384 0.3989359375 0.366 0.375 0.33999999999999997 0.375 0.318 0.39361718749999997 0.32 0.4281921875
3 0.528 0.997340625 0.564 0.997340625 0.5700000000000001 0.7361703125 0.588 0.6835109375 0.592 0.617021875 0.592 0.5239359375 0.5780000000000001 0.4468078125 0.5700000000000001 0.4308515625 0.526 0.406915625 0.536 0.33510625 0.52 0.3111703125 0.496 0.3085109375 0.47000000000000003 0.33510625 0.47400000000000003 0.41489374999999995 0.43600000000000005 0.4388296875 0.42000000000000004 0.46542500000000003 0.41600000000000004 0.492021875 0.43600000000000005 0.531915625 0.45 0.6063828124999999 0.44000000000000006 0.6914890625 0.454 0.71010625 0.44800000000000006 0.872340625 0.46399999999999997 0.997340625 0.49800000000000005 0.997340625 0.524 0.9840421875 0.528 0.997340625
2 0.472 0.327128125 0.47400000000000003 0.3590421875 0.484 0.34042500000000003 0.506 0.3297875 0.516 0.3297875 0.526 0.3617015625 0.536 0.3537234375 0.534 0.3297875 0.516 0.3085109375 0.49400000000000005 0.3085109375 0.472 0.327128125
3 0.778 0.6861703125 0.788 0.66489375 0.788 0.6117015625 0.776 0.49468125 0.76 0.462765625 0.726 0.4414890625 0.72 0.4281921875 0.728 0.34574531249999996 0.702 0.3218078125 0.6639999999999999 0.34042500000000003 0.662 0.38031875 0.6759999999999999 0.42553124999999997 0.674 0.4468078125 0.63 0.468084375 0.618 0.49468125 0.608 0.5611703125 0.602 0.6409578125000001 0.616 0.7207453125 0.628 0.7340421874999999 0.6519999999999999 0.8989359374999999 0.646 0.997340625 0.752 0.997340625 0.752 0.8324468749999999 0.764 0.747340625 0.776 0.7287234375 0.778 0.6861703125
2 0.6639999999999999 0.38031875 0.686 0.34574531249999996 0.716 0.3537234375 0.72 0.377659375 0.73 0.375 0.728 0.343084375 0.706 0.3191484375 0.686 0.3164890625 0.6599999999999999 0.343084375 0.6639999999999999 0.38031875
3 0.9460000000000001 0.997340625 0.944 0.8936171875 0.976 0.6994687500000001 0.992 0.531915625 0.968 0.4414890625 0.9119999999999999 0.3962765625 0.9199999999999999 0.332446875 0.9019999999999999 0.30053125 0.866 0.292553125 0.8480000000000001 0.3058515625 0.842 0.33776562499999996 0.858 0.40957499999999997 0.82 0.4388296875 0.796 0.5106390625 0.796 0.702128125 0.8019999999999999 0.7234046875 0.8140000000000001 0.7313828124999999 0.8320000000000001 0.837765625 0.8240000000000001 0.997340625 0.868 0.997340625 0.8720000000000001 0.9840421875 0.892 0.9840421875 0.8939999999999999 0.997340625 0.9460000000000001 0.997340625
2 0.844 0.34574531249999996 0.8539999999999999 0.32446875 0.8800000000000001 0.3164890625 0.898 0.34840468750000003 0.916 0.3510640625 0.9179999999999999 0.3218078125 0.9 0.297871875 0.8619999999999999 0.292553125 0.8460000000000001 0.30053125 0.844 0.34574531249999996