2 0.8480000000000001 0.498371875 0.8859999999999999 0.5407171875000001 0.916 0.49185625 0.932 0.4853421875 0.9400000000000001 0.41368124999999994 0.916 0.3648203125 0.8779999999999999 0.3615640625 0.858 0.37785 0.8480000000000001 0.433225 0.8480000000000001 0.498371875
2 0.716 0.4364828125 0.74 0.45276875 0.77 0.41368124999999994 0.768 0.35830625 0.756 0.328990625 0.734 0.32247499999999996 0.71 0.3452765625 0.708 0.40065156249999995 0.716 0.4364828125
2 0.6900000000000001 0.3843640625 0.692 0.31921875 0.6799999999999999 0.299675 0.6639999999999999 0.299675 0.644 0.32247499999999996 0.646 0.39739375 0.67 0.41693749999999996 0.6900000000000001 0.3843640625
2 0.502 0.32247499999999996 0.48600000000000004 0.3061890625 0.472 0.31921875 0.472 0.37785 0.488 0.3941375 0.5 0.37785 0.502 0.32247499999999996
2 0.254 0.3420203125 0.244 0.32573281249999997 0.21600000000000003 0.33876249999999997 0.21800000000000003 0.40716562500000003 0.242 0.41693749999999996 0.254 0.3908796875 0.254 0.3420203125
2 0.154 0.41368124999999994 0.182 0.4462546875 0.202 0.44299687499999996 0.21000000000000002 0.423453125 0.20800000000000002 0.33876249999999997 0.194 0.32247499999999996 0.172 0.31921875 0.158 0.32573281249999997 0.148 0.348534375 0.154 0.41368124999999994
2 0.1 0.537459375 0.11200000000000002 0.5407171875000001 0.142 0.498371875 0.148 0.40065156249999995 0.10400000000000001 0.3648203125 0.086 0.3713359375 0.074 0.40065156249999995 0.072 0.48860000000000003 0.1 0.537459375
3 0.148 0.45928281249999997 0.146 0.3941375 0.10400000000000001 0.3648203125 0.088 0.368078125 0.076 0.3941375 0.074 0.482084375 0.005 0.58631875 0.005 0.8448703125 0.02 0.9690546875000001 0.12 0.69706875 0.134 0.687296875 0.162 0.69706875 0.178 0.6254078125 0.128 0.5309453125 0.148 0.45928281249999997
3 0.20400000000000001 0.501628125 0.194 0.4657984375 0.20800000000000002 0.426709375 0.21000000000000002 0.3452765625 0.194 0.32247499999999996 0.172 0.31921875 0.158 0.32573281249999997 0.144 0.35830625 0.152 0.403909375 0.15 0.4657984375 0.13 0.5244296875 0.184 0.62215 0.202 0.596090625 0.22599999999999998 0.5895765625 0.236 0.566775 0.22799999999999998 0.5537453125 0.22999999999999998 0.5276875000000001 0.20400000000000001 0.501628125
3 0.252 0.33876249999999997 0.22599999999999998 0.32573281249999997 0.21400000000000002 0.348534375 0.21200000000000002 0.44951093750000004 0.22000000000000003 0.4690546875 0.22799999999999998 0.4853421875 0.252 0.4951140625 0.27599999999999997 0.48860000000000003 0.27799999999999997 0.47557031250000004 0.256 0.4462546875 0.246 0.40716562500000003 0.254 0.387621875 0.252 0.33876249999999997
3 0.446 0.40716562500000003 0.44400000000000006 0.4657984375 0.45 0.47557031250000004 0.526 0.4690546875 0.534 0.41368124999999994 0.506 0.3811078125 0.502 0.32247499999999996 0.49400000000000005 0.309446875 0.47400000000000003 0.3159609375 0.466 0.3811078125 0.446 0.40716562500000003
3 0.6679999999999999 0.299675 0.644 0.32573281249999997 0.646 0.3908796875 0.618 0.478828125 0.63 0.501628125 0.646 0.48860000000000003 0.6719999999999999 0.5048859375 0.6940000000000001 0.4951140625 0.71 0.4397390625 0.692 0.3615640625 0.692 0.31921875 0.6679999999999999 0.299675
3 0.8119999999999999 0.4951140625 0.766 0.3941375 0.764 0.3420203125 0.732 0.32247499999999996 0.71 0.3452765625 0.714 0.4364828125 0.704 0.48860000000000003 0.674 0.5114 0.682 0.5309453125 0.6799999999999999 0.5602609375000001 0.716 0.5700328125 0.786 0.631921875 0.8099999999999999 0.6188921875 0.8220000000000001 0.5993484375 0.8119999999999999 0.4951140625
3 0.998 0.7947875 0.998 0.612378125 0.9800000000000001 0.5472312500000001 0.9339999999999999 0.47231249999999997 0.9359999999999999 0.39739375 0.908 0.3615640625 0.8699999999999999 0.3648203125 0.8539999999999999 0.3908796875 0.8480000000000001 0.4951140625 0.8619999999999999 0.5244296875 0.8320000000000001 0.6188921875 0.834 0.6579796875 0.8480000000000001 0.6742671875 0.844 0.7231265625 0.8560000000000001 0.7394140625000001 0.8960000000000001 0.7557 0.96 0.762215625 0.998 0.7947875