0 0.7473671875 0.6489921875 0.7697375 0.64305625 0.7868421875 0.645034375 0.7825 0.6278203125 0.765 0.601503125 0.7474999999999999 0.601503125 0.7325 0.6240593750000001 0.73 0.6541359375 0.7473671875 0.6489921875
0 0.635528125 0.645034375 0.6473671875 0.6351390625 0.6565796875000001 0.6410750000000001 0.6684203125 0.6371203125 0.6599999999999999 0.61278125 0.64 0.593984375 0.62 0.609021875 0.6223671875 0.6489921875 0.635528125 0.645034375
0 0.5026328125 0.652946875 0.5184203125 0.6371203125 0.540790625 0.6351390625 0.5539468750000001 0.631184375 0.55 0.6278203125 0.53 0.59774375 0.5025000000000001 0.61278125 0.5078953125 0.6252484375 0.5026328125 0.652946875
0 0.4725 0.6203000000000001 0.45499999999999996 0.590225 0.43 0.609021875 0.43815781249999997 0.631184375 0.4552625 0.6390984375000001 0.475 0.6410750000000001 0.4725 0.6203000000000001
0 0.25 0.609021875 0.2325 0.58270625 0.2 0.6052625 0.209209375 0.629203125 0.23684218750000002 0.6272249999999999 0.25657968750000004 0.6371203125 0.25 0.609021875
0 0.0025 0.6503765625 0 0.7481203125 0.019737499999999998 0.690540625 0.027500000000000004 0.6954890625 0.025 0.6616546875 0.0025 0.6503765625
3 0 0.958646875 0.01 0.9624062500000001 0.034999999999999996 0.951128125 0.045 0.7932328125 0.017499999999999998 0.6578953125 0 0.6503765625 0 0.958646875
3 0.2 0.6165406250000001 0.19 0.6917296875 0.15394687499999998 0.7004359375 0.115790625 0.9477625 0.15 0.9887218750000001 0.23500000000000001 0.9962406250000001 0.2625 0.7330828125 0.23500000000000001 0.6954890625 0.25 0.6390984375000001 0.2475 0.6052625 0.23500000000000001 0.586465625 0.2125 0.593984375 0.2 0.6165406250000001
3 0.40526249999999997 0.7123078125 0.3723671875 0.7499015625000001 0.378946875 0.7934328125000001 0.4 0.9962406250000001 0.45999999999999996 0.9962406250000001 0.4631578125 0.8033234374999999 0.47750000000000004 0.7218046874999999 0.465 0.6766921875 0.47000000000000003 0.61278125 0.45499999999999996 0.578946875 0.42750000000000005 0.61278125 0.42750000000000005 0.6879703125 0.40526249999999997 0.7123078125
3 0.5275000000000001 0.59774375 0.5025000000000001 0.61278125 0.4618421875 0.7835375 0.4526328125 0.9962406250000001 0.5700000000000001 0.9962406250000001 0.5725 0.9031953125 0.595 0.8458640624999999 0.595 0.7744359375000001 0.585 0.7368421875 0.5575 0.7105265625 0.5425 0.61278125 0.5275000000000001 0.59774375
3 0.7224999999999999 0.8233078125000001 0.7224999999999999 0.7744359375000001 0.7075 0.7218046874999999 0.67 0.6842109375 0.6575 0.609021875 0.64 0.593984375 0.62 0.609021875 0.6224999999999999 0.6691734375 0.5925 0.7293234375 0.5828953125 0.860703125 0.605 0.8759406249999999 0.6075 0.9887218750000001 0.71 0.9962406250000001 0.7075 0.9624062500000001 0.6725 0.9398500000000001 0.7025 0.8458640624999999 0.7224999999999999 0.8233078125000001
3 0.7875 0.6954890625 0.7849999999999999 0.6428578125 0.77 0.6052625 0.7474999999999999 0.601503125 0.73 0.6353390625 0.745 0.6992484375 0.7224999999999999 0.7443609375 0.74 0.8496234375 0.7224999999999999 0.9323312500000001 0.7375 0.9398500000000001 0.7375 0.99248125 0.86 0.9962406250000001 0.8574999999999999 0.8345859375 0.8375 0.7443609375 0.7875 0.6954890625
0 0.35 0.609021875 0.325 0.609021875 0.3075 0.6315796875 0.31 0.6503765625 0.3675 0.6503765625 0.3675 0.6240593750000001 0.35 0.609021875
3 0.3075 0.6278203125 0.305 0.7030078125 0.26749999999999996 0.7293234375 0.2625 0.7969921875 0.275 0.8383453125000001 0.26 0.8834593749999999 0.2525 0.9962406250000001 0.3525 0.9962406250000001 0.3725 0.8609015624999999 0.375 0.7406015625 0.3525 0.7255640624999999 0.34750000000000003 0.6353390625 0.3375 0.61278125 0.3075 0.6278203125