3 0.2880953125 0.9392859375 0.2642859375 0.925 0.2619046875 0.9 0.278571875 0.8892859375000001 0.280953125 0.8714281250000001 0.25 0.8535718749999999 0.25238125 0.753571875 0.2666671875 0.653571875 0.2619046875 0.5392859375 0.271428125 0.5178578125 0.2619046875 0.453571875 0.3 0.428571875 0.3047625 0.40714218750000003 0.25238125 0.403571875 0.2357140625 0.278571875 0.25238125 0.221428125 0.25 0.1607140625 0.226190625 0.1178578125 0.2119046875 0.1107140625 0.1928578125 0.1142859375 0.173809375 0.1392859375 0.173809375 0.1857140625 0.1904765625 0.2642859375 0.1666671875 0.3357140625 0.16904687499999999 0.496428125 0.180953125 0.6 0.2 0.6607140625000001 0.2 0.9321421875 0.2119046875 0.953571875 0.273809375 0.953571875 0.2880953125 0.9392859375
0 0.173809375 0.1357140625 0.178571875 0.2 0.25238125 0.1642859375 0.223809375 0.1142859375 0.1904765625 0.1142859375 0.173809375 0.1357140625
3 0.34761875 0.2642859375 0.328571875 0.275 0.328571875 0.325 0.3047625 0.375 0.326190625 0.696428125 0.35 0.6928578125 0.3571421875 0.703571875 0.3666671875 0.6928578125 0.371428125 0.4571421875 0.3857140625 0.425 0.380953125 0.3678578125 0.3571421875 0.328571875 0.3642859375 0.296428125 0.34761875 0.2642859375
3 0.4952375 0.8607140624999999 0.519046875 0.8428578124999999 0.523809375 0.8107140625 0.5047625 0.48214218750000004 0.523809375 0.3642859375 0.5119046875000001 0.2821421875 0.46428593749999997 0.2357140625 0.46666718749999997 0.171428125 0.4547625 0.128571875 0.430953125 0.121428125 0.4166671875 0.1357140625 0.40952343750000003 0.1857140625 0.423809375 0.2571421875 0.40238125 0.275 0.3904765625 0.303571875 0.3880953125 0.3678578125 0.40952343750000003 0.45 0.4047625 0.5821421875 0.421428125 0.7428578124999999 0.43571406250000005 0.7928578125 0.4166671875 0.8464281250000001 0.43571406250000005 0.85 0.46666718749999997 0.825 0.476190625 0.8642859375 0.4952375 0.8607140624999999
3 0.5404765625 0.7071421875 0.5452375 0.65 0.5357140625000001 0.446428125 0.55238125 0.3928578125 0.55238125 0.325 0.55 0.3071421875 0.5357140625000001 0.3 0.5119046875000001 0.2178578125 0.48809531249999993 0.2071421875 0.476190625 0.225 0.478571875 0.246428125 0.49285781249999994 0.246428125 0.519046875 0.278571875 0.526190625 0.396428125 0.5119046875000001 0.428571875 0.5071421875000001 0.48214218750000004 0.523809375 0.6928578125 0.528571875 0.7071421875 0.5404765625 0.7071421875
0 0.44761875 0.121428125 0.430953125 0.121428125 0.4142859375 0.14285781250000001 0.40952343750000003 0.1821421875 0.46666718749999997 0.178571875 0.4619046875 0.1392859375 0.44761875 0.121428125
0 0.3595234375 0.2857140625 0.35 0.2642859375 0.326190625 0.275 0.326190625 0.2928578125 0.3595234375 0.2857140625
0 0.478571875 0.2178578125 0.478571875 0.246428125 0.49761875 0.253571875 0.5166671875 0.2428578125 0.5047625 0.2071421875 0.478571875 0.2178578125
3 0.6880953125 0.9321421875 0.7071421875 0.9357140625 0.728571875 0.9107140625 0.7333328125 0.8714281250000001 0.723809375 0.6178578124999999 0.7452375 0.44285781249999995 0.74761875 0.3392859375 0.7428578124999999 0.3178578125 0.7166671874999999 0.2857140625 0.7047625 0.228571875 0.7119046875 0.2071421875 0.6904765625 0.153571875 0.6547625 0.1642859375 0.6404765625 0.2071421875 0.6547625 0.3071421875 0.623809375 0.40714218750000003 0.6357140625000001 0.44285781249999995 0.619046875 0.571428125 0.628571875 0.578571875 0.628571875 0.6642859375 0.6452375 0.8178578125 0.6047625 0.8714281250000001 0.628571875 0.8821421875000001 0.680953125 0.8714281250000001 0.69761875 0.8821421875000001 0.6880953125 0.9321421875
0 0.6928578125 0.153571875 0.6642859375 0.153571875 0.65238125 0.1678578125 0.6404765625 0.2142859375 0.6642859375 0.203571875 0.7119046875 0.2142859375 0.6928578125 0.153571875
3 0.8214281250000001 0.9964281250000001 0.8690468750000001 0.9964281250000001 0.8809531249999999 0.9857140624999999 0.8880953125 0.9392859375 0.8785718749999999 0.6 0.90238125 0.48928593749999993 0.8952375 0.328571875 0.8738093750000001 0.2857140625 0.8404765624999999 0.2607140625 0.8452375 0.1857140625 0.830953125 0.1392859375 0.7904765625 0.1392859375 0.7666671875 0.1928578125 0.771428125 0.2428578125 0.7904765625 0.2857140625 0.771428125 0.478571875 0.778571875 0.5178578125 0.769046875 0.6571421875000001 0.778571875 0.8892859375000001 0.7428578124999999 0.9428578125 0.8166671875 0.9321421875 0.8357140624999999 0.953571875 0.8214281250000001 0.9964281250000001
0 0.8333328124999999 0.1392859375 0.8 0.1321421875 0.778571875 0.153571875 0.7666671875 0.196428125 0.8452375 0.2107140625 0.8428578124999999 0.1607140625 0.8333328124999999 0.1392859375
3 0.7547625 0.3607140625 0.7357140625 0.5178578125 0.7357140625 0.746428125 0.75 0.746428125 0.769046875 0.653571875 0.7857140625000001 0.2821421875 0.7666671875 0.2357140625 0.7547625 0.2392859375 0.7404765624999999 0.271428125 0.7547625 0.3607140625
0 0.7857140625000001 0.2857140625 0.7666671875 0.2357140625 0.7428578124999999 0.2571421875 0.7428578124999999 0.2821421875 0.7857140625000001 0.2857140625
3 0.621428125 0.2892859375 0.5928578124999999 0.353571875 0.5880953124999999 0.3857140625 0.621428125 0.5571421875 0.6333328125000001 0.446428125 0.623809375 0.4 0.65238125 0.3107140625 0.65238125 0.2678578125 0.6380953125 0.2178578125 0.619046875 0.2392859375 0.6142859374999999 0.2642859375 0.621428125 0.2892859375
0 0.6166671874999999 0.246428125 0.619046875 0.275 0.65238125 0.278571875 0.6428578125 0.221428125 0.628571875 0.221428125 0.6166671874999999 0.246428125