3 0.43499999999999994 0.9966671874999999 0.4175 0.8033328125000001 0.43499999999999994 0.7433328125 0.45499999999999996 0.5766671875 0.45 0.33999999999999997 0.42750000000000005 0.2933328125 0.447115625 0.255059375 0.4375 0.19 0.44749999999999995 0.1833328125 0.4325 0.1366671875 0.40750000000000003 0.1133328125 0.38 0.13 0.3725 0.17333281250000002 0.3775 0.24 0.3665 0.2792296875 0.3225 0.33999999999999997 0.29500000000000004 0.5566671875 0.2975 0.6933328125 0.3125 0.7133328125 0.3246296875 0.69180625 0.3302546875 0.593453125 0.34500000000000003 0.6966671875 0.3625 0.78 0.355 0.8733328124999999 0.335 0.9633328125 0.33999999999999997 0.9966671874999999 0.43499999999999994 0.9966671874999999
3 0.55 0.7866671875 0.5599999999999999 0.6333328125000001 0.579909375 0.5359468749999999 0.578659375 0.47009999999999996 0.589284375 0.5126062499999999 0.5917828125 0.5601171875000001 0.605 0.5333328125000001 0.5974999999999999 0.39 0.5875 0.3266671875 0.5700000000000001 0.28666718750000003 0.573659375 0.2800671875 0.579909375 0.25672656250000003 0.5700000000000001 0.20333281250000002 0.5575 0.19 0.5375 0.1966671875 0.530540625 0.22839062499999999 0.5325 0.27999999999999997 0.5 0.3166671875 0.48250000000000004 0.4366671875 0.48 0.5566671875 0.486171875 0.5792859375 0.4992953125 0.4659328125 0.515 0.5966671875 0.5225 0.6533328125 0.52 0.8300000000000001 0.5275000000000001 0.8766671875000001 0.5425 0.8800000000000001 0.5625 0.8400000000000001 0.55 0.7866671875
3 0.6849999999999999 0.61 0.700209375 0.5451140624999999 0.706459375 0.4617640625 0.7327046875 0.5451140624999999 0.7414546875 0.5217734375 0.735 0.5033328125 0.707084375 0.35174375 0.702709375 0.34674375 0.6950000000000001 0.2833328125 0.6849999999999999 0.2666671875 0.6675 0.27 0.6625 0.2833328125 0.665 0.32 0.635 0.3866671875 0.625 0.4866671875 0.6224999999999999 0.5533328125 0.655 0.5900000000000001 0.6575 0.61 0.64 0.7466671875 0.665 0.76 0.6849999999999999 0.7933328125 0.6975 0.7933328125 0.71 0.7733328125 0.6975 0.7633328125000001 0.6849999999999999 0.61
3 0.2725 0.33999999999999997 0.26 0.3366671875 0.25 0.2833328125 0.2375 0.2666671875 0.2225 0.2766671875 0.22000000000000003 0.3033328125 0.22749999999999998 0.3366671875 0.2125 0.3566671875 0.20750000000000002 0.3833328125 0.205 0.44000000000000006 0.225 0.52 0.23500000000000001 0.6900000000000001 0.2425 0.6933328125 0.26749999999999996 0.67 0.27999999999999997 0.5066671875 0.29 0.5 0.2925 0.47666718750000003 0.28250000000000003 0.3633328125 0.2725 0.33999999999999997
3 0.15 0.4166671875 0.1375 0.37 0.13999999999999999 0.31 0.1325 0.28666718750000003 0.12250000000000001 0.27999999999999997 0.1075 0.28666718750000003 0.1075 0.3266671875 0.1037171875 0.34424375 0.08 0.3766671875 0.0775 0.42000000000000004 0.0975 0.5533328125 0.10500000000000001 0.6966671875 0.1125 0.7033328125 0.125 0.6933328125 0.12809062499999999 0.5567828125000001 0.156834375 0.7009765625 0.1675 0.7033328125 0.18 0.6833328125 0.15 0.4166671875
3 0.17250000000000001 0.36 0.16999999999999998 0.32999999999999996 0.155 0.3266671875 0.15 0.34333281250000003 0.1543375 0.36674687499999997 0.14750000000000002 0.3866671875 0.1525 0.40333281249999997 0.1575 0.45999999999999996 0.16 0.5633328125 0.16999999999999998 0.5633328125 0.1775 0.5533328125 0.1825 0.49666718750000005 0.1825 0.3766671875 0.17250000000000001 0.36
0 0.4325 0.1366671875 0.425 0.1266671875 0.41 0.1133328125 0.4 0.1133328125 0.3875 0.12 0.38 0.13 0.375 0.14666718750000002 0.375 0.16 0.3725 0.1633328125 0.3725 0.1966671875 0.375 0.2 0.375 0.21000000000000002 0.39 0.2066671875 0.41500000000000004 0.19 0.4375 0.19 0.44749999999999995 0.1833328125 0.4325 0.1366671875
0 0.2225 0.28666718750000003 0.22000000000000003 0.29 0.2225 0.2966671875 0.25 0.2966671875 0.25 0.27999999999999997 0.24 0.2666671875 0.22999999999999998 0.2666671875 0.225 0.27 0.2225 0.2766671875 0.2225 0.28666718750000003
0 0.125 0.27999999999999997 0.1125 0.27999999999999997 0.10500000000000001 0.29 0.10500000000000001 0.32 0.1075 0.3233328125 0.11499999999999999 0.3233328125 0.11750000000000001 0.32 0.1375 0.32 0.13999999999999999 0.3166671875 0.13999999999999999 0.3066671875 0.135 0.29 0.125 0.27999999999999997
0 0.16 0.33999999999999997 0.1625 0.34333281250000003 0.16999999999999998 0.34333281250000003 0.17250000000000001 0.33999999999999997 0.17250000000000001 0.32999999999999996 0.1675 0.3266671875 0.155 0.3266671875 0.1525 0.33999999999999997 0.16 0.33999999999999997
2 0.5700000000000001 0.21000000000000002 0.5675 0.2 0.5575 0.19 0.545 0.19 0.5349999999999999 0.2 0.5325 0.21000000000000002 0.5325 0.24 0.5375 0.24 0.5475 0.2333328125 0.5475 0.22999999999999998 0.5525 0.2266671875 0.5525 0.22333281249999998 0.5599999999999999 0.2166671875 0.5675 0.2166671875 0.5700000000000001 0.21000000000000002
2 0.67 0.2666671875 0.6625 0.27999999999999997 0.6599999999999999 0.29 0.6625 0.2933328125 0.6625 0.3033328125 0.665 0.3066671875 0.6825 0.27999999999999997 0.6900000000000001 0.2766671875 0.6900000000000001 0.27 0.6825 0.26333281249999996 0.6775 0.26333281249999996 0.67 0.2666671875