3 0.8640000000000001 0.8742515624999999 0.86 0.9191609375 0.8720000000000001 0.9281437499999999 0.892 0.9131734375 0.8918843750000001 0.8692609375 0.8802984374999999 0.8230000000000001 0.8753343750000001 0.7602156250000001 0.8946421875 0.859346875 0.9172593750000001 0.941128125 0.93 0.9491015624999999 0.9480000000000001 0.9520953125 0.952 0.9401203125 0.942 0.9311375 0.9019999999999999 0.7065875 0.9019999999999999 0.6686609375 0.9051234375 0.6181281249999999 0.919465625 0.627215625 0.9233281249999999 0.6148265625 0.9199999999999999 0.601796875 0.9222234374999999 0.599128125 0.9150546875 0.568565625 0.914 0.5299406249999999 0.8852640624999999 0.5297390625 0.8769875 0.5223046874999999 0.8800000000000001 0.50299375 0.884 0.46706562500000004 0.8699999999999999 0.4491015625 0.844 0.458084375 0.836 0.4760484375 0.8345125 0.5223046874999999 0.8472 0.5289125 0.8334078125 0.54378125 0.8160000000000001 0.712575 0.8295453125 0.7255203125 0.8312015625000001 0.694128125 0.83671875 0.6619125 0.838371875 0.720565625 0.842 0.7514968750000001 0.8640000000000001 0.8742515624999999
3 0.426 0.8225265625 0.42800000000000005 0.8404906249999999 0.45199999999999996 0.8464796874999999 0.446 0.7865984375 0.45599999999999996 0.618934375 0.47000000000000003 0.5949828125 0.47000000000000003 0.5710296875 0.462 0.5321078124999999 0.45 0.52013125 0.458 0.487196875 0.46090468749999997 0.46404218750000004 0.45 0.44528125 0.43 0.45426406249999995 0.42000000000000004 0.51414375 0.398 0.5380953125 0.39 0.5800125 0.387534375 0.5937390625 0.39967031249999996 0.6110875 0.396 0.6698328124999999 0.38 0.8045625 0.382 0.8494734375 0.396 0.8524671875 0.404 0.80755625 0.4255984375 0.6994765625 0.4305625 0.7622609375 0.426 0.8225265625
3 0.269478125 0.90765 0.29264843749999997 0.9142609374999999 0.318 0.9104906250000001 0.302 0.8895328125 0.292 0.8416281250000001 0.298 0.5272578125 0.27999999999999997 0.48833593750000004 0.288 0.44342499999999996 0.27599999999999997 0.413484375 0.25 0.41647968750000003 0.244 0.4374375 0.254 0.47635937500000003 0.25 0.49731718750000004 0.22599999999999998 0.5212687500000001 0.22000000000000003 0.551209375 0.22999999999999998 0.6559999999999999 0.22000000000000003 0.9015093750000001 0.22400000000000003 0.9374375 0.242 0.9434250000000001 0.246 0.9164796875000001 0.2509953125 0.8779046875000001 0.2521 0.7919937499999999 0.261478125 0.7333406250000001 0.267271875 0.8407359375000001 0.269478125 0.90765
3 0.22999999999999998 0.5 0.2281046875 0.463215625 0.21600000000000003 0.4431140625 0.202728125 0.4392609375 0.192 0.4520953125 0.18893593749999998 0.4739546875 0.196659375 0.5036953125 0.194 0.5209578125000001 0.176 0.5538921875 0.178 0.6167671875 0.194 0.685628125 0.194 0.86526875 0.20400000000000001 0.8892218749999999 0.21600000000000003 0.8922156250000001 0.22000000000000003 0.86526875 0.21200000000000002 0.7964078125 0.22799999999999998 0.6556890625 0.21600000000000003 0.57784375 0.22999999999999998 0.5
3 0.122 0.712575 0.126 0.598803125 0.134 0.5868265625 0.1624578125 0.5995203124999999 0.1856265625 0.476434375 0.1668703125 0.44339218750000003 0.158 0.47005937500000006 0.1641125 0.4855203125 0.15418125 0.533434375 0.14149375 0.5416953125 0.12053125 0.52186875 0.1072921875 0.49956562499999996 0.1183234375 0.49378124999999995 0.12273750000000001 0.461565625 0.1183234375 0.43843437500000004 0.13 0.42515000000000003 0.144 0.398203125 0.10800000000000001 0.41317343749999996 0.086 0.4071859375 0.064 0.44610781250000003 0.052000000000000005 0.538921875 0.06 0.607784375 0.044 0.9461078125 0.06 0.961078125 0.06 0.9730531250000001 0.074 0.9730531250000001 0.124 0.9461078125 0.122 0.9311375 0.10200000000000001 0.9221562499999999 0.10200000000000001 0.8772453125 0.122 0.712575
3 0 0.45 0.01240625 0.47478125000000004 0.0019234375000000002 0.488 0 0.9970062499999999 0.044 0.9970062499999999 0.052000000000000005 0.9850296875 0.044 0.937125 0.052000000000000005 0.8832328125 0.046 0.8592812500000001 0.048 0.8443109375000001 0.06 0.8383234375 0.057999999999999996 0.7485031249999999 0.066 0.6976046874999999 0.05 0.5479046875 0.064 0.41916093749999994 0.06 0.398203125 0.041999999999999996 0.37724531250000004 0.026198437499999998 0.374 0.006 0.3832328125 0 0.392215625 0 0.45
3 0.3889265625 0.8739859375 0.3765515625 0.8554609375 0.3705515625 0.5590531249999999 0.3445515625 0.44528125 0.3285515625 0.43929375000000004 0.3165515625 0.45126875 0.3205515625 0.4961796875 0.30055156250000004 0.5351015625 0.29655156250000003 0.624921875 0.30255156250000004 0.6398921875 0.3145515625 0.903365625 0.3265515625 0.8973765625000001 0.3305515625 0.8734249999999999 0.3315375 0.7983953125000001 0.34312343749999996 0.743875 0.3497421875 0.7603953125 0.346984375 0.8330890625 0.35857031250000004 0.8843078125 0.3645515625 0.8824078125 0.3889265625 0.8739859375
0 0.8800000000000001 0.5 0.884 0.47005937500000006 0.874 0.4520953125 0.852 0.4520953125 0.8400000000000001 0.46706562500000004 0.8400000000000001 0.4790421875 0.8560000000000001 0.4790421875 0.8800000000000001 0.5
0 0.458 0.4850296875 0.46090468749999997 0.46073906249999996 0.45 0.44610781250000003 0.433871875 0.4491734375 0.43 0.458084375 0.4250453125 0.4789125 0.4382859375 0.488 0.458 0.4850296875
0 0.33599999999999997 0.440946875 0.321334375 0.442565625 0.316 0.45292187500000003 0.316 0.48585625 0.329609375 0.4623921875 0.35 0.4619046875 0.33599999999999997 0.440946875
0 0.246 0.4161671875 0.244 0.4431140625 0.262 0.41916093749999994 0.286 0.4311375 0.268 0.40419218749999997 0.246 0.4161671875
0 0.21600000000000003 0.4431140625 0.202728125 0.4400875 0.192 0.4520953125 0.18728125 0.473128125 0.192 0.4880234375 0.22599999999999998 0.46706562500000004 0.21600000000000003 0.4431140625
0 0.11000000000000001 0.41317343749999996 0.086 0.4071859375 0.072 0.42215625 0.074 0.437125 0.11000000000000001 0.41317343749999996
0 0 0.43413124999999997 0.016 0.41916093749999994 0.04164375 0.41200000000000003 0.064 0.42215625 0.06 0.395209375 0.044 0.37724531250000004 0.023440625 0.3773046875 0.006 0.3832328125 0 0.40456562500000004 0 0.43413124999999997