0 0 0.1333328125 0.075 0.0933328125 0.052500000000000005 0.05666718750000001 0.0075 0.06 0 0.06999999999999999 0 0.1333328125
0 0 0.5833328125 0.027500000000000004 0.54 0.09 0.51 0.1025 0.4866671875 0.11750000000000001 0.48333281250000004 0.145 0.2433328125 0.135 0.2 0.08499999999999999 0.1566671875 0.0775 0.0966671875 0.05 0.06 0.03 0.05333281250000001 0.005 0.0666671875 0 0.1533328125 0.04 0.2066671875 0.0225 0.27999999999999997 0 0.3133328125 0 0.3666671875 0.015 0.39666718749999996 0 0.43 0 0.5833328125
2 0.33999999999999997 0.11000000000000001 0.3075 0.08 0.27999999999999997 0.1 0.27749999999999997 0.15 0.303946875 0.1298234375 0.325 0.1526296875 0.33999999999999997 0.11000000000000001
3 0.34500000000000003 0.20333281250000002 0.3325 0.18 0.33999999999999997 0.15 0.3325 0.0933328125 0.3025 0.08 0.27749999999999997 0.1066671875 0.27749999999999997 0.1533328125 0.29500000000000004 0.2066671875 0.2447375 0.2719296875 0.28250000000000003 0.28666718750000003 0.3125 0.31 0.3325 0.3066671875 0.355 0.2833328125 0.40750000000000003 0.2933328125 0.385 0.22333281249999998 0.34500000000000003 0.20333281250000002
2 0.16499999999999998 0.4266671875 0.145 0.45 0.12 0.5166671875 0.1473671875 0.5070171875 0.18684218749999998 0.521053125 0.221053125 0.538596875 0.2447375 0.5473703125 0.2575 0.5333328125000001 0.2575 0.4566671875 0.24 0.43 0.205 0.41 0.16499999999999998 0.4266671875
3 0 0.9877203124999999 0.0697375 0.9929828125 0.10657968749999999 0.9877203124999999 0.1125 0.9633328125 0.11750000000000001 0.9933328124999999 0.23500000000000001 0.9966671874999999 0.265 0.9533328125 0.27 0.8666671875 0.27749999999999997 0.8366671875 0.29 0.8300000000000001 0.275 0.76 0.28250000000000003 0.7466671875 0.2425 0.7166671874999999 0.215 0.6466671875000001 0.215 0.6066671875 0.26 0.5233328125 0.255 0.45333281249999996 0.20750000000000002 0.41333281250000004 0.17250000000000001 0.4233328125 0.14750000000000002 0.4466671875 0.060528125 0.543859375 0 0.5859640625 0 0.7543859375 0 0.819296875 0 0.8894734375000001 0 0.9403499999999999 0 0.9877203124999999
2 0.4125 0.3166671875 0.39 0.2933328125 0.34249999999999997 0.2966671875 0.3375 0.3166671875 0.3875 0.4233328125 0.42000000000000004 0.38 0.4125 0.3166671875
3 0.4723671875 0.5859640625 0.4684203125 0.496490625 0.40499999999999997 0.4266671875 0.42000000000000004 0.3466671875 0.39249999999999996 0.2966671875 0.35 0.2933328125 0.315 0.36 0.315 0.3933328125 0.276315625 0.48245625 0.27894687500000004 0.5929828125000001 0.3325 0.6333328125000001 0.325 0.6666671875 0.353946875 0.9140359374999999 0.4 0.7266671875 0.4175 0.6733328125 0.434209375 0.6684203125 0.4723671875 0.5859640625
0 0.595 0.27999999999999997 0.575 0.27 0.53 0.2766671875 0.5075000000000001 0.32 0.495 0.3566671875 0.54 0.3666671875 0.5710531249999999 0.378946875 0.5675 0.39 0.5973671875 0.37719375 0.5973671875 0.3877203125 0.6052625 0.3929828125 0.615 0.3833328125 0.615 0.3266671875 0.595 0.27999999999999997
3 0.5815796875 0.9966671874999999 0.581315625 0.9570171875 0.628815625 0.5470171875000001 0.6263156249999999 0.4470171875 0.608815625 0.42368281249999995 0.616315625 0.3370171875 0.6063156249999999 0.3036828125 0.5788156250000001 0.28035 0.546315625 0.28035 0.521315625 0.30035 0.49881562500000004 0.36035 0.4815796875 0.52280625 0.4421046875 0.6859640625 0.375 0.7894734375 0.3671046875 0.8403499999999999 0.321053125 0.980703125 0.4723671875 0.9929828125 0.49342031249999996 0.9966671874999999 0.515790625 0.9964906250000001 0.5815796875 0.9966671874999999
3 0.795 0.44000000000000006 0.7525000000000001 0.37 0.7224999999999999 0.35333281250000004 0.665 0.3733328125 0.6325000000000001 0.42000000000000004 0.635 0.5433328125 0.73 0.47000000000000003 0.795 0.44000000000000006
3 0.7828953125 0.9966671874999999 0.7925 0.9966671874999999 0.8065796875 0.9966671874999999 0.8644718749999999 0.9966671874999999 0.976315625 0.9966671874999999 0.973684375 0.85965 0.9605281250000001 0.7736828124999999 0.9631578125000001 0.7140359375 0.8855281250000001 0.5754406249999999 0.7925 0.44000000000000006 0.755 0.3733328125 0.72 0.35333281250000004 0.665 0.3733328125 0.6325000000000001 0.4233328125 0.6375 0.5333328125000001 0.6525000000000001 0.5599999999999999 0.6375 0.6 0.62 0.6133328125 0.62 0.6599999999999999 0.675 0.73 0.6875 0.7633328125000001 0.655 0.8166671875 0.6599999999999999 0.8966671875 0.6900000000000001 0.9966671874999999 0.7828953125 0.9966671874999999
0 0.8474999999999999 0.5133328125000001 0.8625 0.47666718750000003 0.8574999999999999 0.44000000000000006 0.845 0.41333281250000004 0.82 0.40666718749999997 0.8074999999999999 0.41 0.82 0.49666718750000005 0.8474999999999999 0.5133328125000001
3 0.8025 0.41 0.7925 0.4233328125 0.795 0.47000000000000003 0.8099999999999999 0.5066671875 0.875 0.5466671875 0.8875 0.5433328125 0.8825 0.48 0.86 0.45999999999999996 0.85 0.42000000000000004 0.835 0.40666718749999997 0.8025 0.41
0 0.9800000000000001 0.2833328125 0.9775 0.23666718750000001 0.96 0.2266671875 0.9375 0.2433328125 0.9199999999999999 0.2933328125 0.9175000000000001 0.3566671875 0.948684375 0.356140625 0.9800000000000001 0.2833328125
3 0.915 0.3566671875 0.9349999999999999 0.4233328125 0.8975 0.4633328125 0.9125 0.49666718750000005 0.9025000000000001 0.5633328125 0.95 0.67 0.975 0.23666718750000001 0.95 0.2333328125 0.9225 0.27333281249999997 0.915 0.3566671875