3 0.625 0.302040625 0.60975625 0.27346875000000004 0.5823171874999999 0.27346875000000004 0.564025 0.3183671875 0.570121875 0.3795921875 0.560975 0.4 0.5945125 0.436734375 0.625 0.6530609375 0.625 0.706121875 0.631096875 0.6816328125 0.6280484375000001 0.5959187499999999 0.615853125 0.5877546875 0.6280484375000001 0.5510203125 0.625 0.436734375 0.64024375 0.4 0.625 0.302040625
3 0.3620421875 0.9183671875 0.3861796875 0.9710890624999999 0.3645828125 0.9959187500000001 0.4026921875 0.9959187500000001 0.4331796875 0.98809375 0.4446125 0.8962578125 0.4446125 0.811225 0.4255578125 0.7397953125 0.414125 0.647959375 0.4446125 0.602040625 0.4319109375 0.5629265625000001 0.4014234375 0.5 0.430640625 0.401359375 0.4624 0.382653125 0.4281 0.355440625 0.43699062499999997 0.309521875 0.4446125 0.2670078125 0.4268296875 0.2295921875 0.40396406249999994 0.2227875 0.37699375 0.24005625 0.3696640625 0.29931874999999997 0.381159375 0.3242390625 0.38199375 0.3509109375 0.3644953125 0.36424687499999997 0.327 0.4075875 0.3150390625 0.48129375 0.3239328125 0.5697265625 0.3328265625 0.629253125 0.35188125000000003 0.709184375 0.3315546875 0.8571421875 0.3620421875 0.9183671875
3 0.30233906250000003 0.7176859375 0.2997953125 0.7925187499999999 0.30360624999999997 0.8520406250000001 0.304878125 0.8690484375 0.3315546875 0.8656453125000001 0.35188125000000003 0.8384375000000001 0.3480703125 0.790815625 0.350609375 0.7176859375 0.33663750000000003 0.663265625 0.3252046875 0.5969390625 0.32266093749999997 0.5051015624999999 0.3302828125 0.401359375 0.360771875 0.3758484375 0.3874484375 0.340134375 0.3798265625 0.311225 0.360771875 0.27211093750000004 0.33409374999999997 0.26020468750000003 0.320121875 0.27891093749999996 0.304878125 0.3197265625 0.3175828125 0.3571421875 0.29725625 0.386053125 0.274390625 0.4336734375 0.27311874999999997 0.49660000000000004 0.280740625 0.557825 0.28836249999999997 0.6258484375 0.30233906250000003 0.7176859375
0 0.5304875 0.2448984375 0.5 0.24897968750000002 0.4786578125 0.27346875000000004 0.47256093750000006 0.3102046875 0.5579265625 0.3183671875 0.5518296874999999 0.27346875000000004 0.5304875 0.2448984375
0 0.6286296874999999 0.2984015625 0.6128046875 0.27346875000000004 0.5945125 0.26530624999999997 0.570121875 0.2897953125 0.5670734375 0.32244843749999996 0.5914640624999999 0.3102046875 0.6194640625 0.308403125 0.6286296874999999 0.2984015625
0 0.7774390624999999 0.2571421875 0.7682921875 0.22040781250000002 0.743903125 0.2 0.7134140625 0.21224531249999998 0.70121875 0.24081562500000003 0.6981703125000001 0.2775515625 0.73475625 0.2448984375 0.7774390624999999 0.2571421875
0 0.8170734375 0.26530624999999997 0.835365625 0.21224531249999998 0.8018296875 0.24081562500000003 0.79878125 0.27346875000000004 0.8170734375 0.26530624999999997
0 0.9451218750000001 0.2816328125 0.935975 0.21224531249999998 0.9085359375 0.1836734375 0.8658531249999999 0.1755109375 0.835365625 0.22040781250000002 0.82926875 0.261225 0.8932921875 0.24897968750000002 0.9451218750000001 0.2816328125
3 0.5426828125000001 0.39591875 0.5579265625 0.32244843749999996 0.54573125 0.261225 0.506096875 0.2448984375 0.4817078125 0.26530624999999997 0.47256093750000006 0.29795937499999997 0.4786578125 0.35510156249999997 0.42073124999999995 0.4081625 0.414634375 0.506121875 0.42073124999999995 0.7142859374999999 0.439025 0.8530609374999999 0.435975 0.9959187500000001 0.5365859375 0.9959187500000001 0.570121875 0.80408125 0.625 0.697959375 0.618903125 0.5510203125 0.5945125 0.436734375 0.5426828125000001 0.39591875
3 0.774390625 0.7510203125 0.759146875 0.640815625 0.789634375 0.371428125 0.7804875 0.261225 0.759146875 0.21224531249999998 0.7317078125 0.2 0.7073171874999999 0.2244890625 0.6981703125000001 0.2816328125 0.7134140625 0.35510156249999997 0.6829265625 0.38775468750000003 0.647865625 0.42006875 0.6364328125000001 0.5238078125000001 0.632621875 0.678571875 0.66438125 0.794215625 0.6516765625 0.9761921875 0.663109375 0.9959187500000001 0.693596875 0.9959187500000001 0.7304359375 0.9959187500000001 0.740853125 0.9346937499999999 0.743903125 0.9673468749999999 0.7713421874999999 0.9183671875 0.774390625 0.7510203125
3 0.8384140625000001 0.367346875 0.8445125000000001 0.3510203125 0.8201218750000001 0.2775515625 0.8323171874999999 0.2163265625 0.8018296875 0.2448984375 0.8079265625 0.3183671875 0.79878125 0.3510203125 0.8384140625000001 0.367346875
3 0.9969515624999999 0.436734375 0.95426875 0.4 0.935975 0.3469390625 0.9481703125 0.2897953125 0.939025 0.228571875 0.9054874999999999 0.1836734375 0.8628046875000001 0.1795921875 0.8231703125 0.2530609375 0.8445125000000001 0.3469390625 0.82926875 0.4081625 0.79878125 0.46122500000000005 0.76524375 0.67346875 0.7804875 0.738775 0.7774390624999999 0.9224484374999999 0.7682921875 0.9591843750000001 0.7469515624999999 0.9714281250000001 0.7469515624999999 0.9959187500000001 0.9298781249999999 0.9959187500000001 0.95121875 0.8979593749999999 0.9573171874999999 0.767346875 0.9969515624999999 0.7306125 0.9969515624999999 0.436734375
0 0.3849078125 0.23469375 0.365853125 0.290815625 0.3861796875 0.2840125 0.43948593750000003 0.28006406250000004 0.451984375 0.28423125 0.4419859375 0.25672656250000003 0.42782187499999996 0.231721875 0.40396406249999994 0.2278890625 0.3849078125 0.23469375
0 0.36712500000000003 0.2891140625 0.3586625 0.27172968750000004 0.335365625 0.2636046875 0.3186671875 0.27172968750000004 0.30866875 0.3150703125 0.367828125 0.3009015625 0.36712500000000003 0.2891140625