3 0.2970078125 0.463259375 0.294871875 0.431309375 0.2970078125 0.3642171875 0.3098296875 0.31948906250000003 0.3162390625 0.31629375 0.3162390625 0.27795468749999996 0.3098296875 0.25239687499999997 0.294871875 0.2492015625 0.2884609375 0.255590625 0.2841875 0.3099046875 0.2713671875 0.322684375 0.26282031250000004 0.3738015625 0.26282031250000004 0.4504796875 0.2735046875 0.4504796875 0.2884609375 0.46964843749999996 0.3012828125 0.5111828125 0.2841875 0.5591046875 0.2991453125 0.5910546875 0.3205125 0.607028125 0.3205125 0.5335468750000001 0.31196562499999997 0.48242812500000004 0.2970078125 0.463259375
0 0.294871875 0.2492015625 0.2884609375 0.255590625 0.286325 0.26198125 0.286325 0.287540625 0.292734375 0.297125 0.2970078125 0.29392968750000004 0.31196562499999997 0.29392968750000004 0.3162390625 0.2843453125 0.3162390625 0.2683703125 0.31410312500000004 0.2587859375 0.30555625000000003 0.2492015625 0.294871875 0.2492015625
3 0.37820468749999997 0.4504796875 0.38034218750000004 0.392971875 0.37179531250000003 0.3290734375 0.348290625 0.3035140625 0.348290625 0.25239687499999997 0.32905937500000004 0.2428109375 0.3205125 0.26198125 0.3247859375 0.2843453125 0.322834375 0.3209046875 0.3070015625 0.3242390625 0.30200312500000004 0.33840781249999996 0.294503125 0.3942515625 0.2953375 0.46093124999999996 0.3103359375 0.4817671875 0.320334375 0.509271875 0.32905937500000004 0.6357828125 0.3440171875 0.6485624999999999 0.35683750000000003 0.6166140625 0.35683750000000003 0.5878593750000001 0.37606875 0.54313125 0.37393125 0.4536734375 0.37820468749999997 0.4504796875
0 0.3205125 0.255590625 0.3205125 0.2747609375 0.3247859375 0.28115 0.331196875 0.2747609375 0.348290625 0.27795468749999996 0.350428125 0.2747609375 0.350428125 0.255590625 0.33974375 0.2428109375 0.32905937500000004 0.2428109375 0.3205125 0.255590625
3 0.391025 0.341853125 0.3974359375 0.33226875 0.399571875 0.33226875 0.4081203125 0.322684375 0.41239375 0.2492015625 0.403846875 0.2428109375 0.3974359375 0.24600624999999998 0.391025 0.2587859375 0.3867515625 0.306709375 0.384615625 0.306709375 0.37820468749999997 0.31629375 0.37606875 0.325878125 0.38034218750000004 0.33865781250000004 0.38034218750000004 0.3546328125 0.382478125 0.357828125 0.3867515625 0.357828125 0.391025 0.3482421875 0.391025 0.341853125
0 0.403846875 0.2428109375 0.3974359375 0.24600624999999998 0.39316249999999997 0.25239687499999997 0.391025 0.2587859375 0.391025 0.2843453125 0.39529843750000004 0.290734375 0.4059828125 0.290734375 0.41025625000000004 0.287540625 0.41025625000000004 0.2683703125 0.41239375 0.265175 0.41452968749999997 0.25239687499999997 0.41025625000000004 0.24600624999999998 0.403846875 0.2428109375
0 0.44658125000000004 0.26198125 0.44444375 0.255590625 0.438034375 0.2492015625 0.438034375 0.24600624999999998 0.43376093750000005 0.2428109375 0.4252140625 0.2428109375 0.418803125 0.24600624999999998 0.41239375 0.265175 0.41239375 0.27795468749999996 0.4166671875 0.2843453125 0.42307656250000003 0.2843453125 0.4252140625 0.28115 0.438034375 0.28115 0.4401703125 0.2843453125 0.44871718749999995 0.2843453125 0.44871718749999995 0.271565625 0.44658125000000004 0.26198125
3 0.5085468750000001 0.3035140625 0.5085468750000001 0.290734375 0.5064109375 0.287540625 0.5064109375 0.27795468749999996 0.5106843750000001 0.2683703125 0.5106843750000001 0.2396171875 0.5064109375 0.23003125 0.4935890625 0.22683749999999997 0.48504218750000005 0.236421875 0.48076875 0.25239687499999997 0.48076875 0.265175 0.48504218750000005 0.2747609375 0.4594828125 0.31569375 0.47364843749999996 0.36903593749999997 0.4761484375 0.6032453125 0.491146875 0.6049125 0.4978625 0.33226875 0.5106843750000001 0.31948906250000003 0.5106843750000001 0.306709375 0.5085468750000001 0.3035140625
0 0.579059375 0.24600624999999998 0.5683765625 0.23322656249999998 0.561965625 0.23322656249999998 0.5598296875 0.23003125 0.55555625 0.23322656249999998 0.5491453125 0.23322656249999998 0.544871875 0.236421875 0.5405984375 0.24600624999999998 0.5405984375 0.255590625 0.5384609375 0.2587859375 0.5405984375 0.2683703125 0.5512828125 0.2683703125 0.55341875 0.265175 0.57265 0.265175 0.5747859375 0.2683703125 0.579059375 0.2683703125 0.5811968750000001 0.265175 0.579059375 0.24600624999999998
3 0.5563890625 0.7180171875 0.5628046875 0.5459453125 0.6033968749999999 0.7435765625 0.6183546875 0.7212125 0.6012609375 0.618975 0.5991234375000001 0.5486875 0.6098078124999999 0.4017234375 0.605534375 0.347409375 0.5969859375000001 0.328240625 0.5756187500000001 0.312265625 0.5798921874999999 0.25475781249999996 0.5713453125 0.23558906249999997 0.552115625 0.23239375 0.54143125 0.25475781249999996 0.547840625 0.3250453125 0.51614375 0.3359078125 0.509478125 0.4075875 0.527809375 0.44092656249999995 0.504478125 0.5026046875 0.5286421875 0.525109375 0.536975 0.5626156250000001 0.5371578125 0.7212125 0.547840625 0.7276015625000001 0.5563890625 0.7180171875
2 0.632478125 0.255590625 0.615384375 0.2587859375 0.6111109375 0.26198125 0.6111109375 0.287540625 0.615384375 0.287540625 0.615384375 0.2843453125 0.6367515625 0.28115 0.641025 0.2843453125 0.6431625000000001 0.28115 0.641025 0.265175 0.6367515625 0.2587859375 0.632478125 0.255590625
3 0.644325 0.588078125 0.6571453125 0.50394375 0.6586265625000001 0.4623875 0.65529375 0.4248796875 0.6719578125 0.41071093750000004 0.6934703125 0.498621875 0.69774375 0.4794515625 0.6827859375 0.393190625 0.6611265625 0.3273625 0.6444609375 0.3198609375 0.64529375 0.29235625 0.64529375 0.26485156249999997 0.6286296874999999 0.25985 0.61363125 0.26568437500000003 0.6122734375000001 0.2845640625 0.61363125 0.3248625 0.5986328125 0.3298625 0.6037265625 0.34846093749999996 0.6122734375000001 0.40597031250000004 0.6122734375000001 0.46347812499999996 0.6058625 0.498621875 0.608 0.5752984375 0.6144109375 0.6711453125 0.6229578124999999 0.7062890625 0.633640625 0.7158734375 0.6400515625 0.709484375 0.644325 0.588078125
0 0.6538468749999999 0.37060624999999997 0.649571875 0.3738015625 0.6431625000000001 0.392971875 0.6431625000000001 0.4057515625 0.6474359375 0.421725 0.649571875 0.4249203125 0.6559828125 0.4249203125 0.66239375 0.421725 0.6752140625 0.4057515625 0.6752140625 0.38658125 0.66025625 0.37060624999999997 0.6538468749999999 0.37060624999999997
0 0.48076875 0.2492015625 0.48076875 0.265175 0.48504218750000005 0.271565625 0.5085468750000001 0.271565625 0.5128203124999999 0.265175 0.5106843750000001 0.2396171875 0.5064109375 0.23003125 0.4935890625 0.22683749999999997 0.48504218750000005 0.236421875 0.48076875 0.2492015625
3 0.4125 0.7015625 0.4203125 0.69375 0.4421875 0.69375 0.4515625 0.715625 0.4671875 0.7171875 0.465625 0.540625 0.471875 0.509375 0.46875 0.4859375 0.46365 0.4540515625 0.46698281250000007 0.40904375000000004 0.4828125 0.39375 0.4734375 0.3765625 0.4625 0.325 0.4484375 0.3109375 0.4453125 0.259375 0.43125 0.2421875 0.415625 0.253125 0.409375 0.3265625 0.396875 0.3375 0.3890625 0.3578125 0.37949375 0.38820625 0.3753265625 0.444884375 0.38949218750000003 0.4898921875 0.3984375 0.528125 0.403125 0.6953125 0.4125 0.7015625
3 0.5296875 0.6015625 0.521875 0.565625 0.528125 0.5328125 0.5125 0.5140625 0.5078125 0.4890625 0.51875 0.4453125 0.5125 0.371875 0.5171875 0.3453125 0.528125 0.328125 0.54375 0.321875 0.5421875 0.284375 0.534375 0.2671875 0.5203125 0.2765625 0.5125 0.3234375 0.496875 0.3375 0.4890625 0.3640625 0.496875 0.453125 0.49375 0.628125 0.4984375 0.63125 0.5109375 0.603125 0.5265625 0.60625 0.5296875 0.6015625
2 0.5390625 0.2703125 0.5265625 0.265625 0.5171875 0.2734375 0.5171875 0.2859375 0.5390625 0.2703125