3 0.828 0.996996875 0.8430640625000001 0.8797390625 0.8458218750000001 0.8001953125 0.8695421874999999 0.6518828125 0.8689921875 0.5872546875 0.8648515625 0.5193156250000001 0.8816796874999999 0.505225 0.8907796875 0.47705937499999995 0.8939999999999999 0.45945937499999995 0.892 0.4264265625 0.8699999999999999 0.372371875 0.8220000000000001 0.3363359375 0.8140000000000001 0.2522515625 0.806 0.24024062499999999 0.778 0.234234375 0.762 0.2522515625 0.754 0.2822828125 0.76 0.3483484375 0.75 0.378378125 0.728 0.40240312500000003 0.72 0.4414421875 0.696 0.47147187500000004 0.6839999999999999 0.4624625 0.682 0.44744687499999997 0.6599999999999999 0.44744687499999997 0.658 0.48048124999999997 0.674 0.51951875 0.7040453125 0.537540625 0.722 0.525525 0.735490625 0.5284265625 0.738 0.55555625 0.732 0.6456453125 0.756 0.759759375 0.77 0.9939937499999999 0.828 0.996996875
3 0.568 0.9069062499999999 0.622 0.624625 0.622 0.525525 0.604 0.45045 0.5820000000000001 0.4324328125 0.57440625 0.42485625000000005 0.5683374999999999 0.421540625 0.568 0.39239375 0.5722 0.356084375 0.562 0.3333328125 0.5391 0.3163125 0.5319281250000001 0.3254265625 0.532 0.3483484375 0.53 0.40240312500000003 0.562 0.4324328125 0.5700000000000001 0.474475 0.5660000000000001 0.615615625 0.554 0.6636640625 0.532 0.8768765625 0.544 0.984984375 0.5660000000000001 0.9939937499999999 0.572 0.9879875 0.568 0.9069062499999999
3 0.25 0.996996875 0.246 0.8258265625 0.25 0.7367359375 0.264 0.6876875 0.258 0.6726734375000001 0.266 0.47147187500000004 0.256 0.4234234375 0.21800000000000003 0.378378125 0.22799999999999998 0.3003 0.22200000000000003 0.2732734375 0.21251875 0.25334218750000004 0.19596875 0.2467140625 0.17886875 0.24836874999999997 0.16799999999999998 0.2672671875 0.16 0.30630625 0.172 0.3573578125 0.16599999999999998 0.38138125 0.11599999999999999 0.4144140625 0.10200000000000001 0.5015015625 0.1 0.6486484375 0.11000000000000001 0.684684375 0.122 0.690690625 0.118 0.903903125 0.128 0.9939937499999999 0.16399999999999998 0.996996875 0.172 0.9309312500000001 0.2 0.9297296875000001 0.202 0.996996875 0.25 0.996996875
3 0.534 0.315315625 0.518 0.2762765625 0.496 0.2702703125 0.47800000000000004 0.28828906249999997 0.47000000000000003 0.31831875 0.48 0.378378125 0.476 0.39339375 0.426 0.44444375 0.41200000000000003 0.5075078125 0.41 0.5735734375 0.43200000000000005 0.6366359375 0.45199999999999996 0.771771875 0.462 0.996996875 0.512 0.996996875 0.538 0.8258265625 0.5660000000000001 0.540540625 0.562 0.4384390625 0.53 0.40840781249999997 0.534 0.315315625
3 0.434 0.6666671875 0.40599999999999997 0.5675671875 0.414 0.474475 0.426 0.4384390625 0.42000000000000004 0.4204203125 0.41166562500000003 0.4008265625 0.41221874999999997 0.3693421875 0.42400000000000004 0.3543546875 0.404 0.30630625 0.378 0.297296875 0.364 0.309309375 0.3553984375 0.33536875 0.35760468749999996 0.370996875 0.358 0.39339375 0.32999999999999996 0.4234234375 0.314 0.4894890625 0.314 0.624625 0.318 0.6516515625 0.344 0.678678125 0.358 0.9369375 0.366 0.9519515625 0.384 0.9519515625 0.41200000000000003 0.921921875 0.40599999999999997 0.84985 0.43600000000000005 0.765765625 0.434 0.6666671875
3 0.11399999999999999 0.6876875 0.098 0.675675 0.1 0.4924921875 0.11000000000000001 0.4204203125 0.12 0.40240312500000003 0.144 0.39339375 0.13799999999999998 0.36936874999999997 0.148 0.321321875 0.134 0.2852859375 0.11000000000000001 0.2792796875 0.098 0.29129062499999997 0.088 0.378378125 0.054000000000000006 0.4174171875 0.036 0.4924921875 0.034 0.6516515625 0.044 0.6636640625 0.057999999999999996 0.6546546875 0.06999999999999999 0.678678125 0.078 0.9189187499999999 0.094 0.933934375 0.10400000000000001 0.915915625 0.10400000000000001 0.783784375 0.11399999999999999 0.6997 0.11399999999999999 0.6876875
3 0 0.5585578124999999 0.014000000000000002 0.609609375 0.016 0.7117109375 0.054000000000000006 0.7177171875 0.06 0.6726734375000001 0.03 0.624625 0.03 0.53153125 0.05 0.4054046875 0.038 0.390390625 0.022 0.40240312500000003 0.018 0.4354359375 0 0.45045 0 0.5585578124999999
3 0.33360625 0.42237187499999995 0.33360625 0.4099453125 0.325884375 0.400003125 0.30767812499999997 0.40248906250000005 0.29609375 0.4256875 0.30436874999999997 0.43811718749999995 0.294990625 0.4447453125 0.28340624999999997 0.451371875 0.2767859375 0.47871718750000003 0.2767859375 0.5135171875 0.2828546875 0.5284296875 0.2845078125 0.5590875 0.2900265625 0.5839421875 0.2894734375 0.610459375 0.2894734375 0.6460874999999999 0.2894734375 0.6626578125 0.2977484375 0.6900000000000001 0.288921875 0.7098859375 0.2988515625 0.7239734375 0.3158625 0.7012515625 0.3341578125 0.7115437499999999 0.338571875 0.6982859375 0.3291921875 0.68254375 0.3291921875 0.66845625 0.3154015625 0.6353156249999999 0.3142984375 0.596371875 0.311540625 0.4994296875 0.31760781250000003 0.4671171875 0.33360625 0.42237187499999995
3 0.2798203125 0.38757031249999996 0.275959375 0.42236874999999996 0.26216875 0.4347984375 0.2566515625 0.4629703125 0.2660296875 0.544996875 0.2660296875 0.6295109375 0.263821875 0.649396875 0.27099375000000003 0.67176875 0.28206875 0.669153125 0.2903015625 0.5980234375 0.285890625 0.540853125 0.280371875 0.45799687499999997 0.299128125 0.447225 0.2974734375 0.4298265625 0.3090578125 0.40994062500000006 0.3057484375 0.3859125 0.2936125 0.37845625 0.2798203125 0.38757031249999996
0 0.794 0.234234375 0.77 0.24024062499999999 0.754 0.2732734375 0.756 0.297296875 0.82 0.303303125 0.818 0.2582578125 0.794 0.234234375
0 0.202 0.24624687500000003 0.178 0.2522515625 0.16399999999999998 0.2762765625 0.162 0.3123125 0.22799999999999998 0.3123125 0.22400000000000003 0.2762765625 0.202 0.24624687500000003
0 0.51 0.2702703125 0.492 0.2702703125 0.472 0.3003 0.47400000000000003 0.3393390625 0.532 0.3363359375 0.53 0.29429375 0.51 0.2702703125
0 0.5699921875 0.3552546875 0.562 0.3333328125 0.534 0.31831875 0.532 0.372371875 0.5699921875 0.3552546875
0 0.398 0.3003 0.378 0.297296875 0.36 0.31831875 0.35319218750000003 0.3428265625 0.36 0.3603609375 0.42000000000000004 0.3483484375 0.398 0.3003
0 0.47014218750000003 0.3900546875 0.45999999999999996 0.372371875 0.44421406250000006 0.37845625 0.4386984375 0.3983421875 0.45800625000000006 0.40165468750000005 0.46799999999999997 0.40240312500000003 0.47014218750000003 0.3900546875
0 0.3222984375 0.4455703125 0.3316765625 0.42236874999999996 0.32999999999999996 0.4114109375 0.322 0.40240312500000003 0.3074046875 0.40911093750000005 0.29967968749999996 0.425684375 0.304 0.4324328125 0.3222984375 0.4455703125
0 0.30310468749999997 0.41027031249999996 0.3035421875 0.3950265625 0.29710468749999996 0.38324375 0.286440625 0.38757031249999996 0.2811046875 0.3922515625 0.2776140625 0.4057984375 0.2814765625 0.414084375 0.30310468749999997 0.41027031249999996
0 0.202 0.24624687500000003 0.178 0.2522515625 0.16399999999999998 0.2762765625 0.162 0.3123125 0.22799999999999998 0.3123125 0.22400000000000003 0.2762765625 0.202 0.24624687500000003
0 0.092 0.3393390625 0.13 0.3573578125 0.146 0.3483484375 0.148 0.315315625 0.136 0.2852859375 0.11200000000000002 0.2762765625 0.096 0.29429375 0.088 0.3123125 0.092 0.3393390625
0 0.044 0.4324328125 0.05033125000000001 0.42236874999999996 0.05 0.40240312500000003 0.0415046875 0.392540625 0.0315734375 0.39171093749999997 0.02 0.4054046875 0.022 0.4264265625 0.044 0.4324328125
3 0.43925000000000003 0.4246484375 0.4271140625 0.4420484375 0.47014218750000003 0.4024828125 0.47069375 0.3842546875 0.45944843750000003 0.3698859375 0.450834375 0.369134375 0.44144843749999996 0.3758921875 0.4381453125 0.39730625 0.43925000000000003 0.4246484375