0 0.038775 0.1015390625 0.036734375 0.10461562499999999 0.02653125 0.10461562499999999 0.014285937500000002 0.11384687499999999 0.006121875000000001 0.1323078125 0.00408125 0.15076875 0.002040625 0.153846875 0 0.1784609375 0.0081625 0.1876921875 0.0897953125 0.1876921875 0.0918375 0.184615625 0.0877546875 0.15692343749999998 0.0816328125 0.135384375 0.071428125 0.1169234375 0.0551015625 0.10461562499999999 0.042857812499999995 0.10461562499999999 0.038775 0.1015390625
3 0 0.9969234374999999 0.102040625 0.9969234374999999 0.1 0.9784609375000001 0.0918375 0.984615625 0.0571421875 0.9476921875000001 0.0489796875 0.9107687500000001 0.0795921875 0.6984609374999999 0.0795921875 0.5969234375 0.0897953125 0.5630765625 0.0816328125 0.43692343749999996 0.0857140625 0.31384687499999997 0.0755109375 0.273846875 0.09591875 0.1876921875 0.0795921875 0.1323078125 0.0571421875 0.10769218750000001 0.0244890625 0.10769218750000001 0.00408125 0.14153906249999998 0 0.1784609375 0.014285937500000002 0.2184609375 0 0.264615625 0 0.9969234374999999
0 0.13469375 0.153846875 0.13469375 0.15076875 0.13265312499999998 0.15076875 0.128571875 0.144615625 0.1163265625 0.1384609375 0.102040625 0.1384609375 0.0897953125 0.144615625 0.0877546875 0.15692343749999998 0.0897953125 0.16 0.0897953125 0.16923125 0.09591875 0.2 0.097959375 0.2030765625 0.13469375 0.206153125 0.14897968749999999 0.206153125 0.1510203125 0.2030765625 0.140815625 0.1630765625 0.13469375 0.153846875
3 0.11952499999999999 0.6426296875 0.13285625 0.7393140625 0.13469375 0.8307687500000001 0.1306125 0.8676921875 0.19387812499999998 0.8646156250000001 0.20408125 0.8430765625 0.1795921875 0.8338468750000001 0.171428125 0.7938468750000001 0.1693875 0.44615312500000004 0.1551015625 0.31384687499999997 0.140815625 0.255384375 0.14897968749999999 0.2 0.13265312499999998 0.15076875 0.12040781250000002 0.14153906249999998 0.0897953125 0.15076875 0.09591875 0.20923124999999998 0.0857140625 0.27076875 0.09591875 0.304615625 0.06703125 0.8676718749999999 0.089528125 0.9001765625000001 0.1111921875 0.8768390625 0.09286093749999999 0.8226625000000001 0.09702812499999999 0.7351468750000001 0.1070265625 0.667634375 0.11952499999999999 0.6426296875
3 0.24081562500000003 0.735384375 0.263265625 0.655384375 0.26530624999999997 0.5723078125 0.2775515625 0.5384609375 0.27346875000000004 0.4923078125 0.2877546875 0.40923125000000005 0.2795921875 0.2523078125 0.267346875 0.2184609375 0.2428578125 0.21230781250000003 0.23061250000000003 0.22769218750000003 0.232653125 0.27999999999999997 0.197959375 0.3569234375 0.1857140625 0.48923125 0.20816249999999997 0.5784609374999999 0.20204062500000003 0.766153125 0.2142859375 0.8030765625 0.2571421875 0.806153125 0.2693875 0.7938468750000001 0.2571421875 0.784615625 0.2571421875 0.7569234375 0.2448984375 0.753846875 0.24081562500000003 0.735384375
0 0.2816328125 0.2676921875 0.2816328125 0.255384375 0.2775515625 0.2369234375 0.27346875000000004 0.22461562499999999 0.26530624999999997 0.21230781250000003 0.261225 0.20923124999999998 0.2530609375 0.20923124999999998 0.2510203125 0.206153125 0.24897968750000002 0.20923124999999998 0.2428578125 0.20923124999999998 0.23877500000000002 0.21230781250000003 0.23061250000000003 0.22461562499999999 0.228571875 0.233846875 0.228571875 0.2615390625 0.232653125 0.2676921875 0.236734375 0.2676921875 0.23877500000000002 0.264615625 0.2448984375 0.2676921875 0.2571421875 0.2676921875 0.26530624999999997 0.273846875 0.2775515625 0.273846875 0.2816328125 0.2676921875
3 0.367346875 0.2923078125 0.361225 0.2676921875 0.3510203125 0.2584609375 0.33469375 0.2676921875 0.328571875 0.2923078125 0.336734375 0.3230765625 0.3142859375 0.344615625 0.3102046875 0.36 0.3081625 0.41538437500000003 0.3142859375 0.44307656250000005 0.32244843749999996 0.593846875 0.32244843749999996 0.6923078125 0.33061250000000003 0.6923078125 0.3571421875 0.6769234375 0.37346875 0.52 0.371428125 0.34769218749999997 0.359184375 0.32923125 0.367346875 0.2923078125
0 0.3571421875 0.2615390625 0.3530609375 0.2584609375 0.3428578125 0.2584609375 0.332653125 0.27076875 0.332653125 0.273846875 0.328571875 0.27999999999999997 0.328571875 0.2923078125 0.33061250000000003 0.295384375 0.33469375 0.2923078125 0.36326562500000004 0.29846093749999997 0.367346875 0.2923078125 0.367346875 0.27999999999999997 0.36530625 0.273846875 0.3571421875 0.2615390625
3 0.44081562500000004 0.7415390625 0.44897968749999995 0.406153125 0.44081562500000004 0.264615625 0.43061249999999995 0.24 0.41224531249999996 0.2369234375 0.402040625 0.24923125000000002 0.39591875 0.2676921875 0.402040625 0.31076875 0.3755109375 0.33230781249999997 0.36326562500000004 0.384615625 0.371428125 0.4923078125 0.3795921875 0.5230765625 0.3775515625 0.584615625 0.359184375 0.6923078125 0.361225 0.744615625 0.3795921875 0.744615625 0.3857140625 0.704615625 0.41224531249999996 0.7115390625 0.4163265625 0.735384375 0.44081562500000004 0.7415390625
0 0.44081562500000004 0.2830765625 0.44081562500000004 0.2615390625 0.436734375 0.24615312500000003 0.42244843750000005 0.233846875 0.4081625 0.24 0.4 0.2523078125 0.397959375 0.2584609375 0.39591875 0.273846875 0.402040625 0.2769234375 0.402040625 0.27999999999999997 0.4163265625 0.27076875 0.4183671875 0.273846875 0.4244890625 0.273846875 0.428571875 0.2769234375 0.43469375 0.286153125 0.43877499999999997 0.286153125 0.44081562500000004 0.2830765625
0 0.4469390625 0.36615312499999997 0.44897968749999995 0.36923125 0.463265625 0.36923125 0.46734687499999994 0.3630765625 0.46734687499999994 0.35076874999999996 0.463265625 0.344615625 0.4510203125 0.3415390625 0.4469390625 0.344615625 0.4469390625 0.36615312499999997
3 0.47755156249999997 0.42461562500000005 0.46734687499999994 0.3569234375 0.46122500000000005 0.344615625 0.44897968749999995 0.344615625 0.4469390625 0.36923125 0.4530609375 0.43692343749999996 0.4510203125 0.5230765625 0.463265625 0.5784609374999999 0.46530625 0.60923125 0.4816328125 0.6123078125 0.4755109375 0.5969234375 0.47346875 0.5476921875 0.47755156249999997 0.5015390625 0.47755156249999997 0.42461562500000005
3 0.571428125 0.46769218749999997 0.57346875 0.36923125 0.56530625 0.32 0.5326531250000001 0.295384375 0.5428578125 0.255384375 0.536734375 0.2215390625 0.5224484375 0.21538437500000002 0.506121875 0.23076875000000002 0.49795937500000004 0.304615625 0.4755109375 0.33230781249999997 0.47346875 0.36923125 0.4877546875 0.41538437500000003 0.48571406250000004 0.72923125 0.49795937500000004 0.7323078125 0.5122453124999999 0.7076921875 0.53469375 0.7076921875 0.5448984375 0.7323078125 0.5612250000000001 0.735384375 0.5530609375 0.5415390625 0.571428125 0.46769218749999997
0 0.5244890625 0.21230781250000003 0.5142859375 0.21538437500000002 0.50408125 0.233846875 0.502040625 0.24 0.502040625 0.255384375 0.50408125 0.2584609375 0.536734375 0.2615390625 0.538775 0.264615625 0.5448984375 0.255384375 0.5428578125 0.23076875000000002 0.5326531250000001 0.21538437500000002 0.52653125 0.21538437500000002 0.5244890625 0.21230781250000003
3 0.7857140625000001 0.9046156249999999 0.8115656250000001 0.9046156249999999 0.8306125 0.9353843749999999 0.8244890625 0.9630765625000001 0.8489796875 0.9723078125000001 0.8795921874999999 0.9476921875000001 0.8836734375 0.9107687500000001 0.8795921874999999 0.806153125 0.86530625 0.71076875 0.8857140625 0.5969234375 0.8877546875 0.36 0.8795921874999999 0.3076921875 0.8469390625000001 0.27076875 0.8428578124999999 0.22769218750000003 0.8306125 0.20923124999999998 0.79591875 0.21538437500000002 0.7816328125 0.264615625 0.8 0.33230781249999997 0.7734687499999999 0.3569234375 0.793878125 0.39076875 0.7755109375 0.504615625 0.7755109375 0.56923125 0.8081625000000001 0.75076875 0.8122453125 0.8338468750000001 0.806121875 0.8646156250000001 0.7734687499999999 0.8923078125 0.7857140625000001 0.9046156249999999
0 0.836734375 0.24923125000000002 0.840815625 0.2523078125 0.8448984375 0.2615390625 0.8489796875 0.2523078125 0.8448984375 0.24 0.8448984375 0.23076875000000002 0.838775 0.2184609375 0.838775 0.21538437500000002 0.836734375 0.21538437500000002 0.8306125 0.206153125 0.8224484375 0.206153125 0.8204078125 0.2030765625 0.8102046875 0.2030765625 0.79591875 0.21230781250000003 0.7877546875 0.22769218750000003 0.7857140625000001 0.2369234375 0.7816328125 0.2584609375 0.7816328125 0.27076875 0.7857140625000001 0.273846875 0.7897953125 0.273846875 0.793878125 0.27076875 0.79591875 0.264615625 0.8224484375 0.24923125000000002 0.8244890625 0.2523078125 0.82653125 0.24923125000000002 0.836734375 0.24923125000000002