3 0.182 0.44578281249999996 0.144 0.40662656249999996 0.13799999999999998 0.436746875 0.148 0.45783125 0.15 0.5572296875 0.16999999999999998 0.6355421875 0.16799999999999998 0.6927703125 0.196 0.70481875 0.198 0.6385546875 0.182 0.6144578125 0.176 0.5150609375 0.182 0.44578281249999996
0 0.142 0.40662656249999996 0.136 0.4156625 0.13999999999999999 0.4427703125 0.16799999999999998 0.436746875 0.158 0.4096390625 0.142 0.40662656249999996
3 0.23199999999999998 0.8253015625 0.238 0.8102406249999999 0.268 0.8253015625 0.264 0.6144578125 0.27799999999999997 0.5993968749999999 0.27 0.4487953125 0.26 0.4277109375 0.24 0.418675 0.236 0.3674703125 0.22400000000000003 0.3463859375 0.20600000000000002 0.3433734375 0.194 0.3644578125 0.194 0.39156562500000003 0.20600000000000002 0.4246984375 0.188 0.436746875 0.178 0.47891562499999996 0.178 0.5271078124999999 0.186 0.62048125 0.20400000000000001 0.6566265625 0.20800000000000002 0.8012046875 0.21800000000000003 0.8283125 0.23199999999999998 0.8253015625
0 0.22617812499999998 0.36924687500000003 0.236 0.37650625 0.23284531249999998 0.35341093749999997 0.21000000000000002 0.34036093749999996 0.1936828125 0.35757812499999997 0.196 0.39156562500000003 0.21600000000000003 0.37048125 0.22617812499999998 0.36924687500000003
3 0.41200000000000003 0.6325296875 0.4 0.5120484375000001 0.384 0.4487953125 0.358 0.4096390625 0.358 0.37048125 0.348 0.352409375 0.324 0.3463859375 0.316 0.35843437499999997 0.312 0.3855421875 0.322 0.436746875 0.296 0.47891562499999996 0.292 0.581325 0.298 0.6596390624999999 0.314 0.6807234375 0.322 0.8855421874999999 0.33799999999999997 0.8885546874999999 0.348 0.855421875 0.386 0.8825296874999999 0.398 0.8795187500000001 0.392 0.6596390624999999 0.41200000000000003 0.6325296875
0 0.362 0.3825296875 0.344 0.3463859375 0.32799999999999996 0.3433734375 0.314 0.35843437499999997 0.314 0.40060312500000006 0.3245 0.37424843750000003 0.3461640625 0.3659125 0.362 0.3825296875
3 0.5 0.5481921875 0.512 0.524096875 0.512 0.4879515625 0.506 0.4487953125 0.488 0.4277109375 0.484 0.3674703125 0.472 0.3433734375 0.446 0.349396875 0.442 0.39156562500000003 0.44800000000000006 0.4156625 0.42400000000000004 0.436746875 0.414 0.46385468750000003 0.41200000000000003 0.521084375 0.42800000000000005 0.5753015625 0.43600000000000005 0.6716875 0.43600000000000005 0.855421875 0.45199999999999996 0.855421875 0.462 0.8343375 0.52 0.852409375 0.524 0.8433734375 0.5 0.7646296875 0.5 0.5481921875
0 0.488 0.37951875 0.472 0.34036093749999996 0.45999999999999996 0.33735 0.442 0.355421875 0.44281875 0.37841562500000003 0.45531718750000005 0.3684140625 0.475315625 0.3650796875 0.488 0.37951875
3 0.768 0.91265 0.754 0.649740625 0.76 0.5903609375000001 0.8039999999999999 0.4879515625 0.8039999999999999 0.4728921875 0.762 0.4096390625 0.724 0.39156562500000003 0.73 0.3343375 0.712 0.29518125 0.6940000000000001 0.29518125 0.6839999999999999 0.310240625 0.678 0.3433734375 0.686 0.40060312500000006 0.662 0.4246984375 0.646 0.46987968750000003 0.646 0.5060234375 0.666 0.581325 0.678 0.75 0.678 0.852409375 0.6599999999999999 0.8915656249999999 0.708 0.87650625 0.708 0.855421875 0.726 0.83735 0.744 0.9036140625 0.768 0.91265
0 0.714453125 0.3267390625 0.73 0.3433734375 0.7244515625 0.3059015625 0.702 0.29216875 0.6900000000000001 0.2981921875 0.6799999999999999 0.3222890625 0.6799999999999999 0.3463859375 0.6869562499999999 0.329240625 0.714453125 0.3267390625
3 0.9099999999999999 0.852409375 0.9179999999999999 0.8403609375000001 0.9119999999999999 0.7349390625 0.9279999999999999 0.58735 0.9199999999999999 0.49096406249999996 0.932 0.4427703125 0.9039999999999999 0.4216875 0.9179999999999999 0.3855421875 0.916 0.355421875 0.906 0.34036093749999996 0.8880000000000001 0.34036093749999996 0.8699999999999999 0.3644578125 0.8720000000000001 0.4246984375 0.85 0.436746875 0.8380000000000001 0.4728921875 0.836 0.5271078124999999 0.8480000000000001 0.5331328125 0.8539999999999999 0.5572296875 0.844 0.5963859375 0.852 0.8433734375 0.8640000000000001 0.852409375 0.876 0.8222890625 0.8880000000000001 0.8192765625 0.8960000000000001 0.8433734375 0.9099999999999999 0.852409375
0 0.9179999999999999 0.3885546875 0.9199999999999999 0.3674703125 0.908 0.34036093749999996 0.892 0.33735 0.8779999999999999 0.349396875 0.8699999999999999 0.3644578125 0.8994312499999999 0.36174531249999997 0.9179999999999999 0.3885546875
3 0.968 0.900603125 0.97 0.8825296874999999 0.9880000000000001 0.8795187500000001 0.9960000000000001 0.9066265625 0.9880000000000001 0.9427703125000001 0.998 0.9487953125 0.998 0.2861453125 0.978 0.29216875 0.96 0.3283125 0.9720000000000001 0.3825296875 0.942 0.43072343750000003 0.9460000000000001 0.4879515625 0.958 0.4939765625 0.962 0.518071875 0.9480000000000001 0.5301203125 0.9380000000000001 0.644578125 0.944 0.7228921875000001 0.9400000000000001 0.8825296874999999 0.924 0.9036140625 0.9480000000000001 0.9096390624999999 0.968 0.900603125
0 0.998 0.2861453125 0.9800000000000001 0.28915625 0.97 0.30421718750000004 0.958 0.331325 0.9844203125 0.325071875 0.998 0.331325 0.998 0.2861453125