3 0 0.996996875 0.041999999999999996 0.9939937499999999 0.05 0.8378375 0.06 0.8168171875000001 0.062 0.771771875 0.074 0.765765625 0.076 0.7477484375000001 0.098 0.7237234375 0.1 0.6876875 0.122 0.6366359375 0.12 0.4924921875 0.10600000000000001 0.44744687499999997 0.044 0.3603609375 0.048 0.321321875 0.066 0.29129062499999997 0.064 0.23123125 0.06 0.21621562499999997 0.022 0.1951953125 0 0.1951953125 0 0.996996875
3 0.488 0.8168171875000001 0.5 0.864865625 0.504 0.990990625 0.6 0.996996875 0.61 0.8768765625 0.622 0.8558562500000001 0.622 0.6486484375 0.636 0.5825828125 0.64 0.5045046875 0.636 0.4414421875 0.604 0.3603609375 0.614 0.309309375 0.612 0.24024062499999999 0.604 0.222221875 0.572 0.2042046875 0.54 0.21921875000000002 0.53 0.24324374999999998 0.518 0.24624687500000003 0.514 0.372371875 0.398 0.3543546875 0.4 0.4114109375 0.44800000000000006 0.4324328125 0.45599999999999996 0.44744687499999997 0.49400000000000005 0.45645625 0.484 0.48048124999999997 0.48 0.53153125 0.466 0.5645640625 0.45999999999999996 0.6546546875 0.47400000000000003 0.7957953125 0.488 0.8168171875000001
3 0.784 0.996996875 0.79 0.8138140625 0.793121875 0.7889484375 0.7988062499999999 0.7718734375 0.7953953125 0.7240593750000001 0.798 0.678678125 0.82 0.54354375 0.8160000000000001 0.5075078125 0.78 0.47147187500000004 0.778 0.45645625 0.798 0.4174171875 0.784 0.3453453125 0.766 0.3303296875 0.742 0.3303296875 0.726 0.3453453125 0.71 0.390390625 0.718 0.4354359375 0.65 0.54354375 0.634 0.60660625 0.64 0.6576578125 0.63 0.6726734375000001 0.63 0.7147140624999999 0.642 0.7117109375 0.6559999999999999 0.7297296875 0.648 0.834834375 0.642 0.8378375 0.6519999999999999 0.8918921875000001 0.6519999999999999 0.996996875 0.784 0.996996875
3 0.9720000000000001 0.48348281249999997 0.9259999999999999 0.540540625 0.89 0.6606609375 0.8859999999999999 0.70570625 0.906 0.8168171875000001 0.9039999999999999 0.840840625 0.9099999999999999 0.8438437499999999 0.9019999999999999 0.9939937499999999 0.998 0.996996875 0.998 0.315315625 0.974 0.3363359375 0.96 0.375375 0.9720000000000001 0.48348281249999997
3 0.82 0.9939937499999999 0.898 0.996996875 0.9 0.840840625 0.884 0.7117109375 0.858 0.7117109375 0.8380000000000001 0.7297296875 0.8320000000000001 0.753753125 0.836 0.8018015625 0.826 0.8108109375 0.82 0.9939937499999999
3 0.17027343749999999 0.8640874999999999 0.162 0.840840625 0.156 0.8018015625 0.162 0.771771875 0.182 0.7387390625 0.16799999999999998 0.7117109375 0.16999999999999998 0.68168125 0.202 0.5945953125 0.202 0.54354375 0.184 0.4894890625 0.2 0.46846875 0.21000000000000002 0.4294296875 0.198 0.384384375 0.174 0.38138125 0.13799999999999998 0.40240312500000003 0.142 0.4114109375 0.132 0.45045 0.15 0.51951875 0.124 0.5705703125 0.122 0.6546546875 0.10600000000000001 0.6876875 0.088440625 0.7786734375 0.0816203125 0.8179796874999999 0.0770734375 0.8828703125 0.0907125 0.996996875 0.124 0.996996875 0.13049375000000002 0.9477625 0.14413125 0.996996875 0.17595624999999998 0.996996875 0.165728125 0.930684375 0.17027343749999999 0.8640874999999999
3 0.348 0.70570625 0.38 0.6876875 0.392 0.5945953125 0.378 0.5015015625 0.33199999999999996 0.45345312499999996 0.32999999999999996 0.4294296875 0.33999999999999997 0.40240312500000003 0.3505515625 0.3754328125 0.348 0.3303296875 0.33799999999999997 0.3003 0.302 0.29129062499999997 0.286 0.30630625 0.27 0.3483484375 0.27799999999999997 0.366365625 0.272 0.3873875 0.284 0.4324328125 0.22799999999999998 0.4624625 0.21600000000000003 0.4924921875 0.21400000000000002 0.5735734375 0.23399999999999999 0.6486484375 0.21600000000000003 0.7927921875 0.22200000000000003 0.996996875 0.346 0.996996875 0.356 0.8768765625 0.374 0.8078078124999999 0.372 0.753753125 0.36 0.75075 0.348 0.70570625
0 0.27 0.3453453125 0.274 0.3573578125 0.314 0.3633640625 0.3464203125 0.358090625 0.35 0.3363359375 0.35 0.321321875 0.33399999999999996 0.29429375 0.31 0.28828906249999997 0.282 0.309309375 0.27 0.3453453125
0 0 0.2612609375 0.048 0.3123125 0.062 0.3003 0.066 0.24024062499999999 0.057999999999999996 0.21621562499999997 0.008 0.1951953125 0 0.1981984375 0 0.2612609375
0 0.134 0.40240312500000003 0.142 0.4174171875 0.16999999999999998 0.4294296875 0.182 0.48048124999999997 0.202 0.46546562500000005 0.21200000000000002 0.4174171875 0.2 0.3873875 0.16999999999999998 0.38138125 0.146 0.39339375 0.134 0.40240312500000003
0 0.5660000000000001 0.1951953125 0.544 0.2102109375 0.5332312499999999 0.2276421875 0.516 0.23123125 0.508 0.24624687500000003 0.516 0.2732734375 0.532 0.24925000000000003 0.558 0.2552546875 0.6 0.29429375 0.614 0.32732656250000003 0.618 0.2552546875 0.606 0.21921875000000002 0.5660000000000001 0.1951953125
0 0.79 0.3573578125 0.77 0.3303296875 0.74 0.3303296875 0.712 0.372371875 0.7068203125 0.3928625 0.7093 0.39783124999999997 0.71 0.4054046875 0.714 0.4174171875 0.726 0.375375 0.75 0.3603609375 0.78 0.38138125 0.786 0.4354359375 0.798 0.4204203125 0.79 0.3573578125
0 0.998 0.375375 0.998 0.315315625 0.97 0.3453453125 0.958 0.38138125 0.9640000000000001 0.39339375 0.97 0.38138125 0.998 0.375375
1 0.184 0.8558562500000001 0.20400000000000001 0.909909375 0.21200000000000002 0.903903125 0.21800000000000003 0.8708703124999999 0.20600000000000002 0.759759375 0.182 0.7477484375000001 0.16 0.7867875 0.16399999999999998 0.840840625 0.184 0.8558562500000001
1 0.376 0.753753125 0.378 0.7987984375 0.41200000000000003 0.8138140625 0.418 0.7897890624999999 0.41 0.7147140624999999 0.372 0.69369375 0.356 0.696696875 0.352 0.7147140624999999 0.376 0.753753125
1 0.74 0.7267265625 0.774 0.7627625 0.786 0.8138140625 0.794 0.8138140625 0.808 0.7897890624999999 0.796 0.69369375 0.766 0.6456453125 0.75 0.6516515625 0.736 0.678678125 0.74 0.7267265625
1 0.9359999999999999 0.8438437499999999 0.916 0.9069062499999999 0.9179999999999999 0.921921875 0.932 0.9639640625 0.96 0.9729734375 0.9800000000000001 0.9549546875000001 0.9880000000000001 0.921921875 0.984 0.852853125 0.978 0.8258265625 0.966 0.8138140625 0.9359999999999999 0.8438437499999999
0 0.874 0.8108109375 0.8939999999999999 0.7957953125 0.884 0.7117109375 0.858 0.7117109375 0.834 0.7387390625 0.8320000000000001 0.777778125 0.8400000000000001 0.8048046875000001 0.874 0.8108109375