3 0.06999999999999999 0.4866671875 0.0675 0.44000000000000006 0.05 0.40333281249999997 0.06 0.34333281250000003 0.0375 0.3033328125 0.0225 0.3033328125 0.005 0.32 0 0.8566671875 0.0125 0.8466671874999999 0.015 0.8266671875 0.04 0.8266671875 0.042499999999999996 0.8400000000000001 0.0675 0.8266671875 0.06 0.7833328125000001 0.0675 0.61 0.06 0.5700000000000001 0.06999999999999999 0.4866671875
0 0 0.35333281250000004 0.057499999999999996 0.33999999999999997 0.06 0.3366671875 0.05500000000000001 0.32999999999999996 0.052500000000000005 0.32 0.04 0.3033328125 0.02 0.3033328125 0.0125 0.3066671875 0.0025 0.3233328125 0 0.32999999999999996 0 0.35333281250000004
3 0.1133328125 0.45999999999999996 0.0883328125 0.40666718749999997 0.0858328125 0.3633328125 0.0783328125 0.3566671875 0.0633328125 0.36 0.0608328125 0.4 0.07286406250000001 0.5351109375 0.0733328125 0.6166671874999999 0.0708328125 0.76 0.0758328125 0.78 0.10083281250000001 0.79 0.0958328125 0.77 0.0983328125 0.7 0.1158328125 0.5866671875 0.1133328125 0.45999999999999996
0 0.0725 0.3566671875 0.065 0.3566671875 0.06 0.3633328125 0.057499999999999996 0.3733328125 0.057499999999999996 0.3866671875 0.06 0.39 0.065 0.3933328125 0.09 0.3933328125 0.09 0.38 0.0875 0.37 0.08 0.3566671875 0.075 0.35333281250000004 0.0725 0.3566671875
3 0.1625 0.7033328125 0.155 0.6333328125000001 0.1575 0.5966671875 0.16499999999999998 0.5533328125 0.1775 0.5233328125 0.1775 0.47000000000000003 0.1675 0.43333281250000005 0.1525 0.4166671875 0.14750000000000002 0.4 0.1525 0.3866671875 0.15 0.37 0.14250000000000002 0.36 0.1275 0.36 0.12 0.37 0.12 0.41333281250000004 0.11000000000000001 0.43333281250000005 0.12 0.4466671875 0.1275 0.49000000000000005 0.13 0.58 0.11000000000000001 0.6266671875000001 0.1125 0.6933328125 0.11499999999999999 0.7033328125 0.1575 0.7066671875 0.1625 0.7033328125
0 0.12250000000000001 0.3933328125 0.15 0.3933328125 0.1525 0.39 0.1525 0.3733328125 0.145 0.36 0.135 0.3566671875 0.12 0.3666671875 0.11750000000000001 0.3866671875 0.12250000000000001 0.3933328125
3 0.31 0.72 0.31366875 0.6834703125 0.3261671875 0.7659859375 0.312834375 0.8593359375 0.34033125000000003 0.8510015624999999 0.3461640625 0.7168109375 0.3628296875 0.513440625 0.349496875 0.450928125 0.3186671875 0.42425781249999994 0.3186671875 0.4142546875 0.3175 0.3566671875 0.3075 0.3366671875 0.2875 0.32999999999999996 0.265 0.37 0.27749999999999997 0.42000000000000004 0.2575 0.4466671875 0.25 0.4933328125 0.27 0.5599999999999999 0.27999999999999997 0.7866671875 0.275 0.8333328124999999 0.27749999999999997 0.85 0.2875 0.85 0.315 0.8366671875 0.31 0.72
0 0.31 0.3366671875 0.3 0.32999999999999996 0.28500000000000003 0.32999999999999996 0.27 0.35 0.27 0.35333281250000004 0.265 0.36 0.265 0.3666671875 0.27 0.3733328125 0.3 0.37 0.31 0.3766671875 0.3175 0.3766671875 0.32 0.3666671875 0.3175 0.35 0.31 0.3366671875
3 0.34750000000000003 0.6066671875 0.36 0.5733328125 0.37 0.5133328125000001 0.3675 0.43333281250000005 0.3525 0.39 0.355 0.35333281250000004 0.35 0.3366671875 0.3325 0.3333328125 0.32 0.34333281250000003 0.315 0.40666718749999997 0.3175 0.4166671875 0.34500000000000003 0.4433328125 0.36 0.49000000000000005 0.3625 0.55 0.35750000000000004 0.5666671875 0.3525 0.5700000000000001 0.355 0.58 0.35 0.5866671875 0.34750000000000003 0.6066671875
0 0.33999999999999997 0.32999999999999996 0.3375 0.3333328125 0.32999999999999996 0.3333328125 0.32 0.33999999999999997 0.32 0.3666671875 0.3225 0.37 0.34249999999999997 0.37 0.3525 0.3766671875 0.355 0.37 0.355 0.35 0.3525 0.33999999999999997 0.34750000000000003 0.3333328125 0.33999999999999997 0.32999999999999996
2 0.43 0.3366671875 0.425 0.34333281250000003 0.4225 0.35333281250000004 0.425 0.36 0.43 0.36 0.43 0.3566671875 0.43499999999999994 0.35 0.4525 0.3566671875 0.4525 0.34333281250000003 0.44749999999999995 0.3366671875 0.4375 0.3333328125 0.43 0.3366671875
3 0.4575 0.5766671875 0.47000000000000003 0.48333281250000004 0.47000000000000003 0.40333281249999997 0.4575 0.3866671875 0.45 0.33999999999999997 0.4325 0.3366671875 0.4175 0.38 0.4 0.39666718749999996 0.39249999999999996 0.41333281250000004 0.3875 0.4566671875 0.40750000000000003 0.5966671875 0.4 0.6633328125 0.4125 0.67 0.425 0.6366671875 0.44000000000000006 0.6433328125 0.44749999999999995 0.6599999999999999 0.45499999999999996 0.6599999999999999 0.45999999999999996 0.6433328125 0.4575 0.5766671875
0 0.58 0.36 0.5775 0.3666671875 0.5775 0.38 0.5825 0.3866671875 0.5875 0.3833328125 0.605 0.3833328125 0.61 0.3733328125 0.605 0.35333281250000004 0.6 0.35 0.5900000000000001 0.35 0.58 0.36
3 0.6224999999999999 0.5213328125000001 0.635 0.47666718750000003 0.635 0.4433328125 0.63 0.42000000000000004 0.6075 0.3933328125 0.605 0.36 0.5900000000000001 0.35333281250000004 0.58 0.3666671875 0.5825 0.39 0.5725 0.4166671875 0.5725 0.5 0.58 0.5533328125 0.5775 0.6333328125000001 0.5875 0.6366671875 0.5925 0.63 0.615 0.6366671875 0.6224999999999999 0.6233328124999999 0.6224999999999999 0.5213328125000001
0 0.6525000000000001 0.3566671875 0.6825 0.36 0.6825 0.35 0.6775 0.3366671875 0.67 0.32999999999999996 0.6625 0.3266671875 0.65 0.33999999999999997 0.6475 0.35 0.6525000000000001 0.3566671875
3 0.6950000000000001 0.5166671875 0.71 0.4566671875 0.7075 0.41333281250000004 0.6675 0.3366671875 0.6599999999999999 0.3333328125 0.65 0.35 0.6525000000000001 0.36 0.64 0.43333281250000005 0.64 0.48333281250000004 0.645 0.4933328125 0.65 0.6166671874999999 0.655 0.63 0.6525000000000001 0.6533328125 0.6799999999999999 0.6599999999999999 0.6900000000000001 0.6533328125 0.6950000000000001 0.5166671875
0 0.775 0.3266671875 0.7675 0.3233328125 0.755 0.3233328125 0.7474999999999999 0.3333328125 0.745 0.33999999999999997 0.745 0.35 0.7474999999999999 0.35333281250000004 0.755 0.35333281250000004 0.76 0.3466671875 0.77 0.34333281250000003 0.7825 0.36 0.7825 0.35 0.7849999999999999 0.34333281250000003 0.775 0.3266671875
3 0.805 0.6599999999999999 0.805 0.5833328125 0.7975 0.5166671875 0.8175000000000001 0.4566671875 0.8150000000000001 0.4233328125 0.7775000000000001 0.3366671875 0.7675 0.3266671875 0.75 0.3366671875 0.74 0.4 0.7375 0.45 0.75 0.49666718750000005 0.755 0.5599999999999999 0.755 0.62 0.745 0.6599999999999999 0.75 0.6633328125 0.7575000000000001 0.65 0.77 0.6433328125 0.7975 0.67 0.805 0.6599999999999999
0 0.8775000000000001 0.3233328125 0.86 0.3233328125 0.8550000000000001 0.3266671875 0.8550000000000001 0.32999999999999996 0.8474999999999999 0.33999999999999997 0.8425 0.35333281250000004 0.8425 0.36 0.845 0.3633328125 0.8675 0.3633328125 0.8825 0.3733328125 0.89 0.37 0.8925000000000001 0.35 0.8875 0.3333328125 0.8825 0.3266671875 0.8775000000000001 0.3233328125
3 0.8474999999999999 0.7833328125000001 0.8675 0.8 0.8875 0.8 0.9025000000000001 0.7866671875 0.8949999999999999 0.6233328124999999 0.915 0.4433328125 0.8825 0.32999999999999996 0.8625 0.3233328125 0.8425 0.3566671875 0.8474999999999999 0.4166671875 0.8400000000000001 0.4366671875 0.8400000000000001 0.5033328125 0.825 0.52 0.825 0.5366671875 0.8324999999999999 0.5466671875 0.8474999999999999 0.6666671875 0.8550000000000001 0.6833328125 0.8574999999999999 0.7666671875 0.8474999999999999 0.7833328125000001
3 0.99 0.35 0.9775 0.3266671875 0.97 0.3233328125 0.9574999999999999 0.3333328125 0.945 0.3933328125 0.93 0.40666718749999997 0.925 0.43 0.925 0.48 0.93 0.4866671875 0.925 0.5466671875 0.9349999999999999 0.65 0.9324999999999999 0.73 0.985 0.7433328125 0.9949999999999999 0.7033328125 0.9974999999999999 0.39 0.9875 0.3666671875 0.99 0.35
0 0.95 0.34333281250000003 0.9550000000000001 0.35333281250000004 0.96 0.3466671875 0.9875 0.36 0.9925 0.35333281250000004 0.9925 0.3333328125 0.985 0.32 0.9650000000000001 0.32 0.9525 0.3333328125 0.95 0.34333281250000003
3 0.25625 0.6921875 0.271875 0.6296875 0.271875 0.546875 0.2609375 0.4859375 0.2671875 0.446875 0.278125 0.4265625 0.2625 0.3671875 0.2125 0.4265625 0.2125 0.4953125 0.23125 0.5046875 0.2421875 0.53125 0.2421875 0.6671875 0.2453125 0.684375 0.25625 0.6921875
3 0.8921875 0.3890625 0.915625 0.459375 0.915625 0.3390625 0.9015625 0.33125 0.8921875 0.353125 0.8921875 0.3890625
0 0.8953125 0.3296875 0.8953125 0.359375 0.915625 0.3703125 0.9203125 0.35625 0.9171875 0.334375 0.9046875 0.3265625 0.8953125 0.3296875