0 0.23199999999999998 0.24350624999999998 0.22000000000000003 0.22402656250000003 0.182 0.2370125 0.144 0.23051875000000002 0.11399999999999999 0.26298750000000004 0.10600000000000001 0.2824671875 0.10800000000000001 0.33116875 0.142 0.3896109375 0.144 0.3636359375 0.152 0.3571421875 0.144 0.324675 0.154 0.2889609375 0.182 0.26623437499999997 0.23399999999999999 0.2857140625 0.23199999999999998 0.24350624999999998
3 0.26 0.435065625 0.293684375 0.5348609375 0.3747359375 0.5382765625 0.35157812499999996 0.2905 0.22000000000000003 0.2272734375 0.184 0.240259375 0.142 0.23376562500000003 0.126 0.246753125 0.10800000000000001 0.2857140625 0.11200000000000002 0.34090937499999996 0.142 0.3896109375 0.118 0.4675328125 0.098 0.652596875 0.064 0.8344156249999999 0.062 0.8636359375 0.09 0.8896109375 0.086 0.9805187500000001 0.1 0.996753125 0.244 0.996753125 0.238 0.8636359375 0.256 0.759740625 0.258 0.652596875 0.25 0.47727343749999995 0.26 0.435065625
0 0.653684375 0.533153125 0.6905265625 0.53656875 0.6940000000000001 0.5519484375 0.688 0.51948125 0.678 0.503246875 0.658 0.5 0.64 0.5227265625 0.642 0.577921875 0.653684375 0.533153125
3 0.738 0.9545453125 0.73 0.9480515625000001 0.736 0.9123374999999999 0.759 0.8831171875000001 0.786 0.8831171875000001 0.784 0.8506500000000001 0.792 0.827921875 0.76 0.73051875 0.8547359374999999 0.9210515625 0.784 0.6883109375 0.746 0.6071421875 0.704 0.597403125 0.6900000000000001 0.5551953125 0.692 0.5357140625000001 0.678 0.50649375 0.6559999999999999 0.503246875 0.64 0.5259734375 0.64 0.5681812500000001 0.6599999999999999 0.6071421875 0.628 0.685065625 0.632 0.7142859374999999 0.618 0.73051875 0.5368421875 0.847575 0.634 0.7629875 0.728 0.9870125 0.74 0.983765625 0.738 0.9545453125
0 0.508 0.7175328125 0.504 0.678571875 0.492 0.685065625 0.492 0.7175328125 0.508 0.7175328125
0 0.45199999999999996 0.685065625 0.45 0.7012984375 0.462 0.7077921875000001 0.466 0.6818187499999999 0.458 0.6753250000000001 0.45199999999999996 0.685065625
0 0.394 0.6980515625 0.396 0.66883125 0.384 0.6558437500000001 0.376 0.6915578124999999 0.394 0.6980515625
0 0.35 0.74350625 0.35 0.7077921875000001 0.33599999999999997 0.7077921875000001 0.33399999999999996 0.7370125 0.35 0.74350625
3 0.344 0.7857140625000001 0.33599999999999997 0.8474031249999999 0.35 0.8506500000000001 0.366 0.8051953125000001 0.366 0.746753125 0.346 0.7045453125 0.33599999999999997 0.7110390625 0.33599999999999997 0.766234375 0.344 0.7857140625000001
3 0.39 0.6623375 0.382 0.6623375 0.37 0.7045453125 0.37 0.7987015625 0.386 0.8084421875000001 0.396 0.746753125 0.39 0.6623375
3 0.46799999999999997 0.8084421875000001 0.47400000000000003 0.75649375 0.46399999999999997 0.6818187499999999 0.45599999999999996 0.678571875 0.44800000000000006 0.6980515625 0.44400000000000006 0.8019484374999999 0.44800000000000006 0.8116890625 0.46799999999999997 0.8084421875000001
3 0.49400000000000005 0.7727265625 0.496 0.8051953125000001 0.506 0.8116890625 0.518 0.766234375 0.512 0.73051875 0.49400000000000005 0.6883109375 0.48200000000000004 0.6915578124999999 0.48 0.7629875 0.49400000000000005 0.7727265625