3 0.078 0.5424249999999999 0.062 0.5242421875 0.06 0.5030296875 0.05 0.5030296875 0.048 0.512121875 0.05 0.5151515625 0.044 0.5363640625 0.04 0.53939375 0.036 0.5515156250000001 0.034 0.5757578125 0.044 0.5939390625 0.048 0.609090625 0.054000000000000006 0.6727265625000001 0.05600000000000001 0.6757578125 0.072 0.6757578125 0.074 0.669696875 0.076 0.5939390625 0.08 0.5787875 0.078 0.5424249999999999
0 0.048 0.509090625 0.05 0.530303125 0.052000000000000005 0.5333328125000001 0.06 0.5333328125000001 0.064 0.530303125 0.062 0.5060609375 0.05600000000000001 0.5 0.052000000000000005 0.5 0.05 0.5030296875 0.048 0.509090625
0 0.086 0.56060625 0.092 0.557575 0.094 0.5545453124999999 0.092 0.5424249999999999 0.08399999999999999 0.5424249999999999 0.08199999999999999 0.5515156250000001 0.08399999999999999 0.557575 0.086 0.56060625
3 0.086 0.5424249999999999 0.08199999999999999 0.5484843749999999 0.08199999999999999 0.6242421874999999 0.08399999999999999 0.6272734375 0.09 0.6272734375 0.094 0.6212125000000001 0.098 0.5818187499999999 0.098 0.5666671875 0.094 0.5484843749999999 0.09 0.5424249999999999 0.086 0.5424249999999999
0 0.192 0.5333328125000001 0.196 0.5363640625 0.198 0.5333328125000001 0.20400000000000001 0.5333328125000001 0.20400000000000001 0.530303125 0.2 0.5242421875 0.194 0.5242421875 0.192 0.5272734375 0.192 0.5333328125000001
3 0.2 0.5272734375 0.2 0.5242421875 0.194 0.5242421875 0.192 0.5272734375 0.192 0.5636359375 0.194 0.5666671875 0.194 0.5787875 0.198 0.5848484375 0.20400000000000001 0.587878125 0.20600000000000002 0.5848484375 0.20600000000000002 0.53939375 0.20400000000000001 0.530303125 0.2 0.5272734375
0 0.268 0.5333328125000001 0.268 0.5545453124999999 0.266 0.557575 0.266 0.5727265625 0.268 0.5757578125 0.274 0.5757578125 0.27599999999999997 0.5727265625 0.27599999999999997 0.53939375 0.274 0.530303125 0.27 0.530303125 0.268 0.5333328125000001
3 0.268 0.5333328125000001 0.266 0.53939375 0.266 0.5727265625 0.27 0.5787875 0.274 0.5787875 0.27599999999999997 0.5757578125 0.27599999999999997 0.5484843749999999 0.27799999999999997 0.5424249999999999 0.274 0.530303125 0.27 0.530303125 0.268 0.5333328125000001
3 0.47000000000000003 0.6030296875000001 0.47400000000000003 0.5969703125 0.45999999999999996 0.5757578125 0.45599999999999996 0.5484843749999999 0.462 0.5363640625 0.48200000000000004 0.5333328125000001 0.49400000000000005 0.512121875 0.492 0.49697031249999996 0.48600000000000004 0.4848484375 0.48 0.48181874999999996 0.414 0.49697031249999996 0.396 0.509090625 0.382 0.5363640625 0.376 0.557575 0.376 0.5909093750000001 0.40199999999999997 0.6151515625 0.41200000000000003 0.6454546875 0.40800000000000003 0.6545453125 0.40599999999999997 0.690909375 0.434 0.6939390624999999 0.44400000000000006 0.6333328125000001 0.45899999999999996 0.6030296875000001 0.47000000000000003 0.6030296875000001
0 0.48200000000000004 0.48181874999999996 0.472 0.48181874999999996 0.47000000000000003 0.4848484375 0.46399999999999997 0.4848484375 0.45999999999999996 0.49090937500000004 0.45999999999999996 0.5 0.476 0.530303125 0.484 0.530303125 0.49000000000000005 0.5212125000000001 0.492 0.5212125000000001 0.49400000000000005 0.5151515625 0.49400000000000005 0.5 0.49000000000000005 0.48787812500000005 0.48200000000000004 0.48181874999999996
3 0.614 0.6636359374999999 0.628 0.6060609375 0.646 0.61818125 0.6679999999999999 0.6727265625000001 0.696 0.6757578125 0.702 0.6606062500000001 0.654 0.47575781250000004 0.642 0.3333328125 0.618 0.2848484375 0.5660000000000001 0.2969703125 0.544 0.29090937499999997 0.532 0.3030296875 0.53 0.3545453125 0.54 0.3636359375 0.548 0.390909375 0.542 0.43636406250000004 0.5660000000000001 0.48787812500000005 0.572 0.5545453124999999 0.564 0.73939375 0.596 0.7333328125 0.606 0.6727265625000001 0.614 0.6636359374999999
0 0.572 0.342425 0.576 0.3363640625 0.5780000000000001 0.3363640625 0.58 0.31818124999999997 0.5660000000000001 0.2939390625 0.55 0.287878125 0.548 0.29090937499999997 0.542 0.29090937499999997 0.534 0.3 0.532 0.3 0.526 0.312121875 0.526 0.32727343750000004 0.53 0.35757500000000003 0.532 0.36060625 0.542 0.3666671875 0.546 0.3666671875 0.562 0.35757500000000003 0.5700000000000001 0.3454546875 0.572 0.3454546875 0.572 0.342425
3 0.8480000000000001 0.6060609375 0.868 0.7 0.882 0.7 0.8880000000000001 0.6242421874999999 0.8720000000000001 0.53939375 0.8539999999999999 0.49697031249999996 0.8480000000000001 0.43636406250000004 0.8560000000000001 0.4151515625 0.8560000000000001 0.3939390625 0.8460000000000001 0.351515625 0.852 0.31818124999999997 0.852 0.2939390625 0.8460000000000001 0.28181875 0.828 0.27575781250000003 0.8160000000000001 0.2848484375 0.8099999999999999 0.36060625 0.792 0.38181875 0.786 0.42727343749999996 0.798 0.4848484375 0.8 0.5545453124999999 0.798 0.5969703125 0.782 0.648484375 0.778 0.6848484375 0.79 0.690909375 0.798 0.669696875 0.8099999999999999 0.6636359374999999 0.828 0.6060609375 0.8480000000000001 0.6060609375
0 0.826 0.27575781250000003 0.818 0.28181875 0.8119999999999999 0.2969703125 0.8099999999999999 0.31818124999999997 0.8140000000000001 0.3242421875 0.85 0.3242421875 0.8539999999999999 0.31818124999999997 0.8539999999999999 0.2969703125 0.852 0.287878125 0.8460000000000001 0.28181875 0.8460000000000001 0.2787875 0.8400000000000001 0.27575781250000003 0.826 0.27575781250000003