0 0.828 0.5474859375000001 0.826 0.572625 0.844 0.5949718749999999 0.852 0.5502796875 0.8460000000000001 0.5335203125 0.828 0.5474859375000001
0 0.18 0.4888265625 0.16 0.47765312499999996 0.15 0.4916203125 0.15 0.5335203125 0.178 0.53910625 0.186 0.5195531250000001 0.18 0.4888265625
0 0.172 0.46927343749999995 0.186 0.516759375 0.198 0.50279375 0.198 0.4748609375 0.192 0.4664796875 0.172 0.46927343749999995
3 0.16799999999999998 0.4636875 0.16599999999999998 0.43296093750000003 0.146 0.3407828125 0.124 0.31005625000000003 0.10600000000000001 0.2569828125 0.088 0.254190625 0.08 0.2653625 0.08 0.3184359375 0.062 0.343575 0.05600000000000001 0.405028125 0.05600000000000001 0.4916203125 0.068 0.4888265625 0.09 0.53910625 0.098 0.6256984375 0.092 0.6675984374999999 0.126 0.656425 0.16399999999999998 0.6731843750000001 0.146 0.49441406250000003 0.158 0.4664796875 0.16799999999999998 0.4636875
3 0.9279999999999999 0.3743015625 0.924 0.329609375 0.9 0.324021875 0.892 0.33240156249999997 0.884 0.3910609375 0.868 0.41620156250000007 0.8460000000000001 0.516759375 0.8539999999999999 0.5670390624999999 0.8300000000000001 0.7178765625 0.8800000000000001 0.712290625 0.892 0.72905 0.906 0.712290625 0.922 0.6033515625 0.944 0.555865625 0.9560000000000001 0.49441406250000003 0.954 0.42178750000000004 0.9279999999999999 0.3743015625
3 0.8859999999999999 0.3407828125 0.8720000000000001 0.3184359375 0.866 0.2821234375 0.8460000000000001 0.290503125 0.844 0.3156421875 0.818 0.35195468750000003 0.8119999999999999 0.41620156250000007 0.8099999999999999 0.4720671875 0.828 0.631284375 0.8400000000000001 0.6452515625 0.8460000000000001 0.6033515625 0.8240000000000001 0.58100625 0.8240000000000001 0.555865625 0.844 0.5279328125 0.8720000000000001 0.399440625 0.8880000000000001 0.38268125 0.8859999999999999 0.3407828125
3 0.644 0.6871515625 0.6639999999999999 0.6620109375000001 0.674 0.6675984374999999 0.688 0.65363125 0.6839999999999999 0.4636875 0.67 0.41620156250000007 0.628 0.365921875 0.634 0.33240156249999997 0.618 0.2988828125 0.584 0.2988828125 0.572 0.3491625 0.576 0.385475 0.548 0.40782187499999994 0.518 0.53910625 0.516 0.6201125000000001 0.544 0.6508375 0.5559999999999999 0.7430171875 0.562 0.8854749999999999 0.55 0.9497203125 0.562 0.9553078125000001 0.592 0.9329609375000001 0.606 0.8854749999999999 0.618 0.8743015625 0.644 0.6871515625
3 0.76 0.6899437500000001 0.74 0.61731875 0.752 0.41620156250000007 0.744 0.33240156249999997 0.736 0.3156421875 0.716 0.3128484375 0.708 0.326815625 0.692 0.446928125 0.6940000000000001 0.6061453125 0.704 0.6899437500000001 0.6839999999999999 0.7178765625 0.718 0.7206703125 0.724 0.712290625 0.738 0.7234640625 0.738 0.7346375 0.75 0.7346375 0.76 0.715084375 0.76 0.6899437500000001
0 0.08399999999999999 0.522346875 0.08399999999999999 0.49441406250000003 0.074 0.483240625 0.06 0.4916203125 0.066 0.516759375 0.06 0.5307265625 0.08399999999999999 0.522346875
0 0.034 0.5 0.026000000000000002 0.5139671875 0.038 0.5307265625 0.064 0.5307265625 0.062 0.48603281249999997 0.034 0.5
3 0.378 0.7234640625 0.40599999999999997 0.7346375 0.438 0.8743015625 0.45199999999999996 0.8938546875 0.462 0.8882687499999999 0.454 0.8351953125 0.45999999999999996 0.784915625 0.45 0.6731843750000001 0.45999999999999996 0.636871875 0.472 0.634078125 0.48 0.614525 0.47800000000000004 0.4888265625 0.45 0.36033593750000004 0.40800000000000003 0.3491625 0.404 0.26257031249999996 0.388 0.2402234375 0.352 0.254190625 0.346 0.2821234375 0.358 0.3491625 0.32799999999999996 0.368715625 0.312 0.3966484375 0.298 0.5279328125 0.298 0.6284921875 0.33399999999999996 0.7011171875 0.348 0.8798875 0.346 0.9301671875 0.33599999999999997 0.96089375 0.348 0.9692734375000001 0.386 0.9189937499999999 0.376 0.8463687500000001 0.378 0.7234640625
3 0.55 0.7402234375 0.544 0.6815640625 0.54 0.656425 0.512 0.6201125000000001 0.512 0.5893859375 0.532 0.45810000000000006 0.546 0.40782187499999994 0.568 0.385475 0.568 0.365921875 0.5559999999999999 0.343575 0.526 0.32122968749999997 0.526 0.290503125 0.49400000000000005 0.2793296875 0.48 0.3016765625 0.48600000000000004 0.3379890625 0.476 0.36033593750000004 0.472 0.40782187499999994 0.484 0.614525 0.466 0.6424578125 0.45999999999999996 0.7625703125000001 0.466 0.7765359375 0.49000000000000005 0.7765359375 0.49400000000000005 0.754190625 0.522 0.7597765625 0.522 0.7765359375 0.534 0.7793296875 0.55 0.7402234375
3 0.5900000000000001 0.26257031249999996 0.572 0.2569828125 0.5599999999999999 0.27094999999999997 0.544 0.329609375 0.564 0.3491625 0.5900000000000001 0.287709375 0.5900000000000001 0.26257031249999996
3 0.44000000000000006 0.27094999999999997 0.43 0.25977656250000003 0.41200000000000003 0.27094999999999997 0.41600000000000004 0.343575 0.43200000000000005 0.35474843749999996 0.45199999999999996 0.3491625 0.44000000000000006 0.27094999999999997
3 0.27 0.4636875 0.268 0.516759375 0.294 0.5363125 0.312 0.385475 0.354 0.343575 0.32999999999999996 0.25977656250000003 0.316 0.2569828125 0.304 0.26815625 0.29500000000000004 0.32541875 0.27799999999999997 0.35195468750000003 0.27 0.4636875
2 0.10400000000000001 0.254190625 0.09 0.251396875 0.08 0.26257031249999996 0.08 0.284915625 0.09 0.26815625 0.11200000000000002 0.27374375 0.10400000000000001 0.254190625
2 0.356 0.3184359375 0.37 0.3016765625 0.38 0.26257031249999996 0.394 0.25977656250000003 0.40800000000000003 0.27374375 0.384 0.23742968750000001 0.348 0.25977656250000003 0.346 0.287709375 0.356 0.3184359375
2 0.74 0.3184359375 0.716 0.3128484375 0.708 0.326815625 0.706 0.36312812499999997 0.716 0.385475 0.744 0.385475 0.74 0.3184359375
2 0.89 0.329609375 0.89 0.3575421875 0.9279999999999999 0.36033593750000004 0.924 0.326815625 0.906 0.32122968749999997 0.89 0.329609375
2 0.876 0.2960890625 0.866 0.2793296875 0.8460000000000001 0.284915625 0.844 0.3072625 0.876 0.2960890625
2 0.63 0.35195468750000003 0.634 0.329609375 0.622 0.3016765625 0.606 0.290503125 0.5820000000000001 0.2932953125 0.58 0.3128484375 0.604 0.34636875 0.63 0.35195468750000003
2 0.5900000000000001 0.27374375 0.584 0.2569828125 0.5599999999999999 0.26815625 0.562 0.2932953125 0.5700000000000001 0.284915625 0.58 0.290503125 0.5900000000000001 0.27374375
2 0.524 0.326815625 0.532 0.3016765625 0.524 0.287709375 0.49800000000000005 0.2765359375 0.48200000000000004 0.2932953125 0.48200000000000004 0.3128484375 0.504 0.3128484375 0.524 0.326815625
2 0.44000000000000006 0.290503125 0.43600000000000005 0.26257031249999996 0.41200000000000003 0.26815625 0.414 0.2988828125 0.44000000000000006 0.290503125
2 0.33799999999999997 0.2960890625 0.33799999999999997 0.27094999999999997 0.32799999999999996 0.2569828125 0.314 0.2569828125 0.302 0.27094999999999997 0.304 0.2988828125 0.312 0.27374375 0.33799999999999997 0.2960890625