0 0.5828125 0.6421875 0.60546875 0.6421875 0.60546875 0.615625 0.5828125 0.615625 0.5828125 0.6421875
0 0.621875 0.61640625 0.6390625 0.61640625 0.6390625 0.6 0.621875 0.6 0.621875 0.61640625
0 0.640625 0.59921875 0.65625 0.59921875 0.65625 0.5796875 0.640625 0.5796875 0.640625 0.59921875
0 0.6640625 0.55859375 0.67890625 0.55859375 0.67890625 0.54375 0.6640625 0.54375 0.6640625 0.55859375
3 0.686 0.5173328125000001 0.6799999999999999 0.5813328125 0.6980000000000001 0.608 0.702 0.5386671875 0.696 0.5173328125000001 0.686 0.5173328125000001
0 0.6875 0.52265625 0.6984375 0.52265625 0.6984375 0.509375 0.6875 0.509375 0.6875 0.52265625
3 0.134 0.6719999999999999 0.15 0.7146671875 0.148 0.6 0.118 0.5573328125 0.068 0.5413328125 0.064 0.568 0.086 0.6186671875 0.134 0.6719999999999999
0 0.08399999999999999 0.5786671875 0.086 0.544 0.064 0.5466671875 0.068 0.5786671875 0.08399999999999999 0.5786671875
3 0.21200000000000002 0.8106671875 0.236 0.9226671874999999 0.246 0.9199999999999999 0.266 0.9466671874999999 0.274 0.9199999999999999 0.26 0.8933328125 0.254 0.7573328125 0.236 0.7066671875 0.22000000000000003 0.7146671875 0.21200000000000002 0.8106671875
0 0.24 0.736 0.236 0.7066671875 0.22000000000000003 0.712 0.22599999999999998 0.736 0.24 0.736
3 0.36 0.712 0.35 0.7893328125 0.35 0.9146671874999999 0.384 0.9013328125 0.396 0.9066671875000001 0.4 0.8826671875000001 0.388 0.8506671875 0.388 0.8186671875 0.4 0.7466671875 0.396 0.7226671875 0.38 0.7013328125 0.36 0.712
0 0.366 0.704 0.362 0.72 0.372 0.736 0.394 0.728 0.382 0.7013328125 0.366 0.704
3 0.524 0.472 0.532 0.4906671875 0.524 0.528 0.536 0.568 0.536 0.6 0.544 0.6053328125 0.562 0.5253328125000001 0.54 0.4586671875 0.528 0.45599999999999996 0.524 0.472
0 0.542 0.472 0.538 0.45333281249999996 0.524 0.4586671875 0.526 0.48 0.542 0.472
3 0.5860000000000001 0.616 0.584 0.7653328125 0.6 0.7733328125 0.608 0.648 0.6 0.6186671875 0.5860000000000001 0.616
3 0.618 0.7306671875 0.626 0.744 0.64 0.7306671875 0.644 0.6559999999999999 0.638 0.6053328125 0.634 0.5973328125 0.622 0.6026671875 0.614 0.6693328125 0.618 0.7306671875
3 0.6559999999999999 0.608 0.6519999999999999 0.5813328125 0.64 0.5786671875 0.646 0.648 0.64 0.7093328125 0.6519999999999999 0.7146671875 0.6559999999999999 0.608
3 0.6559999999999999 0.568 0.6559999999999999 0.6586671875000001 0.662 0.6639999999999999 0.674 0.544 0.666 0.544 0.6559999999999999 0.568