3 0.11599999999999999 0.44744687499999997 0.12 0.4234234375 0.11399999999999999 0.4144140625 0.10400000000000001 0.4144140625 0.08199999999999999 0.375375 0.076 0.32432500000000003 0.06999999999999999 0.31831875 0.05600000000000001 0.32432500000000003 0.048 0.3393390625 0.04 0.36936874999999997 0.03 0.3873875 0.028000000000000004 0.4114109375 0.032 0.4294296875 0.032 0.45045 0.034 0.45945937499999995 0.044 0.474475 0.05600000000000001 0.48348281249999997 0.1 0.4894890625 0.11000000000000001 0.4864859375 0.10800000000000001 0.46546562500000005 0.11599999999999999 0.44744687499999997
0 0.074 0.32432500000000003 0.05600000000000001 0.32432500000000003 0.05 0.3333328125 0.048 0.3393390625 0.048 0.3543546875 0.05 0.3573578125 0.054000000000000006 0.3603609375 0.062 0.3573578125 0.074 0.3573578125 0.076 0.3603609375 0.08 0.3603609375 0.08 0.3423421875 0.074 0.32432500000000003
3 0.9359999999999999 0.378378125 0.9400000000000001 0.3543546875 0.9380000000000001 0.3453453125 0.93 0.3363359375 0.914 0.3393390625 0.908 0.3513515625 0.9 0.384384375 0.8859999999999999 0.40840781249999997 0.876 0.4144140625 0.8699999999999999 0.4324328125 0.8699999999999999 0.4414421875 0.882 0.46546562500000005 0.8880000000000001 0.5045046875 0.9259999999999999 0.5075078125 0.9380000000000001 0.474475 0.9460000000000001 0.46546562500000005 0.9480000000000001 0.45045 0.9480000000000001 0.4054046875 0.9359999999999999 0.378378125
0 0.9359999999999999 0.3393390625 0.932 0.3363359375 0.922 0.3333328125 0.914 0.3393390625 0.9099999999999999 0.3453453125 0.906 0.3573578125 0.906 0.3633640625 0.908 0.366365625 0.9199999999999999 0.366365625 0.9279999999999999 0.372371875 0.9359999999999999 0.372371875 0.9400000000000001 0.3633640625 0.9400000000000001 0.3483484375 0.9359999999999999 0.3423421875 0.9359999999999999 0.3393390625
3 0.638 0.8138140625 0.636 0.8228234375 0.638 0.8438437499999999 0.628 0.864865625 0.626 0.8798796875000001 0.626 0.996996875 0.662 0.996996875 0.6639999999999999 0.939940625 0.67 0.924925 0.674 0.8798796875000001 0.674 0.8438437499999999 0.6599999999999999 0.8048046875000001 0.65 0.7987984375 0.638 0.8138140625
0 0.646 0.8018015625 0.636 0.8168171875000001 0.642 0.834834375 0.648 0.840840625 0.648 0.8438437499999999 0.666 0.8438437499999999 0.6679999999999999 0.840840625 0.6679999999999999 0.8228234375 0.6639999999999999 0.8108109375 0.6559999999999999 0.8018015625 0.646 0.8018015625
3 0.524 0.4204203125 0.524 0.4114109375 0.516 0.3873875 0.514 0.384384375 0.51 0.384384375 0.506 0.390390625 0.504 0.390390625 0.5 0.40240312500000003 0.502 0.47747812500000003 0.504 0.48348281249999997 0.512 0.4894890625 0.518 0.4894890625 0.522 0.48348281249999997 0.522 0.47147187500000004 0.524 0.46846875 0.526 0.4234234375 0.524 0.4204203125
0 0.518 0.3873875 0.514 0.38138125 0.51 0.38138125 0.504 0.390390625 0.504 0.39940000000000003 0.518 0.39940000000000003 0.518 0.3873875
0 0.516 0.6696703125 0.526 0.68168125 0.532 0.68168125 0.534 0.678678125 0.534 0.6576578125 0.532 0.6546546875 0.52 0.6546546875 0.516 0.6606609375 0.516 0.6696703125
3 0.536 0.7267265625 0.534 0.6576578125 0.532 0.6546546875 0.522 0.6546546875 0.49800000000000005 0.6726734375000001 0.492 0.68168125 0.47800000000000004 0.7207203125 0.47000000000000003 0.759759375 0.47400000000000003 0.777778125 0.48 0.774775 0.484 0.76876875 0.5 0.777778125 0.51 0.777778125 0.536 0.7627625 0.538 0.759759375 0.538 0.7297296875 0.536 0.7267265625
3 0.5599999999999999 0.8078078124999999 0.546 0.7957953125 0.524 0.7927921875 0.522 0.7987984375 0.514 0.8048046875000001 0.512 0.921921875 0.528 0.9609609375 0.5519999999999999 0.9579578124999999 0.5559999999999999 0.9489484375 0.5740000000000001 0.933934375 0.5780000000000001 0.858859375 0.58 0.8558562500000001 0.5780000000000001 0.8438437499999999 0.568 0.8198203124999999 0.5599999999999999 0.8078078124999999
0 0.504 0.7987984375 0.508 0.8048046875000001 0.516 0.8078078124999999 0.524 0.7927921875 0.522 0.783784375 0.518 0.777778125 0.508 0.777778125 0.504 0.783784375 0.504 0.7987984375