3 0 0.9786250000000001 0.057648437500000003 0.996996875 0.10400000000000001 0.996996875 0.16599999999999998 0.996996875 0.162 0.9579578124999999 0.132 0.8828828124999999 0.057999999999999996 0.840840625 0.062 0.8198203124999999 0.094 0.783784375 0.1 0.69369375 0.092 0.6516515625 0.064 0.624625 0.006 0.624625 0 0.627628125 0 0.84985 0 0.9786250000000001
3 0.9 0.7207203125 0.8960000000000001 0.6696703125 0.8800000000000001 0.63063125 0.8560000000000001 0.60660625 0.826 0.60660625 0.798 0.63063125 0.786 0.6726734375000001 0.78 0.753753125 0.794 0.8138140625 0.7711125 0.8510015624999999 0.7227859375000001 0.8643375000000001 0.659459375 0.9318500000000001 0.6236312500000001 0.9568546874999999 0.6177984375000001 0.984359375 0.6219640625 0.9984375 0.87529375 0.996996875 0.9279999999999999 0.8438437499999999 0.9 0.828828125 0.884 0.8048046875000001 0.8859999999999999 0.75675625 0.9 0.7387390625 0.9 0.7207203125
3 0.34199999999999997 0.5105109375 0.33199999999999996 0.5165171875000001 0.32799999999999996 0.54955 0.348 0.5585578124999999 0.374 0.5945953125 0.426 0.5915921875000001 0.41448906250000006 0.5384453125 0.39 0.5075078125 0.38 0.4414421875 0.36 0.4384390625 0.354 0.44744687499999997 0.34199999999999997 0.5105109375
3 0.8400000000000001 0.45345312499999996 0.834 0.4924921875 0.79529375 0.537009375 0.7929421875 0.6041328125 0.8400000000000001 0.5855859375 0.9 0.5825828125 0.9119999999999999 0.5615609375 0.874 0.4729734375 0.8720000000000001 0.44444375 0.8480000000000001 0.4384390625 0.8400000000000001 0.45345312499999996
2 0.8400000000000001 0.45345312499999996 0.8752671875000001 0.46759843749999996 0.8699999999999999 0.4414421875 0.85 0.4354359375 0.8400000000000001 0.45345312499999996
2 0 0.8108109375 0.023703125 0.80849375 0.0428671875 0.758484375 0.05453281250000001 0.746815625 0.0703640625 0.753484375 0.076196875 0.7351468750000001 0.09702812499999999 0.71514375 0.094 0.6516515625 0.066 0.624625 0.006 0.624625 0 0.627628125 0 0.8108109375
2 0.27599999999999997 0.5825828125 0.264 0.621621875 0.262 0.6606609375 0.274 0.7177171875 0.296 0.75675625 0.38 0.7447453125 0.388 0.708709375 0.38 0.627628125 0.37 0.5915921875000001 0.35 0.5645640625 0.292 0.5645640625 0.27599999999999997 0.5825828125
2 0.8560000000000001 0.603603125 0.8220000000000001 0.60660625 0.798 0.633634375 0.786 0.678678125 0.78694375 0.7168109375 0.796109375 0.7134765625 0.8144406249999999 0.7559843749999999 0.8236062499999999 0.7784875 0.8261062499999999 0.8201625 0.8744343750000001 0.8251640625000001 0.884 0.7927921875 0.89 0.75075 0.9 0.7387390625 0.898 0.675675 0.876 0.624625 0.8560000000000001 0.603603125
3 0.264 0.615615625 0.264 0.675675 0.2011765625 0.937996875 0.22235156250000002 0.996996875 0.4010359375 0.8476531250000001 0.47176406249999997 0.8655703125 0.4 0.7387390625 0.398 0.70570625 0.366 0.5855859375 0.33999999999999997 0.5585578124999999 0.292 0.5645640625 0.264 0.615615625
3 0.6679999999999999 0.44744687499999997 0.666 0.4894890625 0.64 0.522521875 0.628 0.5585578124999999 0.628 0.5885890625 0.6679999999999999 0.552553125 0.7 0.546546875 0.712 0.5645640625 0.74 0.5675671875 0.726 0.5165171875000001 0.7 0.4954953125 0.702 0.44744687499999997 0.686 0.4354359375 0.6679999999999999 0.44744687499999997
2 0.7011765624999999 0.45045 0.68588125 0.43631875000000003 0.67529375 0.43985312499999996 0.666959375 0.445928125 0.6886234375 0.4475953125 0.7052875000000001 0.45676249999999996 0.7011765624999999 0.45045
3 0.528125 0.4625 0.5203125 0.4484375 0.5015625 0.4453125 0.49375 0.4515625 0.490625 0.5046875 0.4734375 0.5265625 0.459375 0.5609375 0.4578125 0.59375 0.5703125 0.59375 0.571875 0.56875 0.5640625 0.54375 0.528125 0.487109375 0.528125 0.4625
2 0.49375 0.45 0.49375 0.475 0.5046875 0.4640625 0.528125 0.46875 0.5265625 0.4546875 0.515625 0.4453125 0.49375 0.45
2 0.2375 0.4875 0.2296875 0.4703125 0.2109375 0.46875 0.2 0.4796875 0.2 0.509375 0.2046875 0.5109375 0.21284687500000002 0.48676875 0.231178125 0.48426875 0.2359375 0.509375 0.2375 0.4875
3 0.2578125 0.546875 0.2359375 0.51875 0.23867656249999997 0.48926875000000003 0.23034531249999998 0.4734328125 0.2161796875 0.46759843749999996 0.20118125 0.47759999999999997 0.197015625 0.5042718749999999 0.20625 0.5265625 0.1859375 0.553125 0.18125 0.5765625 0.2 0.5875 0.2046875 0.5984375 0.259375 0.5953125 0.26875 0.5828125 0.2578125 0.546875
2 0.35 0.4625 0.359375 0.45625 0.384375 0.4703125 0.3796875 0.440625 0.35625 0.440625 0.35 0.4625