3 0.3053359375 0.6959734375 0.346996875 0.7318125 0.33366562499999997 0.7901578125000001 0.354496875 0.8426671875 0.375328125 0.8251640625000001 0.4220625 0.5742468749999999 0.4004796875 0.5103500000000001 0.3741 0.5007640624999999 0.3261390625 0.5518828124999999 0.27338125 0.5359078125 0.1270984375 0.5742468749999999 0.0599515625 0.67009375 0.035971875 0.75635625 0.043165625 0.82664375 0.035971875 0.8777609375000001 0.0959234375 0.9959718750000001 0.3333328125 0.9959718750000001 0.3320125 0.951021875 0.28951875 0.8818421875 0.23619062500000002 0.8318328125000001 0.26243125 0.7776578125 0.3053359375 0.6959734375
2 0.4196640625 0.6006390625 0.42446093749999997 0.5942484375 0.42446093749999997 0.5750796874999999 0.41726562500000003 0.5495203125 0.402878125 0.5207671875 0.402878125 0.5111828125 0.39808125 0.5047921875 0.386090625 0.5015968749999999 0.38369375 0.498403125 0.36690625 0.498403125 0.3597125 0.5047921875 0.3381296875 0.5495203125 0.34052812499999996 0.5623 0.35251875 0.5623 0.3645078125 0.568690625 0.3741 0.5814703125 0.3741 0.5878593750000001 0.378896875 0.5942484375 0.4076734375 0.607028125 0.4124703125 0.607028125 0.4196640625 0.6006390625
3 0.21103125 0.217253125 0.1966421875 0.19808281249999998 0.191846875 0.1789140625 0.1846515625 0.166134375 0.1846515625 0.1629390625 0.17985625 0.15974375000000002 0.167865625 0.15974375000000002 0.160671875 0.166134375 0.160671875 0.1693296875 0.155875 0.17571874999999998 0.155875 0.182109375 0.1582734375 0.18530312499999999 0.16307031249999998 0.2428109375 0.1654671875 0.2492015625 0.1995296875 0.47260156249999996 0.24535625 0.4959390625 0.223021875 0.255590625 0.21103125 0.217253125
2 0.1846515625 0.15974375000000002 0.167865625 0.15655 0.155875 0.1629390625 0.1534765625 0.1693296875 0.1534765625 0.1789140625 0.155875 0.182109375 0.16307031249999998 0.182109375 0.1654671875 0.18530312499999999 0.17985625 0.18530312499999999 0.18705 0.19169375 0.1966421875 0.19169375 0.1942453125 0.17571874999999998 0.1846515625 0.15974375000000002
3 0.3645078125 0.2843453125 0.3645078125 0.25239687499999997 0.3381296875 0.20766718750000002 0.3333328125 0.15655 0.316546875 0.14696562500000002 0.3069546875 0.15655 0.30455625 0.19808281249999998 0.280575 0.21405781250000003 0.27338125 0.22683749999999997 0.292565625 0.25239687499999997 0.27338125 0.3833859375 0.2709828125 0.48242812500000004 0.2901671875 0.4952078125 0.3213421875 0.4952078125 0.34052812499999996 0.48242812500000004 0.34292500000000004 0.47284375 0.35251875 0.37060624999999997 0.3501203125 0.31948906250000003 0.3645078125 0.2843453125
2 0.309353125 0.150159375 0.30455625 0.15655 0.3021578125 0.1629390625 0.30455625 0.17571874999999998 0.309353125 0.17252343750000002 0.3381296875 0.17571874999999998 0.3381296875 0.1629390625 0.33573125 0.1533546875 0.32853750000000004 0.150159375 0.3189453125 0.150159375 0.316546875 0.14696562500000002 0.309353125 0.150159375
3 0.4532375 0.41852968749999997 0.45083906249999994 0.3993609375 0.45803281250000005 0.29392968750000004 0.45803281250000005 0.19808281249999998 0.4532375 0.1884984375 0.44604375 0.18530312499999999 0.4364515625 0.1948875 0.434053125 0.20766718750000002 0.4316546875 0.24600624999999998 0.42446093749999997 0.271565625 0.42446093749999997 0.306709375 0.42925625 0.3482421875 0.4388484375 0.38658125 0.4388484375 0.40255625000000006 0.434053125 0.4057515625 0.42925625 0.4249203125 0.44604375 0.42811562500000006 0.4532375 0.41852968749999997
2 0.434053125 0.2044734375 0.4388484375 0.20766718750000002 0.4532375 0.20766718750000002 0.46043124999999996 0.20127812500000003 0.46043124999999996 0.19169375 0.4532375 0.182109375 0.4388484375 0.182109375 0.4316546875 0.19169375 0.434053125 0.2044734375
3 0.6043171875 0.325878125 0.6067140625 0.2492015625 0.6043171875 0.22683749999999997 0.5923265625 0.1948875 0.5995203124999999 0.1533546875 0.5899281249999999 0.13737968750000001 0.5755390625000001 0.13737968750000001 0.5659468750000001 0.14696562500000002 0.5659468750000001 0.166134375 0.5611515625 0.17252343750000002 0.5635484374999999 0.1948875 0.5371703125 0.26198125 0.5371703125 0.43450468750000004 0.5443640624999999 0.4536734375 0.5899281249999999 0.46645312499999997 0.5947250000000001 0.463259375 0.597121875 0.33865781250000004 0.6043171875 0.325878125
2 0.597121875 0.1437703125 0.5947250000000001 0.1437703125 0.5899281249999999 0.13737968750000001 0.57074375 0.13737968750000001 0.5635484374999999 0.14696562500000002 0.5635484374999999 0.1629390625 0.5659468750000001 0.166134375 0.5731421875 0.1693296875 0.58513125 0.1693296875 0.5875296875 0.17252343750000002 0.5923265625 0.17252343750000002 0.5995203124999999 0.166134375 0.5995203124999999 0.150159375 0.597121875 0.1437703125
3 0.676259375 0.3482421875 0.6858515625 0.325878125 0.707434375 0.306709375 0.7050359375 0.2587859375 0.7098328125 0.23003125 0.7050359375 0.22044687500000001 0.68825 0.21405781250000003 0.676259375 0.1948875 0.6786578125 0.17571874999999998 0.6666671875 0.15655 0.64748125 0.1629390625 0.6450843749999999 0.19808281249999998 0.6235015625 0.23003125 0.621103125 0.28115 0.628296875 0.37060624999999997 0.64748125 0.5079875 0.6426859375 0.5495203125 0.6570750000000001 0.552715625 0.6786578125 0.5399359375 0.6858515625 0.5207671875 0.690646875 0.392971875 0.676259375 0.376996875 0.676259375 0.3482421875
2 0.6426859375 0.15974375000000002 0.6402875 0.17252343750000002 0.6546765625 0.17252343750000002 0.6570750000000001 0.17571874999999998 0.659471875 0.17252343750000002 0.676259375 0.17252343750000002 0.6786578125 0.1693296875 0.6786578125 0.1629390625 0.6738609375 0.1533546875 0.6546765625 0.1533546875 0.6426859375 0.15974375000000002
2 0.8033578125 0.1533546875 0.7961625 0.140575 0.7961625 0.13737968750000001 0.781775 0.13737968750000001 0.7649874999999999 0.14696562500000002 0.7601921875000001 0.1533546875 0.7601921875000001 0.17252343750000002 0.7649874999999999 0.17571874999999998 0.7721828125 0.17252343750000002 0.7745796875 0.17571874999999998 0.78896875 0.17571874999999998 0.7913671875 0.17252343750000002 0.800959375 0.17252343750000002 0.8033578125 0.166134375 0.8033578125 0.1533546875
3 0.793765625 0.2428109375 0.7985609375 0.23003125 0.7865703125 0.14696562500000002 0.7601921875000001 0.15974375000000002 0.719425 0.297125 0.7290171875 0.357828125 0.7170265625 0.421725 0.7170265625 0.5910546875 0.7673859375000001 0.6357828125 0.7745796875 0.536740625 0.78896875 0.47603906250000005 0.7985609375 0.3801921875 0.7961625 0.3099046875 0.8057546875 0.2683703125 0.793765625 0.2428109375
3 0.9976015625000001 0.5591046875 0.9976015625000001 0.34504843749999997 0.9928062499999999 0.3099046875 0.97601875 0.287540625 0.9712234375 0.21405781250000003 0.9544359375000001 0.19169375 0.9088734374999999 0.19808281249999998 0.894484375 0.2236421875 0.9016781249999999 0.3130984375 0.8489203125 0.552715625 0.8465234374999999 0.8019171875 0.8729015625000001 0.8562296875 0.8561156249999999 0.8817890625 0.894484375 0.8913734375000001 0.918465625 0.8594250000000001 0.949640625 0.6357828125 0.9784171875000001 0.6006390625 0.980815625 0.5623 0.9880093750000001 0.552715625 0.9976015625000001 0.5591046875
2 0.9472421875 0.25239687499999997 0.9616312499999999 0.24600624999999998 0.9664265625 0.23322656249999998 0.9664265625 0.22044687500000001 0.968825 0.217253125 0.9664265625 0.21405781250000003 0.9664265625 0.19808281249999998 0.9592328125 0.1884984375 0.9520390624999999 0.1884984375 0.949640625 0.18530312499999999 0.91366875 0.18530312499999999 0.9112703124999999 0.1884984375 0.894484375 0.1884984375 0.8896875 0.19169375 0.887290625 0.19808281249999998 0.8896875 0.20127812500000003 0.8896875 0.2108625 0.8920859374999999 0.21405781250000003 0.8920859374999999 0.23322656249999998 0.8968828125 0.24600624999999998 0.9040765625 0.24600624999999998 0.906475 0.2492015625 0.9232609374999999 0.25239687499999997 0.9472421875 0.25239687499999997
3 0.6378890625 0.87859375 0.64748125 0.7731625 0.6738609375 0.744409375 0.676259375 0.68370625 0.6306953125 0.552715625 0.597121875 0.5303515625 0.58513125 0.48242812500000004 0.57074375 0.46645312499999997 0.5443640624999999 0.4600640625 0.52278125 0.47284375 0.49640312499999995 0.5335468750000001 0.510790625 0.62939375 0.5011984375 0.68370625 0.46282968750000003 0.7571890625 0.50839375 0.7891375 0.5611515625 0.779553125 0.5947250000000001 0.8051125000000001 0.6115109375000001 0.8658140624999999 0.5875296875 0.9329078125000001 0.613909375 0.9329078125000001 0.6378890625 0.87859375
0 0.5923265625 0.5143765625000001 0.5875296875 0.5047921875 0.5875296875 0.49201249999999996 0.5779375 0.47284375 0.5611515625 0.4600640625 0.5419671875 0.4600640625 0.5251796875 0.46964843749999996 0.5131890625 0.4856234375 0.5059953125 0.5143765625000001 0.49640312499999995 0.5303515625 0.49640312499999995 0.5399359375 0.49400468750000004 0.54313125 0.5011984375 0.5623 0.510790625 0.571884375 0.5371703125 0.571884375 0.53956875 0.568690625 0.5491609375000001 0.568690625 0.58513125 0.5463265625 0.5923265625 0.536740625 0.5923265625 0.5143765625000001