2 0.136 0.3351203125 0.126 0.3699734375 0.124 0.4101875 0.132 0.4235921875 0.13999999999999999 0.40482500000000005 0.16999999999999998 0.41286875 0.194 0.375334375 0.21400000000000002 0.380696875 0.21600000000000003 0.35924999999999996 0.2 0.3351203125 0.16 0.321715625 0.136 0.3351203125
3 0.296 0.4772125 0.286 0.45308281250000004 0.252 0.4262734375 0.238 0.35924999999999996 0.21200000000000002 0.3404828125 0.21800000000000003 0.3538875 0.21600000000000003 0.42091093749999997 0.2 0.4557640625 0.21200000000000002 0.5120640625 0.202 0.6380703125 0.21600000000000003 0.71045625 0.22599999999999998 0.731903125 0.24 0.731903125 0.256 0.616621875 0.296 0.4772125
2 0.24 0.35656875 0.22599999999999998 0.3404828125 0.20800000000000002 0.33780156250000004 0.21800000000000003 0.41286875 0.244 0.4289546875 0.25 0.40482500000000005 0.24 0.35656875
3 0.40599999999999997 0.7265421875 0.45 0.48793593749999997 0.45 0.4504015625 0.43 0.4235921875 0.392 0.42091093749999997 0.38 0.4316359375 0.364 0.47989218749999996 0.308 0.5120640625 0.28117187499999996 0.5467796875000001 0.25700781250000004 0.59845625 0.24867656249999998 0.69430625 0.231178125 0.805159375 0.23034531249999998 0.9984375 0.4236546875 0.9984375 0.40800000000000003 0.9383374999999999 0.41600000000000004 0.9383374999999999 0.418 0.852546875 0.40599999999999997 0.7265421875
2 0.368 0.47453124999999996 0.398 0.4772125 0.42400000000000004 0.501340625 0.446 0.495978125 0.454 0.47453124999999996 0.44800000000000006 0.434315625 0.42400000000000004 0.41823125 0.388 0.42091093749999997 0.372 0.4557640625 0.368 0.47453124999999996
2 0.33599999999999997 0.380696875 0.33799999999999997 0.42091093749999997 0.346 0.4235921875 0.354 0.3994640625 0.368 0.3914203125 0.388 0.3914203125 0.39 0.40750624999999996 0.396 0.40750624999999996 0.394 0.3646109375 0.354 0.3619296875 0.33599999999999997 0.380696875
3 0.442 0.316353125 0.42800000000000005 0.37265468749999997 0.40599999999999997 0.3967828125 0.40599999999999997 0.4101875 0.438 0.4235921875 0.45599999999999996 0.4504015625 0.48 0.442359375 0.48 0.41823125 0.46399999999999997 0.40214531249999996 0.48600000000000004 0.35656875 0.47800000000000004 0.319034375 0.466 0.3109921875 0.442 0.316353125
2 0.473234375 0.37655625000000004 0.48573281250000006 0.3623875 0.48 0.321715625 0.466 0.3109921875 0.446 0.3136734375 0.43200000000000005 0.3431640625 0.4499046875 0.35822031249999997 0.4724015625 0.35822031249999997 0.473234375 0.37655625000000004
3 0.5900000000000001 0.5442359375 0.584 0.5040218750000001 0.576 0.46916874999999997 0.544 0.44772187499999994 0.538 0.4316359375 0.544 0.386059375 0.532 0.3619296875 0.504 0.35924999999999996 0.488 0.380696875 0.48364843750000003 0.43759218750000006 0.4561515625 0.4525953125 0.4369859375 0.5292765625 0.42698749999999996 0.6376296875 0.42698749999999996 0.67096875 0.51 0.683646875 0.55 0.6863265625 0.554 0.6327078125 0.548 0.5978546875 0.568 0.565684375 0.5860000000000001 0.58176875 0.5900000000000001 0.5442359375
2 0.5007312500000001 0.40156093750000005 0.5265625 0.385725 0.532 0.4316359375 0.54 0.4262734375 0.546 0.3914203125 0.536 0.3646109375 0.508 0.35656875 0.488 0.378015625 0.4899 0.389059375 0.4953125 0.37508125 0.5007312500000001 0.40156093750000005
3 0.5780000000000001 0.3914203125 0.558 0.4289546875 0.5559999999999999 0.442359375 0.584 0.48793593749999997 0.6 0.5522781250000001 0.63 0.445040625 0.612 0.3994640625 0.628 0.34852500000000003 0.626 0.3324390625 0.606 0.319034375 0.5860000000000001 0.327078125 0.5780000000000001 0.3914203125
2 0.63 0.34852500000000003 0.626 0.3324390625 0.61 0.319034375 0.596 0.319034375 0.5820000000000001 0.3351203125 0.6057187500000001 0.351553125 0.6248828125 0.3465515625 0.63 0.34852500000000003
3 0.6559999999999999 0.857909375 0.634 0.8874000000000001 0.634 0.9946375 0.778 0.99731875 0.768 0.9329765625 0.77 0.8793562500000001 0.79 0.7694375 0.786 0.7238609375 0.79 0.707775 0.82 0.6970515625 0.8619999999999999 0.6568359375 0.8720000000000001 0.6032171875000001 0.8240000000000001 0.498659375 0.742 0.41555 0.732 0.3914203125 0.732 0.3538875 0.708 0.3136734375 0.6639999999999999 0.316353125 0.638 0.34852500000000003 0.65 0.442359375 0.6719999999999999 0.4772125 0.658 0.5388734375 0.654 0.6085796875 0.628 0.65415625 0.636 0.683646875 0.646 0.683646875 0.654 0.707775 0.6559999999999999 0.798928125 0.6559999999999999 0.857909375
3 0.6086328125 0.390084375 0.625296875 0.410921875 0.632796875 0.45009531249999996 0.61 0.49329687499999997 0.606 0.5442359375 0.628 0.58713125 0.628 0.6058984374999999 0.614 0.624665625 0.622 0.6407499999999999 0.6519999999999999 0.6058984374999999 0.6559999999999999 0.53619375 0.67 0.47453124999999996 0.6311296875 0.35341093749999997 0.6086328125 0.390084375
2 0.64 0.34584375 0.63 0.34852500000000003 0.618 0.37265468749999997 0.614 0.3994640625 0.6273828124999999 0.40322812499999994 0.64 0.3941015625 0.64 0.34584375
3 0.3609375 0.478125 0.3734375 0.44375 0.39375 0.4125 0.3953125 0.36875 0.35625 0.3625 0.3359375 0.3828125 0.3390625 0.45 0.3 0.4890625 0.2890625 0.5046875 0.290625 0.5140625 0.3140625 0.509375 0.3609375 0.478125
3 0.153125 0.9984375 0.20625 0.9984375 0.209375 0.875 0.2140625 0.871875 0.2125 0.8359375 0.2234375 0.74375 0.1984375 0.6276046875 0.209375 0.575 0.2109375 0.4953125 0.196875 0.4640625 0.196875 0.4375 0.2109375 0.4125 0.2125 0.390625 0.209375 0.35 0.184375 0.3265625 0.15 0.3265625 0.134375 0.34375 0.121875 0.4296875 0.103125 0.453125 0.0703125 0.4671875 0.0453125 0.49375 0.0125 0.6140625 0.0125 0.64375 0.078125 0.9984375 0.1296875 0.9984375 0.1328125 0.9890625 0.153125 0.9901781250000001 0.153125 0.9984375
2 0.7328125 0.3890625 0.734375 0.3640625 0.7265625 0.3375 0.7015625 0.309375 0.6828125 0.309375 0.659375 0.31875 0.6359375 0.346875 0.640625 0.3671875 0.6546875 0.3625 0.6734375 0.3859375 0.7046875 0.378125 0.7203125 0.390625 0.7328125 0.3890625