3 0.148 0.2702703125 0.144 0.24324374999999998 0.13 0.20120156250000001 0.12 0.1831828125 0.11000000000000001 0.147146875 0.11200000000000002 0.12312343750000002 0.11599999999999999 0.1141140625 0.11200000000000002 0.09309375 0.10200000000000001 0.08108125000000001 0.09 0.078078125 0.08199999999999999 0.0870875 0.08 0.096096875 0.08399999999999999 0.135134375 0.076 0.15015 0.074 0.16816875 0.08199999999999999 0.2792796875 0.10400000000000001 0.2852859375 0.10800000000000001 0.303303125 0.118 0.30630625 0.13799999999999998 0.29429375 0.146 0.2792796875 0.148 0.2702703125
0 0.11200000000000002 0.09009062500000001 0.11000000000000001 0.0870875 0.10200000000000001 0.08108125000000001 0.086 0.08108125000000001 0.08 0.09009062500000001 0.078 0.10210156249999999 0.08 0.1111109375 0.08399999999999999 0.1171171875 0.092 0.1171171875 0.094 0.1141140625 0.10200000000000001 0.1141140625 0.10800000000000001 0.12012031249999999 0.11599999999999999 0.1171171875 0.11599999999999999 0.10810781249999998 0.11200000000000002 0.09009062500000001
3 0.22000000000000003 0.3483484375 0.22200000000000003 0.3453453125 0.23199999999999998 0.3483484375 0.256 0.3333328125 0.268 0.309309375 0.268 0.3003 0.254 0.2042046875 0.246 0.1981984375 0.248 0.1801796875 0.244 0.16216250000000001 0.236 0.153153125 0.22400000000000003 0.153153125 0.21400000000000002 0.16816875 0.21800000000000003 0.1771765625 0.21800000000000003 0.1951953125 0.20800000000000002 0.2072078125 0.202 0.225225 0.20400000000000001 0.24324374999999998 0.202 0.2732734375 0.20800000000000002 0.297296875 0.20800000000000002 0.315315625 0.21600000000000003 0.3393390625 0.22000000000000003 0.3483484375
0 0.22599999999999998 0.15015 0.21800000000000003 0.159159375 0.21600000000000003 0.159159375 0.21400000000000002 0.16816875 0.21800000000000003 0.1741734375 0.22200000000000003 0.1741734375 0.236 0.1891890625 0.246 0.1891890625 0.248 0.1831828125 0.248 0.16816875 0.24 0.153153125 0.23399999999999999 0.15015 0.22599999999999998 0.15015
3 0.33399999999999996 0.153153125 0.32799999999999996 0.14414375 0.314 0.147146875 0.304 0.1771765625 0.298 0.1801796875 0.292 0.1981984375 0.284 0.315315625 0.292 0.315315625 0.32 0.3003 0.35 0.2762765625 0.348 0.2672671875 0.33999999999999997 0.2642640625 0.352 0.23123125 0.352 0.225225 0.33399999999999996 0.16816875 0.33399999999999996 0.153153125
2 0.3168328125 0.1449765625 0.3128328125 0.1509828125 0.3368328125 0.1539859375 0.3308328125 0.1449765625 0.3168328125 0.1449765625
3 0.462 0.2702703125 0.466 0.2612609375 0.462 0.2522515625 0.466 0.1891890625 0.45599999999999996 0.14414375 0.45 0.1321328125 0.434 0.135134375 0.43 0.147146875 0.43 0.16816875 0.414 0.20120156250000001 0.41200000000000003 0.23123125 0.41600000000000004 0.2372375 0.418 0.2792796875 0.42800000000000005 0.3123125 0.42800000000000005 0.3303296875 0.45199999999999996 0.3543546875 0.45999999999999996 0.3573578125 0.466 0.3483484375 0.462 0.28828906249999997 0.462 0.2702703125
0 0.43600000000000005 0.1321328125 0.43 0.141140625 0.42800000000000005 0.147146875 0.42800000000000005 0.165165625 0.43200000000000005 0.171171875 0.442 0.165165625 0.45 0.165165625 0.454 0.16216250000000001 0.45599999999999996 0.15615625 0.45599999999999996 0.1381375 0.45 0.1291296875 0.43600000000000005 0.1321328125
3 0.264296875 0.9053875 0.310125 0.8928843750000001 0.36011875 0.8678796875 0.369284375 0.790365625 0.3642859375 0.7095171875 0.3709515625 0.6920140625 0.3775 0.6579890625 0.3675 0.6069375 0.3435 0.5709015625 0.3235 0.5709015625 0.30679218750000004 0.568659375 0.2995 0.546878125 0.3075 0.5108421875 0.2995 0.459790625 0.2842953125 0.44196875 0.2535 0.44177343750000003 0.2375 0.46279375 0.2355 0.5198515625 0.2515 0.54988125 0.2555 0.5919234375 0.2495 0.6039343749999999 0.22549999999999998 0.6039343749999999 0.2015 0.627959375 0.1995 0.694025 0.22930156249999997 0.7861984375 0.22346875000000002 0.872046875 0.264296875 0.9053875
2 0.302 0.540540625 0.308 0.522521875 0.31 0.4954953125 0.306 0.48048124999999997 0.306 0.45945937499999995 0.3 0.44744687499999997 0.286 0.4324328125 0.274 0.4354359375 0.266 0.4264265625 0.25 0.4354359375 0.248 0.44444375 0.24 0.45645625 0.238 0.46546562500000005 0.238 0.5105109375 0.24 0.5135140625 0.24 0.522521875 0.246 0.534534375 0.256 0.546546875 0.266 0.552553125 0.27799999999999997 0.546546875 0.296 0.546546875 0.302 0.540540625
0 0.572 0.4324328125 0.568 0.4234234375 0.558 0.4204203125 0.554 0.4114109375 0.528 0.4114109375 0.522 0.4144140625 0.506 0.4354359375 0.496 0.45645625 0.496 0.46546562500000005 0.49400000000000005 0.46846875 0.49400000000000005 0.474475 0.496 0.47747812500000003 0.518 0.48048124999999997 0.558 0.5015015625 0.572 0.4984984375 0.5740000000000001 0.4954953125 0.5740000000000001 0.4414421875 0.572 0.4324328125
3 0.588 0.5795796875 0.5740000000000001 0.5765765625 0.5559999999999999 0.5375375 0.5599999999999999 0.5015015625 0.5740000000000001 0.4924921875 0.568 0.4294296875 0.548 0.4114109375 0.524 0.4144140625 0.512 0.4264265625 0.49800000000000005 0.45645625 0.506 0.5705703125 0.466 0.5915921875000001 0.43600000000000005 0.6636640625 0.434 0.708709375 0.442 0.7147140624999999 0.44800000000000006 0.76876875 0.532 0.7987984375 0.546 0.7927921875 0.576 0.7237234375 0.5940000000000001 0.6606609375 0.5900000000000001 0.6486484375 0.5940000000000001 0.5915921875000001 0.588 0.5795796875
3 0.71 0.7447453125 0.732 0.7357359375 0.766 0.684684375 0.782 0.6366359375 0.782 0.5135140625 0.77 0.5015015625 0.766 0.48048124999999997 0.776 0.4354359375 0.774 0.39339375 0.756 0.3633640625 0.726 0.366365625 0.71 0.384384375 0.692 0.4264265625 0.704 0.4384390625 0.72 0.5015015625 0.65 0.61861875 0.644 0.6516515625 0.6519999999999999 0.68168125 0.65 0.69369375 0.6599999999999999 0.7117109375 0.658 0.7207203125 0.67 0.7387390625 0.71 0.7447453125
0 0.742 0.4384390625 0.758 0.4384390625 0.76 0.4414421875 0.772 0.4414421875 0.774 0.4384390625 0.774 0.4264265625 0.776 0.4234234375 0.774 0.4204203125 0.774 0.396396875 0.768 0.375375 0.764 0.36936874999999997 0.756 0.3633640625 0.738 0.3633640625 0.736 0.366365625 0.724 0.366365625 0.714 0.375375 0.702 0.4114109375 0.692 0.4234234375 0.692 0.4294296875 0.6940000000000001 0.4324328125 0.706 0.4354359375 0.716 0.4264265625 0.726 0.4264265625 0.734 0.4324328125 0.74 0.4324328125 0.742 0.4384390625
3 0.868 0.6726734375000001 0.8960000000000001 0.6606609375 0.9099999999999999 0.6456453125 0.916 0.624625 0.916 0.54955 0.9039999999999999 0.48348281249999997 0.882 0.4354359375 0.8619999999999999 0.4294296875 0.8560000000000001 0.4054046875 0.858 0.384384375 0.842 0.3483484375 0.8320000000000001 0.3423421875 0.8140000000000001 0.3483484375 0.8 0.3633640625 0.796 0.378378125 0.794 0.4174171875 0.8039999999999999 0.4294296875 0.806 0.46546562500000005 0.798 0.47747812500000003 0.794 0.5075078125 0.806 0.522521875 0.8240000000000001 0.5165171875000001 0.8300000000000001 0.53153125 0.826 0.6426421875 0.868 0.6726734375000001
0 0.8560000000000001 0.4144140625 0.8560000000000001 0.39940000000000003 0.86 0.3873875 0.8560000000000001 0.372371875 0.8480000000000001 0.3543546875 0.836 0.3453453125 0.826 0.3423421875 0.82 0.3483484375 0.808 0.3513515625 0.8 0.3633640625 0.796 0.378378125 0.796 0.39339375 0.792 0.4054046875 0.792 0.4114109375 0.794 0.4144140625 0.8019999999999999 0.4144140625 0.8039999999999999 0.4114109375 0.8099999999999999 0.4114109375 0.8119999999999999 0.40840781249999997 0.8240000000000001 0.40840781249999997 0.8560000000000001 0.4144140625