3 0.6940000000000001 0.98840625 0.704 0.982609375 0.708 0.8434781250000001 0.728 0.7768109375 0.8560000000000001 0.8289859375 0.8619999999999999 0.7652171875 0.874 0.730434375 0.9199999999999999 0.69855 0.932 0.6608703125 0.924 0.44637656249999996 0.8720000000000001 0.3855078125 0.834 0.36231874999999997 0.8220000000000001 0.3391296875 0.8160000000000001 0.29855 0.8240000000000001 0.2347828125 0.8140000000000001 0.18840625 0.8039999999999999 0.17681093750000001 0.752 0.1652171875 0.734 0.17681093750000001 0.714 0.217390625 0.718 0.31304375 0.74 0.3652171875 0.706 0.46666718749999997 0.6980000000000001 0.544928125 0.6679999999999999 0.649275 0.674 0.681159375 0.6940000000000001 0.71304375 0.678 0.8405796875 0.688 0.982609375 0.6940000000000001 0.98840625
3 0.6839999999999999 0.69855 0.662 0.6724640625 0.662 0.655071875 0.682 0.594203125 0.6839999999999999 0.5536234375 0.666 0.46666718749999997 0.624 0.4231890625 0.62 0.40579687499999995 0.63 0.38260937500000003 0.63 0.3420296875 0.614 0.3101453125 0.58 0.30434843749999996 0.564 0.3159421875 0.558 0.3739125 0.5740000000000001 0.449275 0.546 0.4782609375 0.536 0.5159421875 0.53 0.7043484375 0.62 0.750725 0.624 0.8956515625 0.6519999999999999 0.8956515625 0.654 0.8608703125 0.678 0.8057968750000001 0.674 0.750725 0.662 0.730434375 0.682 0.7159421874999999 0.6839999999999999 0.69855
3 0.514 0.5188406249999999 0.49800000000000005 0.43768124999999997 0.45999999999999996 0.40579687499999995 0.44800000000000006 0.3768109375 0.446 0.3217390625 0.42800000000000005 0.2956515625 0.40599999999999997 0.292753125 0.386 0.3159421875 0.38 0.3594203125 0.394 0.394203125 0.384 0.42608750000000006 0.36 0.449275 0.362 0.5246375 0.378 0.617390625 0.376 0.7391296875 0.378 0.7536234375 0.388 0.756521875 0.388 0.6724640625 0.40599999999999997 0.655071875 0.496 0.6840578125000001 0.516 0.582609375 0.514 0.5188406249999999
3 0.34199999999999997 0.530434375 0.32599999999999996 0.48695625 0.294 0.4579703125 0.284 0.43478281250000006 0.29 0.3971015625 0.286 0.356521875 0.252 0.3420296875 0.236 0.3594203125 0.22599999999999998 0.4086953125 0.23399999999999999 0.46666718749999997 0.2 0.5043484375 0.198 0.5246375 0.194 0.63768125 0.2 0.655071875 0.22799999999999998 0.6753625000000001 0.262 0.6753625000000001 0.286 0.6724640625 0.3 0.6521734375 0.316 0.6840578125000001 0.31 0.73623125 0.33599999999999997 0.756521875 0.34199999999999997 0.530434375
3 0.16399999999999998 0.3913046875 0.152 0.4086953125 0.156 0.469565625 0.134 0.49855 0.132 0.5565218749999999 0.144 0.61159375 0.172 0.63768125 0.19 0.63768125 0.202 0.49855 0.21200000000000002 0.481159375 0.19 0.4579703125 0.192 0.4086953125 0.184 0.394203125 0.16399999999999998 0.3913046875
3 0.22999999999999998 0.46376875 0.22400000000000003 0.4086953125 0.21400000000000002 0.42608750000000006 0.21200000000000002 0.4608703125 0.22999999999999998 0.46376875
3 0 0.9739125 0.018 0.9420296875 0.022 0.9101453125000001 0.004 0.7768109375 0.004 0.6521734375 0.02 0.44347812500000006 0.004 0.4 0 0.394203125 0 0.9739125
2 0.752 0.1652171875 0.73 0.179709375 0.718 0.20289843749999997 0.714 0.2231890625 0.722 0.2289859375 0.75 0.1971015625 0.794 0.2 0.8160000000000001 0.249275 0.8140000000000001 0.29855 0.818 0.2898546875 0.8240000000000001 0.243478125 0.8099999999999999 0.179709375 0.752 0.1652171875
2 0.562 0.3101453125 0.562 0.3391296875 0.576 0.3101453125 0.602 0.30724687500000003 0.616 0.3217390625 0.622 0.3594203125 0.632 0.356521875 0.63 0.31304375 0.606 0.29855 0.576 0.29855 0.562 0.3101453125
2 0.38 0.36231874999999997 0.392 0.379709375 0.4 0.350725 0.442 0.3391296875 0.45199999999999996 0.35362343749999997 0.446 0.318840625 0.43 0.2956515625 0.404 0.292753125 0.384 0.318840625 0.38 0.36231874999999997
2 0.27 0.36231874999999997 0.274 0.3913046875 0.288 0.4086953125 0.292 0.3710140625 0.284 0.35362343749999997 0.25 0.3420296875 0.238 0.356521875 0.236 0.3652171875 0.27 0.36231874999999997
1 0.154 0.4086953125 0.152 0.417390625 0.192 0.417390625 0.188 0.4 0.172 0.38840625 0.154 0.4086953125