3 0.8880000000000001 0.8686328124999999 0.908 0.7855234375 0.9019999999999999 0.6943703125 0.924 0.434315625 0.916 0.3538875 0.9 0.32439687500000003 0.8560000000000001 0.2975875 0.8539999999999999 0.2305625 0.8380000000000001 0.21179687500000002 0.82 0.209115625 0.796 0.24396718750000002 0.8019999999999999 0.3029484375 0.768 0.3404828125 0.764 0.3619296875 0.794 0.7828421875 0.786 0.8096515625 0.758 0.8230562499999999 0.758 0.8337796875000001 0.828 0.8445046875 0.834 0.8310984375 0.858 0.8257375 0.852 0.8659515624999999 0.8640000000000001 0.8739953125 0.8880000000000001 0.8686328124999999
3 0.65 0.8257375 0.6679999999999999 0.82841875 0.6900000000000001 0.8123328125 0.7 0.7855234375 0.696 0.5683640624999999 0.704 0.4235921875 0.72 0.3404828125 0.718 0.3136734375 0.6839999999999999 0.2815015625 0.688 0.21447656249999997 0.678 0.1930296875 0.65 0.1876671875 0.634 0.201071875 0.626 0.2305625 0.632 0.2841828125 0.604 0.3136734375 0.5860000000000001 0.386059375 0.588 0.4289546875 0.6 0.4584453125 0.5980000000000001 0.5790890625 0.608 0.683646875 0.604 0.7533515625 0.58 0.8096515625 0.596 0.8123328125 0.628 0.793565625 0.65 0.8123328125 0.65 0.8257375
3 0.584 0.4289546875 0.584 0.3941015625 0.5599999999999999 0.35656875 0.554 0.3136734375 0.532 0.3136734375 0.518 0.383378125 0.524 0.4289546875 0.51 0.49329687499999997 0.516 0.6916890625 0.522 0.707775 0.54 0.6997312499999999 0.5559999999999999 0.71045625 0.5700000000000001 0.651475 0.572 0.5093828125 0.5940000000000001 0.445040625 0.584 0.4289546875
3 0.48 0.790884375 0.496 0.790884375 0.49800000000000005 0.6890078125 0.492 0.651475 0.496 0.5737265625 0.502 0.565684375 0.49800000000000005 0.506703125 0.52 0.43967812500000003 0.508 0.35656875 0.472 0.321715625 0.46399999999999997 0.25737187499999997 0.44000000000000006 0.2305625 0.42000000000000004 0.25201093750000003 0.42800000000000005 0.3056296875 0.41600000000000004 0.3324390625 0.384 0.3646109375 0.384 0.445040625 0.398 0.49329687499999997 0.40800000000000003 0.616621875 0.398 0.7855234375 0.418 0.7855234375 0.43600000000000005 0.7694375 0.438 0.7560328125 0.45999999999999996 0.7533515625 0.466 0.7774796875 0.48 0.790884375
3 0.358 0.6568359375 0.382 0.4906171875 0.376 0.4289546875 0.38 0.3619296875 0.37 0.3404828125 0.346 0.32439687500000003 0.346 0.2841828125 0.33599999999999997 0.2546921875 0.306 0.260053125 0.3 0.319034375 0.266 0.34584375 0.254 0.3941015625 0.252 0.445040625 0.27 0.498659375 0.29 0.611259375 0.282 0.7533515625 0.27 0.7694375 0.286 0.7721171874999999 0.33199999999999996 0.7479890625000001 0.33999999999999997 0.76675625 0.356 0.7694375 0.358 0.6568359375
3 0.22599999999999998 0.788203125 0.202 0.6970515625 0.194 0.5790890625 0.20400000000000001 0.5388734375 0.21600000000000003 0.5227875 0.21600000000000003 0.4289546875 0.198 0.3699734375 0.16599999999999998 0.32975937499999997 0.158 0.270778125 0.142 0.26541562500000004 0.122 0.2841828125 0.118 0.33780156250000004 0.1 0.35924999999999996 0.078 0.41823125 0.078 0.49329687499999997 0.096 0.5415546875 0.11200000000000002 0.560321875 0.12 0.613940625 0.118 0.796246875 0.142 0.796246875 0.15 0.7694375 0.18 0.76139375 0.188 0.7855234375 0.22599999999999998 0.788203125
3 0.25 0.46648750000000005 0.25 0.33780156250000004 0.21800000000000003 0.2975875 0.22000000000000003 0.270778125 0.21200000000000002 0.25201093750000003 0.194 0.25201093750000003 0.19 0.262734375 0.192 0.2975875 0.174 0.3351203125 0.2 0.3699734375 0.21800000000000003 0.4262734375 0.21800000000000003 0.5790890625 0.23399999999999999 0.6595171875 0.254 0.6648796875 0.238 0.52815 0.24 0.47453124999999996 0.25 0.46648750000000005
2 0.8560000000000001 0.2493296875 0.8539999999999999 0.2305625 0.828 0.209115625 0.8099999999999999 0.21447656249999997 0.798 0.235925 0.798 0.270778125 0.826 0.25201093750000003 0.8560000000000001 0.2493296875
2 0.634 0.21447656249999997 0.654 0.21447656249999997 0.662 0.235925 0.6799999999999999 0.24128750000000002 0.6799999999999999 0.260053125 0.688 0.2305625 0.6839999999999999 0.1983921875 0.6679999999999999 0.1876671875 0.638 0.1957109375 0.634 0.21447656249999997
2 0.5559999999999999 0.3136734375 0.54 0.3029484375 0.528 0.316353125 0.526 0.32975937499999997 0.536 0.32439687500000003 0.5599999999999999 0.3404828125 0.5559999999999999 0.3136734375
2 0.422 0.24396718750000002 0.42000000000000004 0.26541562500000004 0.442 0.24664843749999998 0.46399999999999997 0.262734375 0.44400000000000006 0.22520156249999998 0.422 0.24396718750000002
2 0.308 0.25737187499999997 0.301140625 0.2670375 0.3016734375 0.2799484375 0.3177203125 0.264884375 0.3353703125 0.264884375 0.34606875000000004 0.2770796875 0.3412546875 0.25699218749999997 0.3289515625 0.2483828125 0.3150453125 0.2491015625 0.3091625 0.2526890625 0.308 0.25737187499999997
2 0.192 0.25201093750000003 0.192 0.26541562500000004 0.20600000000000002 0.262734375 0.21800000000000003 0.2734578125 0.21200000000000002 0.2493296875 0.192 0.25201093750000003
2 0.16 0.2734578125 0.13799999999999998 0.26541562500000004 0.122 0.2841828125 0.126 0.3109921875 0.16 0.2734578125