0 0.808 0.624 0.8039999999999999 0.648 0.8119999999999999 0.6613328125 0.852 0.6906671875 0.9019999999999999 0.696 0.9099999999999999 0.688 0.9099999999999999 0.6373328125 0.8859999999999999 0.5893328125 0.844 0.576 0.8320000000000001 0.5813328125 0.808 0.624
3 0.9119999999999999 0.648 0.9 0.608 0.868 0.5786671875 0.844 0.576 0.828 0.5866671875 0.8039999999999999 0.6373328125 0.828 0.7226671875 0.8460000000000001 0.7493328125 0.8099999999999999 0.8693328125 0.8300000000000001 0.9973328125 0.9880000000000001 0.9973328125 0.9880000000000001 0.8533328125 0.974 0.792 0.958 0.7626671875000001 0.9019999999999999 0.7253328125 0.9119999999999999 0.648
0 0.61 0.6559999999999999 0.632 0.6506671875000001 0.626 0.5973328125 0.608 0.5893328125 0.5900000000000001 0.6053328125 0.5860000000000001 0.6266671875000001 0.5980000000000001 0.648 0.61 0.6559999999999999
3 0.616 0.9973328125 0.6519999999999999 0.9973328125 0.642 0.8693328125 0.666 0.8320000000000001 0.666 0.8 0.65 0.712 0.638 0.6933328125 0.63 0.6053328125 0.614 0.5893328125 0.5980000000000001 0.5946671875 0.5860000000000001 0.616 0.588 0.6613328125 0.5740000000000001 0.6746671875 0.532 0.6826671875 0.52 0.6639999999999999 0.514 0.6719999999999999 0.512 0.6906671875 0.524 0.7173328125 0.55 0.7226671875 0.5559999999999999 0.736 0.5559999999999999 0.9173328125 0.564 0.9973328125 0.584 0.9973328125 0.592 0.9653328125 0.606 0.9653328125 0.616 0.9973328125
0 0.43600000000000005 0.6373328125 0.446 0.616 0.44000000000000006 0.5973328125 0.42400000000000004 0.5866671875 0.40199999999999997 0.5973328125 0.398 0.64 0.40800000000000003 0.6506671875000001 0.43600000000000005 0.6373328125
3 0.43600000000000005 0.5946671875 0.414 0.5893328125 0.404 0.5973328125 0.4 0.6373328125 0.40599999999999997 0.6533328125 0.384 0.7146671875 0.382 0.7813328125 0.396 0.8320000000000001 0.40199999999999997 0.9973328125 0.47800000000000004 0.9973328125 0.48 0.8213328125 0.496 0.784 0.49800000000000005 0.7466671875 0.46399999999999997 0.6693328125 0.446 0.6613328125 0.43600000000000005 0.5946671875
0 0.196 0.6799999999999999 0.22200000000000003 0.6746671875 0.258 0.6293328125000001 0.246 0.6 0.22999999999999998 0.5893328125 0.21200000000000002 0.5893328125 0.19 0.616 0.186 0.64 0.196 0.6799999999999999
3 0.282 0.744 0.264 0.76 0.25 0.7413328124999999 0.26 0.6719999999999999 0.258 0.6213328125 0.238 0.5946671875 0.21200000000000002 0.592 0.188 0.6266671875000001 0.198 0.6853328125 0.16599999999999998 0.744 0.15 0.7973328125 0.16799999999999998 0.9973328125 0.266 0.9973328125 0.27999999999999997 0.8906671875000001 0.302 0.8480000000000001 0.302 0.8240000000000001 0.288 0.7946671875 0.282 0.744
0 0.144 0.6666671875 0.136 0.6773328125 0.13799999999999998 0.7013328125 0.16799999999999998 0.688 0.162 0.6693328125 0.144 0.6666671875
3 0.1 0.792 0.10200000000000001 0.9973328125 0.124 0.9973328125 0.146 0.8586671875 0.148 0.7893328125 0.172 0.72 0.162 0.6693328125 0.13799999999999998 0.6746671875 0.142 0.712 0.11599999999999999 0.7413328124999999 0.1 0.792
0 0 0.6986671875 0.02 0.712 0.066 0.6533328125 0.066 0.6426671875000001 0.046 0.624 0.01 0.6293328125000001 0 0.6373328125 0 0.6986671875
3 0 0.9973328125 0.08 0.9973328125 0.088 0.8453328125 0.064 0.7333328125 0.08399999999999999 0.6906671875 0.057999999999999996 0.6346671875000001 0.044 0.624 0.016 0.6266671875000001 0 0.6373328125 0 0.7173328125 0.008 0.7413328124999999 0 0.7493328125 0 0.9973328125
0 0.41600000000000004 0.0613328125 0.41600000000000004 0.0746671875 0.446 0.0853328125 0.446 0.064 0.438 0.05600000000000001 0.41600000000000004 0.0613328125
3 0.438 0.058667187499999995 0.42000000000000004 0.058667187499999995 0.394 0.0933328125 0.368 0.1813328125 0.372 0.2266671875 0.36 0.32799999999999996 0.37 0.32 0.396 0.23199999999999998 0.41 0.22400000000000003 0.396 0.14666718750000002 0.43 0.1146671875 0.43600000000000005 0.08 0.44400000000000006 0.0746671875 0.438 0.058667187499999995
3 0.45999999999999996 0.3866671875 0.438 0.3546671875 0.418 0.36 0.39 0.392 0.374 0.42933281250000005 0.37 0.46666718749999997 0.384 0.5173328125000001 0.39 0.6266671875000001 0.422 0.584 0.438 0.592 0.44000000000000006 0.504 0.45199999999999996 0.4906671875 0.44800000000000006 0.4693328125 0.45999999999999996 0.42400000000000004 0.45999999999999996 0.3866671875