3 0.738 0.7733328125 0.756 0.8133328125 0.774 0.8160000000000001 0.778 0.7973328125 0.762 0.7653328125 0.762 0.728 0.768 0.6906671875 0.792 0.6746671875 0.79 0.572 0.8 0.504 0.794 0.46666718749999997 0.8 0.42133281250000004 0.774 0.312 0.74 0.28266718750000003 0.748 0.2666671875 0.746 0.2106671875 0.708 0.1866671875 0.6799999999999999 0.20266718749999998 0.6719999999999999 0.2346671875 0.686 0.27733281249999997 0.6839999999999999 0.312 0.658 0.3466671875 0.6519999999999999 0.45599999999999996 0.658 0.7173328125 0.6799999999999999 0.7093328125 0.6839999999999999 0.8133328125 0.7 0.8160000000000001 0.708 0.7893328125 0.7107734375 0.7205734374999999 0.7146140625 0.6471734375 0.7274125 0.5951125 0.738 0.7733328125
3 0.495759375 0.9143140624999999 0.4951203125 0.84433125 0.492559375 0.773490625 0.4944796875 0.7077703125 0.505359375 0.7726375 0.5027999999999999 0.9390671875000001 0.522 0.96 0.534 0.9973328125 0.568 0.9973328125 0.544 0.8986671875000001 0.546 0.7573328125 0.558 0.6533328125 0.568 0.624 0.5820000000000001 0.6213328125 0.5900000000000001 0.6026671875 0.592 0.45599999999999996 0.602 0.4106671875 0.576 0.2933328125 0.518 0.2506671875 0.518 0.2373328125 0.536 0.21600000000000003 0.536 0.1626671875 0.52 0.1253328125 0.484 0.11200000000000002 0.44000000000000006 0.1386671875 0.43600000000000005 0.16799999999999998 0.45999999999999996 0.26933281249999996 0.41200000000000003 0.312 0.404 0.33599999999999997 0.392 0.41333281250000004 0.392 0.608 0.396 0.6213328125 0.418 0.6266671875000001 0.43600000000000005 0.6533328125 0.454 0.8986671875000001 0.438 0.9973328125 0.47000000000000003 0.9973328125 0.48 0.9653328125 0.495759375 0.9143140624999999
3 0 0.8586671875 0.018 0.8640000000000001 0.028000000000000004 0.8533328125 0.018 0.8 0.026000000000000002 0.64 0.038 0.5653328125 0.057999999999999996 0.5519999999999999 0.06 0.5253328125000001 0.048 0.3866671875 0.012 0.3013328125 0 0.2933328125 0 0.8586671875
3 0.079809375 0.49183750000000004 0.0990078125 0.5037859375 0.08045 0.67021875 0.0714921875 0.7683687499999999 0.1002875 0.7939734374999999 0.11564531250000001 0.7547125 0.141884375 0.537075 0.160440625 0.5439015625 0.15724218750000002 0.7231328125 0.1789984375 0.7521515625 0.21419375000000002 0.74105625 0.20011562500000002 0.7197203125 0.1796375 0.2409125 0.18091875 0.2195765625 0.171959375 0.182875 0.16107968749999999 0.1734875 0.1463625 0.16836562500000002 0.123965625 0.1786078125 0.11884531250000001 0.22640312499999998 0.13036406250000002 0.256275 0.1060484375 0.26993125 0.08172968750000001 0.330528125 0.0676515625 0.46964843749999996 0.079809375 0.49183750000000004
3 0.39337187500000004 0.771784375 0.3972125 0.7402031250000001 0.41897031250000005 0.75641875 0.4388078125 0.7376421875 0.42217031250000003 0.7120375 0.4151296875 0.6761921875 0.42152968749999997 0.62754375 0.4490453125 0.284440625 0.4324078125 0.2648109375 0.43496875 0.2392046875 0.43432812500000006 0.19397031250000002 0.424090625 0.16324531250000002 0.4068125 0.15641875 0.3946515625 0.15983125 0.37609375 0.170075 0.3677765625 0.203359375 0.3805734375 0.2485953125 0.36009531250000004 0.26054374999999996 0.3396203125 0.2793203125 0.314021875 0.37235 0.3396203125 0.4286796875 0.34601875 0.53621875 0.3543375 0.622421875 0.3613765625 0.7384953125 0.35881562499999997 0.753859375 0.365215625 0.7854375 0.39337187500000004 0.771784375
0 0.682 0.26933281249999996 0.704 0.2346671875 0.742 0.2106671875 0.72 0.1893328125 0.702 0.1866671875 0.686 0.1946671875 0.674 0.21600000000000003 0.674 0.2533328125 0.682 0.26933281249999996
0 0.438 0.1386671875 0.442 0.1786671875 0.45599999999999996 0.1333328125 0.47000000000000003 0.128 0.49800000000000005 0.1386671875 0.53 0.176 0.536 0.2106671875 0.534 0.14666718750000002 0.516 0.12 0.47800000000000004 0.11200000000000002 0.438 0.1386671875
0 0.376 0.1786671875 0.372 0.21600000000000003 0.43 0.2106671875 0.41600000000000004 0.16799999999999998 0.392 0.1626671875 0.376 0.1786671875
0 0.286 0.1813328125 0.282 0.11733281250000001 0.254 0.08266718749999999 0.21400000000000002 0.088 0.2 0.1306671875 0.2 0.1626671875 0.252 0.1866671875 0.286 0.1813328125
0 0.176 0.2266671875 0.178 0.20800000000000002 0.16 0.1706671875 0.13999999999999999 0.1653328125 0.118 0.184 0.11599999999999999 0.2266671875 0.128 0.24 0.176 0.2266671875
3 0.22799999999999998 0.9413328125 0.248 0.9413328125 0.27599999999999997 0.8880000000000001 0.27799999999999997 0.8133328125 0.312 0.8213328125 0.312 0.8640000000000001 0.324 0.8906671875000001 0.32 0.952 0.33999999999999997 0.9546671874999999 0.358 0.9253328125 0.36 0.8346671875 0.344 0.728 0.33999999999999997 0.5306671875 0.32 0.4773328125 0.31 0.40800000000000003 0.346 0.3813328125 0.38 0.4106671875 0.396 0.376 0.362 0.344 0.274 0.1946671875 0.286 0.17333281250000002 0.284 0.14133281250000002 0.27799999999999997 0.1093328125 0.264 0.0906671875 0.236 0.08 0.21200000000000002 0.0933328125 0.202 0.136 0.21000000000000002 0.20266718749999998 0.192 0.2346671875 0.13999999999999999 0.2746671875 0.11200000000000002 0.3546671875 0.10400000000000001 0.384 0.10600000000000001 0.42933281250000005 0.13 0.5013328125000001 0.184 0.5386671875 0.19 0.5573328125 0.194 0.6213328125 0.21600000000000003 0.6933328125 0.22599999999999998 0.808 0.24 0.8746671875 0.22799999999999998 0.9413328125