3 0.69445625 0.6893046875 0.688 0.7703921874999999 0.666 0.9033234374999999 0.722 0.9184296875 0.742 0.6676734375 0.702 0.570996875 0.688 0.5649546875 0.678 0.5770390625 0.6940000000000001 0.6797578125 0.69445625 0.6893046875
3 0.532 0.9184296875 0.548 0.9184296875 0.528 0.737159375 0.532 0.6797578125 0.54 0.673715625 0.538 0.6374625 0.518 0.6042296875 0.5 0.54380625 0.48600000000000004 0.54380625 0.48200000000000004 0.555890625 0.47698124999999997 0.60345625 0.46365 0.6226265625 0.46281718749999995 0.674303125 0.476 0.8640484374999999 0.477815625 0.8835078125000001 0.48600000000000004 0.924471875 0.49800000000000005 0.9305140625 0.5103109375 0.9085125 0.504478125 0.8601703125 0.5086453125 0.7859890625 0.51614375 0.8518343749999999 0.5169765625 0.8710046874999999 0.532 0.9184296875
0 0.7 0.5679765625 0.6799999999999999 0.570996875 0.6799999999999999 0.6042296875 0.6927890624999999 0.5876203125 0.708 0.58308125 0.7 0.5679765625
0 0.58 0.5407859375 0.558 0.53474375 0.548 0.5498484375 0.548 0.5649546875 0.5740000000000001 0.586103125 0.5820000000000001 0.5800609375 0.58 0.5407859375
3 0.5780000000000001 0.595165625 0.58 0.54380625 0.558 0.53474375 0.544 0.5619328125 0.5519999999999999 0.6435046875 0.536 0.7280968750000001 0.544 0.743203125 0.5599999999999999 0.89728125 0.544 0.9395765624999999 0.542 0.9667671875 0.5519999999999999 0.9697890625 0.5860000000000001 0.9577046875 0.5940000000000001 0.6374625 0.5780000000000001 0.595165625
0 0.46399999999999997 0.555890625 0.46399999999999997 0.5891234375 0.476 0.586103125 0.48600000000000004 0.54380625 0.476 0.5407859375 0.46399999999999997 0.555890625
3 0.47800000000000004 0.6042296875 0.48 0.54380625 0.462 0.5619328125 0.4423515625 0.650434375 0.4364703125 0.6877546875 0.44705781250000004 0.71974375 0.44823593749999996 0.9223390625000001 0.47176406249999997 0.9098968749999999 0.472 0.7854984375 0.472 0.7160124999999999 0.45999999999999996 0.65256875 0.46399999999999997 0.610271875 0.47800000000000004 0.6042296875
0 0.394 0.5921453125 0.4 0.57401875 0.396 0.54380625 0.384 0.53474375 0.368 0.54380625 0.368 0.58308125 0.388 0.5800609375 0.394 0.5921453125
0 0.364 0.5770390625 0.356 0.546828125 0.33599999999999997 0.555890625 0.33599999999999997 0.586103125 0.364 0.5770390625
3 0.34283281250000003 0.546828125 0.3348328125 0.5649546875 0.331165625 0.6167921875 0.3161671875 0.615125 0.303184375 0.6948640625 0.312834375 0.7901578125000001 0.2949515625 0.9347796875000001 0.3288328125 0.9123859375000001 0.3368328125 0.9184296875 0.34483281250000003 0.8549843750000001 0.3408328125 0.6586109375 0.3619953125 0.5917875 0.3628328125 0.5619328125 0.3594953125 0.5459453125 0.34283281250000003 0.546828125
0 0.264 0.58308125 0.246 0.5498484375 0.22999999999999998 0.5619328125 0.22599999999999998 0.58308125 0.23199999999999998 0.5891234375 0.26 0.5921453125 0.264 0.58308125
3 0.262 0.57401875 0.252 0.555890625 0.244 0.5498484375 0.22999999999999998 0.5619328125 0.22999999999999998 0.610271875 0.1894125 0.6557671875 0.20800000000000002 0.74018125 0.2023515625 0.8139328125 0.1894125 0.996978125 0.22400000000000003 0.963746875 0.254 0.9667671875 0.244 0.9305140625 0.25 0.8519640624999999 0.27599999999999997 0.6797578125 0.254 0.6163140625 0.262 0.57401875
0 0.11399999999999999 0.61329375 0.122 0.595165625 0.11599999999999999 0.5770390625 0.10800000000000001 0.5679765625 0.092 0.57401875 0.09 0.58308125 0.11000000000000001 0.5981875 0.11399999999999999 0.61329375
3 0.131190625 0.6409625 0.11369218750000001 0.6317953125 0.126 0.5981875 0.11000000000000001 0.5679765625 0.094 0.5679765625 0.088 0.5891234375 0.10200000000000001 0.5891234375 0.13411875 0.7357375 0.131190625 0.6409625
0 0.10800000000000001 0.595165625 0.09 0.586103125 0.08 0.6012078125 0.08199999999999999 0.6404828124999999 0.10200000000000001 0.649546875 0.11200000000000002 0.6193359375 0.10800000000000001 0.595165625
3 0.118 0.6767375 0.10400000000000001 0.66163125 0.11000000000000001 0.6012078125 0.08399999999999999 0.5921453125 0.078 0.6404828124999999 0.052000000000000005 0.6827796875 0.054000000000000006 0.7220546875 0.046 0.7280968750000001 0.044 0.7703921874999999 0.048 0.815709375 0.057999999999999996 0.8277953124999999 0.057999999999999996 0.972809375 0.064 0.9909359375 0.11200000000000002 0.987915625 0.10800000000000001 0.8580062500000001 0.118 0.6767375
0 0.48125 0.5796875 0.509375 0.5796875 0.5046875 0.5484375 0.4984375 0.5421875 0.48125 0.5421875 0.48125 0.5796875
3 0.3671875 0.953125 0.3984375 0.9265625 0.3828125 0.8953125 0.38125 0.803125 0.390625 0.778125 0.3921875 0.715625 0.3828125 0.609375 0.390625 0.58125 0.3859375 0.5515625 0.378125 0.540625 0.3671875 0.5484375 0.3421875 0.6484375 0.3390625 0.771875 0.34375 0.871875 0.3390625 0.8765625 0.3390625 0.928125 0.3421875 0.95 0.3671875 0.953125
3 0.394 0.586103125 0.394 0.54380625 0.368 0.54380625 0.366 0.586103125 0.382 0.6163140625 0.39 0.6797578125 0.38 0.7945625 0.384 0.8912390625000001 0.40199999999999997 0.8791546875 0.392 0.7522656249999999 0.404 0.7099703125 0.40599999999999997 0.6404828124999999 0.394 0.586103125