3 0.146 0.3546671875 0.126 0.352 0.10200000000000001 0.376 0.094 0.4506671875 0.05600000000000001 0.5306671875 0.048 0.5653328125 0.048 0.6186671875 0.06999999999999999 0.6506671875000001 0.088 0.72 0.092 0.8186671875 0.154 0.8186671875 0.176 0.7866671875 0.19 0.7866671875 0.194 0.6373328125 0.18 0.40266718749999997 0.146 0.3546671875
3 0.458 0.5333328125000001 0.38 0.46666718749999997 0.33199999999999996 0.39466718749999996 0.33999999999999997 0.3066671875 0.32 0.27999999999999997 0.3 0.27999999999999997 0.27799999999999997 0.2986671875 0.274 0.33599999999999997 0.284 0.368 0.252 0.41600000000000004 0.24 0.4506671875 0.242 0.5519999999999999 0.27599999999999997 0.696 0.27999999999999997 0.784 0.368 0.7866671875 0.368 0.6799999999999999 0.38 0.6506671875000001 0.374 0.5573328125 0.392 0.5306671875 0.442 0.5573328125 0.458 0.5333328125000001
3 0.51 0.8160000000000001 0.516 0.8720000000000001 0.532 0.8720000000000001 0.54 0.7973328125 0.536 0.6346671875000001 0.528 0.6 0.516 0.5866671875 0.518 0.5546671875 0.538 0.504 0.5519999999999999 0.43733281249999995 0.544 0.41333281250000004 0.508 0.3973328125 0.502 0.3813328125 0.506 0.32799999999999996 0.476 0.32 0.45999999999999996 0.33599999999999997 0.466 0.392 0.45999999999999996 0.40800000000000003 0.42800000000000005 0.43200000000000005 0.42400000000000004 0.46133281249999997 0.422 0.496 0.454 0.528 0.438 0.5626671875 0.42400000000000004 0.5626671875 0.42400000000000004 0.5786671875 0.46799999999999997 0.8320000000000001 0.472 0.8426671875 0.488 0.8426671875 0.492 0.8240000000000001 0.51 0.8160000000000001
3 0.572 0.8693328125 0.626 0.8720000000000001 0.622 0.7386671875 0.636 0.46133281249999997 0.628 0.43200000000000005 0.5980000000000001 0.3973328125 0.608 0.36 0.604 0.33599999999999997 0.584 0.32 0.562 0.32 0.548 0.33599999999999997 0.544 0.3813328125 0.564 0.4266671875 0.548 0.4586671875 0.544 0.5013328125000001 0.532 0.5173328125000001 0.518 0.5813328125 0.538 0.616 0.55 0.8720000000000001 0.554 0.8800000000000001 0.572 0.8693328125
3 0.8480000000000001 0.41333281250000004 0.8560000000000001 0.4106671875 0.8640000000000001 0.3706671875 0.874 0.3626671875 0.86 0.3226671875 0.8460000000000001 0.3093328125 0.8240000000000001 0.312 0.8099999999999999 0.32799999999999996 0.798 0.3733328125 0.764 0.42133281250000004 0.768 0.736 0.754 0.9039999999999999 0.8400000000000001 0.8693328125 0.8460000000000001 0.744 0.8320000000000001 0.7173328125 0.834 0.688 0.842 0.6613328125 0.8779999999999999 0.6293328125000001 0.868 0.512 0.8480000000000001 0.41333281250000004
3 0.966 0.6799999999999999 0.954 0.6693328125 0.954 0.648 0.998 0.496 0.998 0.4346671875 0.9880000000000001 0.43200000000000005 0.982 0.40800000000000003 0.99 0.368 0.97 0.3333328125 0.952 0.32799999999999996 0.9339999999999999 0.352 0.9279999999999999 0.3786671875 0.942 0.4266671875 0.9339999999999999 0.44533281249999995 0.906 0.4586671875 0.8880000000000001 0.4986671875 0.89 0.5546671875 0.9039999999999999 0.5946671875 0.9019999999999999 0.6346671875000001 0.9119999999999999 0.688 0.9019999999999999 0.712 0.9099999999999999 0.8266671875 0.892 0.8586671875 0.9880000000000001 0.8586671875 0.9800000000000001 0.728 0.966 0.6799999999999999
3 0.33599999999999997 0.3973328125 0.376 0.4586671875 0.40599999999999997 0.48 0.404 0.4266671875 0.378 0.3893328125 0.372 0.3653328125 0.372 0.3146671875 0.352 0.2986671875 0.34199999999999997 0.304 0.33599999999999997 0.3973328125
0 0.378 0.3413328125 0.364 0.304 0.34199999999999997 0.3013328125 0.34199999999999997 0.34933281250000003 0.378 0.3413328125
0 0.33999999999999997 0.3253328125 0.33799999999999997 0.304 0.322 0.27999999999999997 0.292 0.28266718750000003 0.27799999999999997 0.3013328125 0.27599999999999997 0.33599999999999997 0.296 0.3253328125 0.33999999999999997 0.3253328125
0 0.10600000000000001 0.44000000000000006 0.122 0.42133281250000004 0.16399999999999998 0.41333281250000004 0.18 0.4 0.142 0.352 0.11399999999999999 0.36 0.1 0.3813328125 0.096 0.40533281250000003 0.10600000000000001 0.44000000000000006
2 0.5940000000000001 0.3973328125 0.608 0.3626671875 0.604 0.33599999999999997 0.576 0.3173328125 0.554 0.3253328125 0.548 0.3413328125 0.562 0.368 0.5940000000000001 0.3973328125
2 0.46399999999999997 0.352 0.49000000000000005 0.33599999999999997 0.49400000000000005 0.3546671875 0.504 0.36 0.51 0.3413328125 0.49400000000000005 0.32 0.462 0.3306671875 0.462 0.3626671875 0.46399999999999997 0.352
0 0.8640000000000001 0.368 0.876 0.3653328125 0.85 0.3093328125 0.8240000000000001 0.3093328125 0.806 0.3333328125 0.8019999999999999 0.35733281250000004 0.852 0.3546671875 0.8640000000000001 0.368
0 0.982 0.3466671875 0.954 0.3253328125 0.93 0.3626671875 0.93 0.3813328125 0.9640000000000001 0.368 0.99 0.3786671875 0.982 0.3466671875