0 0.156 0 0.152 0.009009375 0.152 0.0240234375 0.15 0.030029687500000003 0.152 0.033032812499999994 0.152 0.0420421875 0.156 0.0480484375 0.16399999999999998 0.0480484375 0.16999999999999998 0.0540546875 0.184 0.0540546875 0.186 0.0480484375 0.194 0.0480484375 0.196 0.0510515625 0.20800000000000002 0.0510515625 0.21200000000000002 0.0480484375 0.21200000000000002 0.0270265625 0.20600000000000002 0.009009375 0.20600000000000002 0 0.156 0
3 0.16999999999999998 0.6426421875 0.22599999999999998 0.6666671875 0.184 0.3573578125 0.198 0.29429375 0.184 0.1111109375 0.21200000000000002 0.045045312500000004 0.20400000000000001 0 0.156 0.0030031249999999997 0.154 0.0615609375 0.10800000000000001 0.165165625 0.076 0.321321875 0.094 0.3483484375 0.1 0.4234234375 0.092 0.4924921875 0.05 0.6576578125 0.08 0.678678125 0.096 0.6666671875 0.094 0.633634375 0.132 0.5135140625 0.15 0.53153125 0.16999999999999998 0.6426421875
0 0.262 0.2072078125 0.256 0.21921875000000002 0.256 0.23123125 0.254 0.234234375 0.256 0.24324374999999998 0.29 0.24624687500000003 0.294 0.24024062499999999 0.292 0.228228125 0.286 0.2102109375 0.27999999999999997 0.2042046875 0.266 0.2042046875 0.262 0.2072078125
3 0.27799999999999997 0.6126125 0.27599999999999997 0.5885890625 0.292 0.47147187500000004 0.288 0.4114109375 0.292 0.390390625 0.288 0.375375 0.292 0.2372375 0.284 0.2102109375 0.264 0.2072078125 0.258 0.21621562499999997 0.238 0.297296875 0.238 0.39940000000000003 0.244 0.4414421875 0.256 0.45945937499999995 0.254 0.4984984375 0.242 0.528528125 0.242 0.54354375 0.25 0.55555625 0.254 0.60660625 0.272 0.615615625 0.27799999999999997 0.6126125
0 0.33599999999999997 0.1951953125 0.32599999999999996 0.1951953125 0.322 0.1981984375 0.314 0.2102109375 0.312 0.21621562499999997 0.31 0.23123125 0.316 0.2372375 0.33999999999999997 0.24324374999999998 0.344 0.24324374999999998 0.348 0.2372375 0.348 0.21621562499999997 0.346 0.21321249999999997 0.346 0.2042046875 0.34199999999999997 0.1981984375 0.33599999999999997 0.1951953125
3 0.354 0.28828906249999997 0.34199999999999997 0.20120156250000001 0.324 0.1981984375 0.316 0.2102109375 0.31 0.228228125 0.314 0.2612609375 0.294 0.2822828125 0.292 0.297296875 0.296 0.32432500000000003 0.29 0.3633640625 0.302 0.4384390625 0.298 0.51951875 0.308 0.6126125 0.32599999999999996 0.624625 0.33799999999999997 0.6126125 0.356 0.39940000000000003 0.348 0.3003 0.354 0.28828906249999997
0 0.40800000000000003 0.4204203125 0.4 0.4114109375 0.39 0.4114109375 0.386 0.4174171875 0.384 0.4174171875 0.38 0.4294296875 0.38 0.4384390625 0.382 0.44444375 0.388 0.45345312499999996 0.404 0.45345312499999996 0.40800000000000003 0.44744687499999997 0.40800000000000003 0.4384390625 0.41 0.4354359375 0.40800000000000003 0.4294296875 0.40800000000000003 0.4204203125
3 0.40800000000000003 0.4234234375 0.392 0.40240312500000003 0.388 0.4144140625 0.368 0.4204203125 0.36 0.45045 0.352 0.4624625 0.346 0.54354375 0.344 0.597596875 0.35 0.603603125 0.354 0.5945953125 0.354 0.5645640625 0.36 0.522521875 0.374 0.46546562500000005 0.392 0.4624625 0.40199999999999997 0.45345312499999996 0.40800000000000003 0.4414421875 0.40800000000000003 0.4234234375
3 0.6839999999999999 0.55555625 0.6980000000000001 0.5105109375 0.696 0.4954953125 0.6759999999999999 0.4624625 0.6559999999999999 0.4624625 0.654 0.46546562500000005 0.646 0.46546562500000005 0.634 0.474475 0.626 0.4864859375 0.626 0.4954953125 0.63 0.5045046875 0.63 0.5165171875000001 0.64 0.5885890625 0.67 0.5885890625 0.67 0.5855859375 0.678 0.5795796875 0.682 0.5825828125 0.6839999999999999 0.55555625
0 0.688 0.48348281249999997 0.6900000000000001 0.47747812500000003 0.6900000000000001 0.4624625 0.686 0.45645625 0.678 0.45645625 0.674 0.4624625 0.6759999999999999 0.48348281249999997 0.688 0.48348281249999997
0 0.776 0.40240312500000003 0.78 0.396396875 0.776 0.38138125 0.77 0.375375 0.76 0.372371875 0.752 0.384384375 0.752 0.40240312500000003 0.776 0.40240312500000003
3 0.78 0.4264265625 0.772 0.4144140625 0.778 0.39940000000000003 0.776 0.384384375 0.77 0.375375 0.762 0.372371875 0.758 0.375375 0.752 0.3873875 0.748 0.4204203125 0.744 0.4324328125 0.744 0.44444375 0.746 0.44744687499999997 0.746 0.46546562500000005 0.748 0.47147187500000004 0.752 0.47147187500000004 0.786 0.45345312499999996 0.786 0.44744687499999997 0.78 0.4264265625
3 0.798 0.597596875 0.8039999999999999 0.540540625 0.8119999999999999 0.522521875 0.8160000000000001 0.5045046875 0.818 0.4894890625 0.8160000000000001 0.474475 0.806 0.4624625 0.784 0.45645625 0.764 0.4624625 0.746 0.47747812500000003 0.722 0.48048124999999997 0.72 0.5045046875 0.732 0.5105109375 0.738 0.5075078125 0.744 0.51951875 0.738 0.5915921875000001 0.752 0.597596875 0.768 0.597596875 0.774 0.60660625 0.792 0.60660625 0.798 0.597596875
0 0.724 0.47747812500000003 0.718 0.4864859375 0.718 0.5045046875 0.726 0.5135140625 0.734 0.5135140625 0.736 0.5105109375 0.736 0.4984984375 0.738 0.4954953125 0.738 0.48048124999999997 0.736 0.47747812500000003 0.724 0.47747812500000003
0 0.95 0.45645625 0.944 0.4414421875 0.9400000000000001 0.4384390625 0.924 0.4384390625 0.9199999999999999 0.4414421875 0.9119999999999999 0.45345312499999996 0.9099999999999999 0.45345312499999996 0.908 0.45945937499999995 0.908 0.46846875 0.9099999999999999 0.474475 0.922 0.4894890625 0.9339999999999999 0.4894890625 0.9359999999999999 0.4864859375 0.944 0.4864859375 0.9480000000000001 0.48348281249999997 0.95 0.474475 0.95 0.45645625
3 0.9279999999999999 0.5375375 0.9359999999999999 0.525525 0.944 0.522521875 0.952 0.5015015625 0.9480000000000001 0.44744687499999997 0.9400000000000001 0.4384390625 0.924 0.4384390625 0.9109999999999999 0.4549546875 0.8859999999999999 0.47147187500000004 0.876 0.47147187500000004 0.866 0.48048124999999997 0.828 0.540540625 0.826 0.5675671875 0.834 0.5945953125 0.8480000000000001 0.603603125 0.8619999999999999 0.621621875 0.8640000000000001 0.6366359375 0.8960000000000001 0.6366359375 0.9119999999999999 0.60660625 0.9460000000000001 0.5945953125 0.9279999999999999 0.55555625 0.9279999999999999 0.5375375
3 0.876 0.2372375 0.8720000000000001 0.2072078125 0.868 0.1981984375 0.8619999999999999 0.1951953125 0.852 0.1801796875 0.85 0.165165625 0.8400000000000001 0.16216250000000001 0.834 0.1741734375 0.836 0.1831828125 0.8160000000000001 0.2552546875 0.8160000000000001 0.2642640625 0.8240000000000001 0.2762765625 0.828 0.2762765625 0.8400000000000001 0.3393390625 0.842 0.3393390625 0.8539999999999999 0.3333328125 0.866 0.321321875 0.876 0.2372375
0 0.8831234374999999 0.253378125 0.8831234374999999 0.271396875 0.8851234375000001 0.27440000000000003 0.8911234374999999 0.27740312500000003 0.9031234375 0.27440000000000003 0.9031234375 0.259384375 0.8991234374999999 0.24737187500000002 0.8931234375000001 0.24436874999999997 0.8851234375000001 0.250375 0.8831234374999999 0.253378125
0 0.84375 0.1882515625 0.85375 0.182246875 0.85375 0.1732375 0.84975 0.161225 0.83775 0.161225 0.83375 0.16723125 0.83375 0.18525 0.84375 0.1882515625
3 0.9028765625 0.2548796875 0.8988765624999999 0.2488734375 0.8908765624999999 0.2488734375 0.8868765625 0.2518765625 0.8848765625 0.2578828125 0.8848765625 0.2728984375 0.8828765625000001 0.2759015625 0.8828765625000001 0.299925 0.8808765624999999 0.302928125 0.8808765624999999 0.31494062500000003 0.8968765624999999 0.308934375 0.9128765624999999 0.296921875 0.9128765624999999 0.29391875 0.9168765625 0.2879125 0.9148765624999999 0.28190624999999997 0.9048765624999999 0.2668921875 0.9028765625 0.2548796875