3 0.7723687499999999 0.4878125 0.6856671875 0.4586671875 0.6716671875 0.4346671875 0.6756671875 0.34933281250000003 0.6616671875 0.32 0.6396671875 0.3013328125 0.6096671875 0.3013328125 0.5796671875 0.3333328125 0.5796671875 0.39466718749999996 0.5936671875 0.4346671875 0.5528062499999999 0.47759999999999997 0.522809375 0.5392781249999999 0.5261421875 0.6851375 0.5261421875 0.7393140625 0.5494734375 0.7893234375 0.5656671875 0.8240000000000001 0.5616671875 0.9973328125 0.7396671875 0.9973328125 0.7316671875 0.8186671875 0.7116671875 0.728 0.7098765625000001 0.597 0.7176671875 0.5653328125 0.77736875 0.5636609375 0.7723687499999999 0.4878125
0 0.6559999999999999 0.3653328125 0.674 0.3733328125 0.686 0.3653328125 0.658 0.3146671875 0.634 0.2986671875 0.6 0.304 0.576 0.33599999999999997 0.5780000000000001 0.39466718749999996 0.6559999999999999 0.3653328125
3 0.5121859375 0.921846875 0.519684375 0.9135125000000001 0.5213515625 0.9970703125 0.5546796875 0.9984375 0.558 0.9659578124999999 0.5599999999999999 0.8459578125 0.522 0.7232921875 0.518 0.5392921875 0.53 0.5099578124999999 0.576 0.448625 0.5660000000000001 0.41662499999999997 0.5660000000000001 0.3472921875 0.5559999999999999 0.320625 0.528 0.3099578125 0.508 0.3232921875 0.502 0.368625 0.514 0.40062499999999995 0.514 0.4272921875 0.47400000000000003 0.4672921875 0.44469375 0.5159390625 0.446359375 0.605121875 0.45385937500000006 0.6426296875 0.47000000000000003 0.6539578125000001 0.47800000000000004 0.6672921875 0.472 0.744625 0.476 0.840625 0.46799999999999997 0.8699578125 0.462 0.9899578124999999 0.46399999999999997 0.9979578124999999 0.5046859375 0.9984375 0.5121859375 0.921846875
2 0.5207328125 0.31278125 0.508234375 0.3261171875 0.5 0.368 0.51 0.3786671875 0.518 0.3786671875 0.526565625 0.3636234375 0.521565625 0.336953125 0.547396875 0.332784375 0.5640609375000001 0.3319515625 0.5590609375 0.321115625 0.5415640625 0.31028125 0.5207328125 0.31278125
3 0.42883281249999994 0.793834375 0.42883281249999994 0.7485015625 0.42083281250000004 0.7271671875 0.4228328125 0.6098343749999999 0.43283281249999994 0.5911671875 0.41683281250000004 0.49250156250000005 0.42883281249999994 0.3885015625 0.4148328125 0.345834375 0.3968328125 0.3271671875 0.3648328125 0.329834375 0.34683281250000003 0.3565015625 0.351371875 0.42029843749999996 0.3572046875 0.4669734375 0.3388734375 0.4728078125 0.3155421875 0.4903109375 0.30054375 0.5369859375 0.3228328125 0.6071671875 0.3228328125 0.6845015625 0.3208328125 0.737834375 0.3180421875 0.755359375 0.312209375 0.8378734375000001 0.317209375 0.9112203125 0.324084375 0.9951968750000001 0.41683281250000004 0.9976046875 0.42883281249999994 0.793834375
0 0.34199999999999997 0.39466718749999996 0.348 0.40533281250000003 0.378 0.3893328125 0.41907812499999997 0.3852953125 0.43200000000000005 0.384 0.414 0.3413328125 0.394 0.3226671875 0.362 0.32799999999999996 0.344 0.35733281250000004 0.34199999999999997 0.39466718749999996
3 0.1574390625 0.9984375 0.322 0.9973328125 0.312 0.792 0.32 0.7813328125 0.3215859375 0.5932484375 0.294921875 0.49739843749999996 0.31575312499999997 0.4940640625 0.3232515625 0.45405625 0.3365828125 0.445721875 0.3299171875 0.40988125000000003 0.32799999999999996 0.368 0.32 0.3253328125 0.292 0.288 0.248 0.27999999999999997 0.21800000000000003 0.3066671875 0.20800000000000002 0.3333328125 0.20400000000000001 0.4 0.21600000000000003 0.41600000000000004 0.22200000000000003 0.44800000000000006 0.2065984375 0.4790609375 0.1616046875 0.501565625 0.137440625 0.5799125 0.12077656249999999 0.7257734375 0.1224421875 0.8341265625000001 0.1457734375 0.8991374999999999 0.1299421875 0.919975 0.13994062499999999 0.9358109375 0.119109375 0.9566484375 0.1549390625 0.97831875 0.18576874999999998 0.9483124999999999 0.1574390625 0.9984375
0 0.20600000000000002 0.3386671875 0.20400000000000001 0.384 0.22400000000000003 0.3813328125 0.22799999999999998 0.39466718749999996 0.238 0.384 0.33799999999999997 0.392 0.322 0.3253328125 0.302 0.2933328125 0.282 0.27999999999999997 0.23199999999999998 0.2853328125 0.20600000000000002 0.3386671875
2 0.14266718750000001 0.27166875 0.12466718750000001 0.2850015625 0.1406671875 0.31166875 0.1624421875 0.3036140625 0.1699421875 0.3002796875 0.1606671875 0.2850015625 0.14266718750000001 0.27166875
0 0.126 0.2853328125 0.078 0.27999999999999997 0.05600000000000001 0.3013328125 0.05 0.32 0.046 0.3786671875 0.064 0.40266718749999997 0.08199999999999999 0.392 0.088 0.3653328125 0.118 0.376 0.124 0.368 0.148 0.376 0.154 0.3653328125 0.146 0.3146671875 0.126 0.2853328125
3 0 0.9984375 0.057999999999999996 0.9973328125 0.064115625 0.7866171875 0.032453125 0.7049359374999999 0.002 0.584 0.0041234374999999995 0.46822656250000005 0.0232875 0.4623921875 0.0407859375 0.4232171875 0.0332859375 0.40654843749999997 0.043285937499999996 0.4032140625 0.029953125000000004 0.36320625 0.04661875 0.3482046875 0.029953125000000004 0.29736093750000003 0.0132890625 0.26735625 0 0.252353125 0 0.9984375
3 0.142 0.9733328125 0.124 0.96 0.136 0.8826671875000001 0.124 0.8 0.122 0.6826671875 0.146 0.5333328125000001 0.118 0.4826671875 0.118 0.46666718749999997 0.13999999999999999 0.44533281249999995 0.15 0.3466671875 0.142 0.3146671875 0.122 0.288 0.08199999999999999 0.27999999999999997 0.052000000000000005 0.3146671875 0.046 0.3786671875 0.06 0.41333281250000004 0.038 0.488 0.0224546875 0.504065625 0.011621875 0.5732453125 0.036 0.7066671875 0.066 0.776 0.074 0.8240000000000001 0.076 0.8640000000000001 0.062 0.9066671875000001 0.066 0.992 0.134 0.9973328125 0.142 0.992 0.142 0.9733328125
3 0.7723687499999999 0.430303125 0.7607046875 0.44780625 0.7440390625 0.4728109375 0.7490390625 0.54365625 0.7482046875 0.6153359375 0.7532046875 0.6603453125 0.74320625 0.7161875 0.749871875 0.7720312500000001 0.7573703125 0.8212078125 0.773203125 0.8945531250000001 0.7791671874999999 0.8991671875 0.7757015625 0.2886109375 0.7640374999999999 0.297778125 0.747371875 0.327784375 0.7523718749999999 0.3644578125 0.7665359375 0.3936296875 0.7723687499999999 0.430303125
0 0.7625 0.3 0.753125 0.321875 0.7546875 0.3609375 0.759375 0.3703125 0.7671875 0.371875 0.7734375 0.359375 0.771875 0.2953125 0.7625 0.3
2 0.0171875 0.2796875 0.0171875 0.271875 0.0015625 0.2546875 0 0.2796875 0.0171875 0.2796875