3 0.8380000000000001 0.7333328125 0.8380000000000001 0.7013328125 0.852 0.6799999999999999 0.852 0.5706671875 0.842 0.5226671875 0.806 0.4853328125 0.8039999999999999 0.4346671875 0.784 0.42133281250000004 0.768 0.4266671875 0.758 0.44533281249999995 0.758 0.7306671875 0.786 0.8933328125 0.76 0.9333328125 0.8119999999999999 0.9306671874999999 0.8140000000000001 0.952 0.798 0.9973328125 0.8320000000000001 0.9973328125 0.85 0.976 0.8560000000000001 0.9359999999999999 0.8380000000000001 0.7333328125
3 0.702 0.5253328125000001 0.708 0.45599999999999996 0.7 0.44000000000000006 0.6839999999999999 0.4266671875 0.658 0.4266671875 0.632 0.45333281249999996 0.632 0.8826671875000001 0.654 0.9386671874999999 0.662 0.9973328125 0.726 0.9973328125 0.718 0.9253328125 0.728 0.8693328125 0.758 0.8346671875 0.736 0.584 0.73 0.5626671875 0.702 0.5253328125000001
3 0.5900000000000001 0.6933328125 0.626 0.6933328125 0.63 0.5546671875 0.622 0.5226671875 0.61 0.5146671875 0.606 0.4853328125 0.5900000000000001 0.4853328125 0.5780000000000001 0.5146671875 0.5900000000000001 0.6933328125
3 0.576 0.5786671875 0.58 0.5333328125000001 0.564 0.4853328125 0.55 0.4773328125 0.542 0.4906671875 0.54 0.5093328125000001 0.5660000000000001 0.5413328125 0.576 0.5786671875
3 0.542 0.512 0.54 0.4853328125 0.53 0.4853328125 0.53 0.5066671875 0.542 0.512
3 0.572 0.8960000000000001 0.5519999999999999 0.8026671875 0.5559999999999999 0.7653328125 0.5700000000000001 0.7493328125 0.5700000000000001 0.6506671875000001 0.58 0.6293328125000001 0.5740000000000001 0.5706671875 0.5599999999999999 0.5333328125000001 0.526 0.5013328125000001 0.526 0.43733281249999995 0.504 0.43200000000000005 0.48600000000000004 0.44000000000000006 0.47800000000000004 0.4746671875 0.48 0.5013328125000001 0.492 0.5226671875 0.47400000000000003 0.5653328125 0.458 0.728 0.47400000000000003 0.744 0.508 0.9226671874999999 0.504 0.96 0.48200000000000004 0.992 0.572 0.9973328125 0.572 0.8960000000000001
3 0.43600000000000005 0.512 0.434 0.5253328125000001 0.454 0.5706671875 0.45599999999999996 0.52 0.446 0.504 0.43600000000000005 0.512
3 0.454 0.6 0.45199999999999996 0.5653328125 0.44800000000000006 0.544 0.41600000000000004 0.5 0.414 0.4773328125 0.40599999999999997 0.4693328125 0.386 0.4773328125 0.38 0.5306671875 0.372 0.5413328125 0.39 0.6799999999999999 0.394 0.7853328125 0.386 0.8480000000000001 0.41 0.8346671875 0.426 0.8346671875 0.44000000000000006 0.8480000000000001 0.442 0.654 0.454 0.6
3 0.388 0.5253328125000001 0.384 0.4933328125 0.372 0.4933328125 0.37 0.536 0.388 0.5253328125000001
3 0.376 0.8800000000000001 0.368 0.8240000000000001 0.376 0.728 0.386 0.7226671875 0.38 0.5866671875 0.368 0.5386671875 0.33599999999999997 0.5173328125000001 0.33399999999999996 0.4426671875 0.306 0.4346671875 0.292 0.4506671875 0.288 0.472 0.296 0.4933328125 0.286 0.5253328125000001 0.27599999999999997 0.528 0.256 0.5653328125 0.256 0.7066671875 0.262 0.7466671875 0.286 0.7946671875 0.292 0.96 0.298 0.9866671874999999 0.318 0.9946671874999999 0.34199999999999997 0.952 0.392 0.96 0.372 0.9226671874999999 0.376 0.8800000000000001
3 0.182 0.6613328125 0.20400000000000001 0.6373328125 0.21400000000000002 0.5973328125 0.182 0.5466671875 0.158 0.536 0.154 0.4933328125 0.13999999999999999 0.4773328125 0.118 0.4853328125 0.10200000000000001 0.592 0.1 0.6639999999999999 0.11200000000000002 0.6826671875 0.124 0.776 0.124 0.8506671875 0.11200000000000002 0.8746671875 0.148 0.8640000000000001 0.16399999999999998 0.8773328125000001 0.184 0.8586671875 0.178 0.6799999999999999 0.182 0.6613328125
2 0.806 0.4586671875 0.806 0.4346671875 0.796 0.42133281250000004 0.776 0.42133281250000004 0.774 0.42400000000000004 0.786 0.4266671875 0.806 0.4586671875
2 0.644 0.4853328125 0.6799999999999999 0.496 0.708 0.4853328125 0.706 0.44800000000000006 0.6839999999999999 0.4266671875 0.654 0.4266671875 0.632 0.4506671875 0.63 0.4773328125 0.644 0.4853328125
2 0.5900000000000001 0.4906671875 0.608 0.488 0.592 0.48 0.5900000000000001 0.4906671875
2 0.564 0.4986671875 0.564 0.4826671875 0.548 0.4773328125 0.544 0.4933328125 0.564 0.4986671875
2 0.48200000000000004 0.4426671875 0.48200000000000004 0.45599999999999996 0.526 0.4933328125 0.526 0.43733281249999995 0.49800000000000005 0.43200000000000005 0.48200000000000004 0.4426671875
2 0.122 0.48 0.118 0.4986671875 0.134 0.4933328125 0.152 0.504 0.146 0.4773328125 0.122 0.48
2 0.29 0.45333281249999996 0.29 0.48 0.33799999999999997 0.46666718749999997 0.33599999999999997 0.44533281249999995 0.314 0.43200000000000005 0.29 0.45333281249999996
2 0.41600000000000004 0.4986671875 0.41 0.472 0.392 0.4693328125 0.388 0.4986671875 0.41600000000000004 0.4986671875
2 0.368 0.5013328125000001 0.382 0.496 0.37 0.4933328125 0.368 0.5013328125000001