0 0.484 0.45345312499999996 0.558 0.45045 0.5700000000000001 0.4324328125 0.562 0.3873875 0.546 0.3573578125 0.504 0.3483484375 0.48 0.384384375 0.47000000000000003 0.4354359375 0.484 0.45345312499999996
3 0.654 0.828828125 0.666 0.8018015625 0.638 0.75075 0.592 0.70570625 0.588 0.633634375 0.568 0.528528125 0.654 0.45345312499999996 0.674 0.4204203125 0.716 0.40240312500000003 0.708 0.384384375 0.724 0.3303296875 0.712 0.3303296875 0.702 0.36936874999999997 0.686 0.3873875 0.662 0.39339375 0.568 0.45945937499999995 0.558 0.45345312499999996 0.5660000000000001 0.4294296875 0.554 0.372371875 0.53 0.3513515625 0.5 0.3513515625 0.476 0.40840781249999997 0.47400000000000003 0.4324328125 0.48600000000000004 0.45045 0.47800000000000004 0.4624625 0.45599999999999996 0.6006 0.454 0.702703125 0.44000000000000006 0.8258265625 0.454 0.8798796875000001 0.44800000000000006 0.996996875 0.5559999999999999 0.996996875 0.562 0.840840625 0.554 0.771771875 0.576 0.75675625 0.64 0.828828125 0.654 0.828828125
3 0.41 0.61861875 0.388 0.5105109375 0.376 0.5045046875 0.384 0.4264265625 0.376 0.39339375 0.36 0.378378125 0.33999999999999997 0.378378125 0.32599999999999996 0.39339375 0.322 0.45345312499999996 0.33199999999999996 0.48048124999999997 0.32599999999999996 0.5045046875 0.284 0.5585578124999999 0.29 0.7237234375 0.302 0.76876875 0.302 0.8078078124999999 0.308 0.8108109375 0.31 0.921921875 0.302 0.996996875 0.382 0.996996875 0.41 0.783784375 0.404 0.7387390625 0.41 0.61861875
3 0.282 0.5645640625 0.292 0.525525 0.286 0.5015015625 0.274 0.4924921875 0.266 0.390390625 0.256 0.3603609375 0.238 0.3423421875 0.20800000000000002 0.3513515625 0.21200000000000002 0.40240312500000003 0.20600000000000002 0.4354359375 0.21600000000000003 0.47747812500000003 0.19 0.5075078125 0.20400000000000001 0.8228234375 0.194 0.990990625 0.274 0.996996875 0.292 0.78078125 0.27999999999999997 0.621621875 0.282 0.5645640625
3 0.202 0.834834375 0.21600000000000003 0.8138140625 0.21800000000000003 0.5795796875 0.21600000000000003 0.53153125 0.194 0.47147187500000004 0.20600000000000002 0.4354359375 0.20800000000000002 0.375375 0.186 0.321321875 0.16 0.321321875 0.136 0.3513515625 0.13 0.375375 0.13799999999999998 0.44744687499999997 0.13 0.46846875 0.126 0.8018015625 0.13799999999999998 0.8198203124999999 0.13799999999999998 0.840840625 0.126 0.8438437499999999 0.10800000000000001 0.9939937499999999 0.20400000000000001 0.996996875 0.2 0.8828828124999999 0.202 0.834834375
3 0 0.8378375 0.006 0.84985 0 0.996996875 0.10200000000000001 0.996996875 0.122 0.8438437499999999 0.132 0.615615625 0.13 0.47747812500000003 0.10400000000000001 0.372371875 0.132 0.3573578125 0.148 0.3333328125 0.16999999999999998 0.2672671875 0.162 0.21921875000000002 0.13799999999999998 0.16816875 0.094 0.16816875 0.06999999999999999 0.1981984375 0.057999999999999996 0.24024062499999999 0.06 0.303303125 0.026000000000000002 0.3333328125 0 0.3393390625 0 0.8378375
0 0.06 0.2612609375 0.078 0.225225 0.144 0.2372375 0.16599999999999998 0.2612609375 0.16799999999999998 0.24024062499999999 0.156 0.1921921875 0.126 0.159159375 0.094 0.16816875 0.062 0.21321249999999997 0.06 0.2612609375
0 0.16 0.384384375 0.20800000000000002 0.396396875 0.20600000000000002 0.3513515625 0.194 0.32432500000000003 0.158 0.31831875 0.126 0.366365625 0.13 0.396396875 0.16 0.384384375
0 0.21000000000000002 0.3483484375 0.21200000000000002 0.4174171875 0.268 0.39940000000000003 0.25 0.3513515625 0.23399999999999999 0.3423421875 0.21000000000000002 0.3483484375
0 0.376 0.390390625 0.356 0.372371875 0.324 0.3873875 0.322 0.45045 0.35 0.4204203125 0.382 0.4174171875 0.376 0.390390625
0 0.48 0.45645625 0.558 0.45045 0.5700000000000001 0.4324328125 0.5559999999999999 0.372371875 0.532 0.3513515625 0.502 0.3483484375 0.47800000000000004 0.3873875 0.47000000000000003 0.4354359375 0.48 0.45645625