2 0.944 0.297871875 0.954 0.3009125 0.9480000000000001 0.27963593750000004 0.944 0.297871875
3 0.958 0.3009125 0.944 0.27963593750000004 0.932 0.30699062499999996 0.932 0.38905781250000004 0.9380000000000001 0.3981765625 0.958 0.33130625 0.958 0.3009125
2 0.9199999999999999 0.3039515625 0.922 0.27659531249999997 0.9099999999999999 0.27659531249999997 0.9099999999999999 0.297871875 0.9199999999999999 0.3039515625
3 0.8939999999999999 0.3039515625 0.8939999999999999 0.39513750000000003 0.9019999999999999 0.3981765625 0.9199999999999999 0.27963593750000004 0.9099999999999999 0.27659531249999997 0.8939999999999999 0.3039515625
0 0.8220000000000001 0.288753125 0.828 0.27355625 0.8160000000000001 0.2674765625 0.8119999999999999 0.282675 0.8220000000000001 0.288753125
3 0.826 0.30699062499999996 0.828 0.2705171875 0.8119999999999999 0.27355625 0.8140000000000001 0.30699062499999996 0.826 0.30699062499999996
0 0.73 0.38905781250000004 0.72 0.3647421875 0.706 0.3799390625 0.708 0.40425468750000004 0.73 0.38905781250000004
3 0.6980000000000001 0.428571875 0.704 0.5957453125 0.714 0.6231 0.734 0.6200609375 0.738 0.5592703125 0.756 0.49544062499999997 0.75 0.4316109375 0.728 0.3981765625 0.722 0.36778125 0.708 0.3769 0.6980000000000001 0.428571875
0 0.688 0.48024374999999997 0.6940000000000001 0.437690625 0.6839999999999999 0.4407296875 0.682 0.4741640625 0.688 0.48024374999999997
3 0.688 0.5227968749999999 0.6940000000000001 0.4407296875 0.678 0.44376875 0.6799999999999999 0.51975625 0.688 0.5227968749999999
0 0.67 0.3981765625 0.658 0.3769 0.648 0.3769 0.636 0.39513750000000003 0.638 0.428571875 0.658 0.4407296875 0.67 0.3981765625
3 0.6679999999999999 0.410334375 0.662 0.382978125 0.646 0.3799390625 0.632 0.437690625 0.624 0.437690625 0.628 0.6048625000000001 0.64 0.6291796875 0.636 0.6869296874999999 0.654 0.7294828125 0.662 0.6990875 0.6599999999999999 0.617021875 0.678 0.5075984375 0.678 0.48024374999999997 0.6599999999999999 0.43465 0.6679999999999999 0.410334375
0 0.568 0.46200625000000006 0.5599999999999999 0.4893609375 0.5660000000000001 0.5075984375 0.576 0.5075984375 0.5860000000000001 0.468084375 0.568 0.46200625000000006
3 0.614 0.5471125 0.624 0.5106390625 0.618 0.48632187499999996 0.5940000000000001 0.46504531250000003 0.562 0.4741640625 0.568 0.5258359375 0.592 0.5471125 0.614 0.5471125
3 0.5519999999999999 0.468084375 0.532 0.44984843750000003 0.492 0.48024374999999997 0.488 0.4984796875 0.51 0.5835859375 0.55 0.5106390625 0.5519999999999999 0.468084375
0 0.466 0.3738609375 0.45999999999999996 0.41337343750000005 0.47400000000000003 0.43465 0.49000000000000005 0.392096875 0.484 0.3738609375 0.466 0.3738609375
3 0.46799999999999997 0.437690625 0.488 0.40425468750000004 0.484 0.3799390625 0.47400000000000003 0.3738609375 0.462 0.38601874999999997 0.43600000000000005 0.4407296875 0.43200000000000005 0.47112499999999996 0.438 0.693009375 0.45999999999999996 0.7051671875000001 0.454 0.6717328124999999 0.48200000000000004 0.6534953125 0.46799999999999997 0.6413375 0.466 0.6200609375 0.46799999999999997 0.5015203125000001 0.48 0.48024374999999997 0.46799999999999997 0.46504531250000003 0.46799999999999997 0.437690625
0 0.5559999999999999 0.48632187499999996 0.558 0.47112499999999996 0.546 0.4528875 0.542 0.4589671875 0.5559999999999999 0.48632187499999996