0 0.678 0.0703421875 0.6839999999999999 0.07604531249999999 0.702 0.0703421875 0.726 0.0817484375 0.738 0.07224375 0.732 0.043726562499999996 0.716 0.036121875 0.696 0.036121875 0.682 0.053231249999999994 0.678 0.0703421875
3 0.8 0.412546875 0.808 0.40684375 0.8019999999999999 0.3621671875 0.806 0.21863125 0.732 0.045628125000000005 0.696 0.0380234375 0.6799999999999999 0.0703421875 0.65 0.0950578125 0.646 0.119771875 0.6719999999999999 0.1444859375 0.702 0.15209062499999998 0.738 0.214828125 0.728 0.25095 0.738 0.2623578125 0.756 0.374525 0.746 0.3992390625 0.72 0.410646875 0.8 0.412546875
0 0.54 0.047528125 0.5700000000000001 0.055132812499999996 0.576 0.06654062499999999 0.572 0.0855515625 0.5820000000000001 0.08745312499999999 0.592 0.0627375 0.5900000000000001 0.0399234375 0.572 0.0247140625 0.542 0.0342203125 0.54 0.047528125
3 0.546 0.29467656249999996 0.544 0.21863125 0.5700000000000001 0.1482890625 0.5940000000000001 0.1463875 0.61 0.119771875 0.608 0.11026562499999999 0.58 0.1007609375 0.592 0.0589359375 0.5860000000000001 0.036121875 0.5740000000000001 0.026615624999999997 0.54 0.036121875 0.532 0.0589359375 0.504 0.0646390625 0.476 0.1216734375 0.47400000000000003 0.1692015625 0.49000000000000005 0.1692015625 0.49800000000000005 0.1863125 0.47400000000000003 0.2357421875 0.47400000000000003 0.2737640625 0.49800000000000005 0.28136875 0.48 0.3136875 0.48200000000000004 0.40114062500000003 0.532 0.40874531249999996 0.546 0.29467656249999996
0 0.322 0.6007609375 0.298 0.5722437499999999 0.27999999999999997 0.566540625 0.242 0.5722437499999999 0.21000000000000002 0.598859375 0.21200000000000002 0.6692015625 0.23199999999999998 0.6749046875 0.23399999999999999 0.7015203125 0.22799999999999998 0.7053234374999999 0.266 0.7300375 0.282 0.7300375 0.312 0.6901140625 0.318 0.6692015625 0.33999999999999997 0.6539921875 0.322 0.6007609375
0 0.122 0.724334375 0.11200000000000002 0.7053234374999999 0.086 0.693915625 0.066 0.6958171875 0.05600000000000001 0.707225 0.052000000000000005 0.7357421875 0.066 0.75095 0.122 0.724334375
3 0.052000000000000005 0.707225 0.044 0.7186312499999999 0.05600000000000001 0.74905 0.048 0.7794671875 0.057999999999999996 0.7794671875 0.08 0.75095 0.122 0.7281375 0.122 0.7205328125 0.11000000000000001 0.703421875 0.08 0.692015625 0.052000000000000005 0.707225
3 0.32 0.6654 0.33999999999999997 0.650190625 0.318 0.5950578125 0.294 0.5703421875 0.25 0.568440625 0.20800000000000002 0.5950578125 0.186 0.650190625 0.2 0.6654 0.20600000000000002 0.6958171875 0.2 0.707225 0.178 0.7205328125 0.086 0.7414453125 0.004 0.807984375 0 0.9410640625 0.016 0.97781875 0.016 0.9980984375 0.348 0.9961984375 0.35 0.9087453125 0.33999999999999997 0.8193921874999999 0.32799999999999996 0.792775 0.27999999999999997 0.7376421875 0.316 0.6882125 0.32 0.6654
0 0.776 0.7699625 0.756 0.7946765625000001 0.762 0.8498093750000001 0.8140000000000001 0.8707218749999999 0.8140000000000001 0.8612171875 0.8220000000000001 0.8612171875 0.844 0.8327 0.8460000000000001 0.806084375 0.8380000000000001 0.7813687500000001 0.82 0.7642578125 0.8019999999999999 0.7623578125 0.776 0.7699625
3 0.844 0.8250953125 0.842 0.790875 0.818 0.7642578125 0.786 0.766159375 0.762 0.7832703125 0.754 0.8003796875000001 0.758 0.8346 0.746 0.86501875 0.689090625 0.9211874999999999 0.672728125 0.9332874999999999 0.6745453125 0.97649375 0.6763640625 0.98859375 0.690909375 0.9980984375 0.76 0.9980984375 0.8800000000000001 0.9980984375 0.8480000000000001 0.9087453125 0.8119999999999999 0.880228125 0.844 0.8250953125
0 0.458 0.8193921874999999 0.45599999999999996 0.8422046875 0.48 0.8460078125000001 0.48200000000000004 0.8136875 0.46799999999999997 0.8098859375 0.458 0.8193921874999999
3 0.45 0.8460078125000001 0.45199999999999996 0.9695812500000001 0.46799999999999997 0.9771859375 0.49000000000000005 0.931559375 0.484 0.874525 0.492 0.8555140625 0.47800000000000004 0.8117875 0.466 0.8117875 0.45599999999999996 0.8250953125 0.45 0.8460078125000001
0 0.504 0.8403046875 0.506 0.8555140625 0.522 0.859315625 0.528 0.8536125 0.524 0.8288968750000001 0.504 0.8403046875
3 0.53 0.8365015625 0.514 0.8288968750000001 0.5 0.8479093750000001 0.496 0.922053125 0.512 0.933459375 0.538 0.9030421875 0.53 0.8365015625