3 0.145 0.8925000000000001 0.1516671875 0.8724999999999999 0.155 0.7825 0.14333281250000002 0.7825 0.13999999999999999 0.765 0.14833281250000002 0.6775 0.135 0.65 0.10500000000000001 0.6212500000000001 0.10500000000000001 0.5725 0.08666718749999999 0.5475 0.0616671875 0.5425 0.045 0.5650000000000001 0.045 0.605 0.0583328125 0.62 0.0583328125 0.6425 0.0316671875 0.6575 0.03 0.6875 0.0466671875 0.7675 0.0433328125 0.8550000000000001 0.0633328125 0.9949999999999999 0.15 0.9974999999999999 0.145 0.8925000000000001
3 0.205 0.7474999999999999 0.21000000000000002 0.6325000000000001 0.2166671875 0.6 0.23166718749999998 0.5825 0.24 0.5349999999999999 0.22333281249999998 0.49000000000000005 0.205 0.49000000000000005 0.19 0.5075000000000001 0.185 0.5575 0.1966671875 0.5825 0.17333281250000002 0.6174999999999999 0.1583328125 0.67 0.1566671875 0.7275 0.1616671875 0.755 0.1816671875 0.79 0.1816671875 0.8324999999999999 0.205 0.9925 0.23666718750000001 0.9974999999999999 0.23166718749999998 0.9075 0.22333281249999998 0.8800000000000001 0.22166718749999997 0.795 0.205 0.7474999999999999
3 0.3466671875 0.58 0.3583328125 0.54 0.3733328125 0.5325 0.36 0.45499999999999996 0.33999999999999997 0.4375 0.3166671875 0.44000000000000006 0.3033328125 0.4525 0.2883328125 0.4875 0.28666718750000003 0.5349999999999999 0.2616671875 0.5725 0.22000000000000003 0.595 0.2083328125 0.665 0.205 0.7325 0.24 0.9974999999999999 0.3766671875 0.9974999999999999 0.37 0.8 0.35 0.795 0.35 0.7575000000000001 0.3933328125 0.705 0.3816671875 0.6849999999999999 0.37 0.625 0.3466671875 0.58
3 0.41500000000000004 0.9974999999999999 0.5416671875 0.9974999999999999 0.545 0.9125 0.5366671875 0.8425 0.5433328125 0.82 0.5683328125 0.8125 0.5516671875 0.77 0.5466671875 0.72 0.5316671875 0.6675 0.5066671875 0.6375 0.5116671875 0.5974999999999999 0.525 0.5825 0.5266671875 0.5425 0.52 0.525 0.49666718750000005 0.5025000000000001 0.47000000000000003 0.525 0.45333281249999996 0.5575 0.4583328125 0.5725 0.4566671875 0.6275000000000001 0.445 0.6475 0.4233328125 0.655 0.40833281250000003 0.6975 0.42388906249999997 0.7 0.4433328125 0.72 0.425 0.7525000000000001 0.40833281250000003 0.76 0.40499999999999997 0.805 0.395 0.8125 0.39666718749999996 0.93 0.39833281249999997 0.9400000000000001 0.4116671875 0.9475 0.41500000000000004 0.9974999999999999
3 0.6783328125 0.9974999999999999 0.6866671875 0.93 0.6799999999999999 0.915 0.675 0.8550000000000001 0.6833328125 0.825 0.6916671875 0.82 0.6916671875 0.8025 0.6733328125 0.6775 0.635 0.5575 0.6366671875 0.52 0.6216671875 0.4925 0.6016671875 0.4925 0.5933328125 0.5025000000000001 0.5833328125 0.54 0.5916671874999999 0.595 0.5733328125 0.61 0.5650000000000001 0.6325000000000001 0.5633328125 0.6799999999999999 0.5716671875 0.7474999999999999 0.585 0.7424999999999999 0.595 0.7625 0.5816671875 0.7825 0.58 0.8150000000000001 0.5866671875 0.8724999999999999 0.5983328125 0.8975 0.61 0.9974999999999999 0.6783328125 0.9974999999999999
3 0.5633328125 0.6025 0.5466671875 0.5775 0.5483328125 0.54 0.5583328125 0.5325 0.54 0.48250000000000004 0.5166671875 0.47750000000000004 0.5 0.4925 0.4983328125 0.505 0.515 0.515 0.5266671875 0.5541671874999999 0.5266671875 0.5825 0.51 0.61 0.5083328125000001 0.63 0.5283328125 0.655 0.5483328125 0.7325 0.5650000000000001 0.62 0.5633328125 0.6025
0 0.0783328125 0.5425 0.06 0.5425 0.0466671875 0.5599999999999999 0.0466671875 0.6075 0.0983328125 0.5875 0.10500000000000001 0.5725 0.0783328125 0.5425
0 0.23666718750000001 0.5425 0.2383328125 0.5225 0.22000000000000003 0.4875 0.1983328125 0.495 0.1883328125 0.5125 0.1883328125 0.5650000000000001 0.21166718750000002 0.5675 0.23666718750000001 0.5425
0 0.2933328125 0.4925 0.3583328125 0.5375 0.3733328125 0.5349999999999999 0.3583328125 0.45 0.3416671875 0.4375 0.3233328125 0.4375 0.3 0.4575 0.29 0.47750000000000004 0.2933328125 0.4925
0 0.4583328125 0.5675 0.4933328125 0.5825 0.5233328125 0.58 0.525 0.5425 0.5166671875 0.52 0.4933328125 0.5075000000000001 0.47166718750000003 0.5225 0.45333281249999996 0.5549999999999999 0.4583328125 0.5675
0 0.5566671875 0.5325 0.545 0.4875 0.5366671875 0.48 0.515 0.47750000000000004 0.4983328125 0.495 0.49666718750000005 0.505 0.5233328125 0.53 0.5566671875 0.5325
0 0.6233328124999999 0.4925 0.605 0.49000000000000005 0.5916671874999999 0.505 0.58 0.54 0.6383328125000001 0.54 0.635 0.5125 0.6233328124999999 0.4925