3 0.27799999999999997 0.9369375 0.33999999999999997 0.915915625 0.322 0.903903125 0.302 0.852853125 0.308 0.6576578125 0.322 0.621621875 0.318 0.5015015625 0.3 0.44444375 0.268 0.4144140625 0.274 0.3453453125 0.26 0.303303125 0.238 0.297296875 0.22400000000000003 0.3123125 0.21600000000000003 0.3543546875 0.22599999999999998 0.40840781249999997 0.194 0.44744687499999997 0.192 0.4894890625 0.20400000000000001 0.528528125 0.22200000000000003 0.68168125 0.23199999999999998 0.70570625 0.22000000000000003 0.7447453125 0.22999999999999998 0.8798796875000001 0.244 0.9549546875000001 0.27 0.9789796875000001 0.27799999999999997 0.9759765625 0.27799999999999997 0.9369375
3 0.35 0.7297296875 0.348 0.6576578125 0.364 0.5765765625 0.354 0.51951875 0.358 0.4324328125 0.33999999999999997 0.390390625 0.344 0.375375 0.33599999999999997 0.3483484375 0.318 0.3453453125 0.308 0.36936874999999997 0.312 0.4054046875 0.298 0.4354359375 0.32 0.4954953125 0.32599999999999996 0.597596875 0.31 0.684684375 0.32599999999999996 0.7177171875 0.314 0.7477484375000001 0.32599999999999996 0.774775 0.34199999999999997 0.7627625 0.35 0.7297296875
3 0.454 0.609609375 0.446 0.4894890625 0.42800000000000005 0.39339375 0.434 0.321321875 0.40800000000000003 0.3123125 0.398 0.3303296875 0.39 0.3873875 0.374 0.39940000000000003 0.36 0.4294296875 0.36 0.546546875 0.38 0.615615625 0.40599999999999997 0.8798796875000001 0.41 0.8918921875000001 0.42400000000000004 0.8948953124999999 0.45 0.8558562500000001 0.47400000000000003 0.8558562500000001 0.45599999999999996 0.8258265625 0.45199999999999996 0.777778125 0.454 0.609609375
3 0.524 0.534534375 0.518 0.4354359375 0.49000000000000005 0.40840781249999997 0.488 0.3423421875 0.48 0.32732656250000003 0.454 0.3393390625 0.45 0.4054046875 0.438 0.4144140625 0.438 0.45945937499999995 0.45 0.5045046875 0.454 0.76876875 0.502 0.8228234375 0.512 0.8228234375 0.512 0.7957953125 0.524 0.76876875 0.514 0.6726734375000001 0.514 0.5875890625 0.524 0.534534375
3 0.504 0.3333328125 0.492 0.315315625 0.47400000000000003 0.31831875 0.472 0.32732656250000003 0.488 0.3423421875 0.49400000000000005 0.40240312500000003 0.504 0.3333328125
3 0.5900000000000001 0.384384375 0.5780000000000001 0.315315625 0.558 0.3303296875 0.5559999999999999 0.4054046875 0.548 0.4144140625 0.534 0.4954953125 0.53 0.5825828125 0.5700000000000001 0.7147140624999999 0.568 0.7627625 0.5780000000000001 0.7867875 0.5900000000000001 0.7867875 0.5860000000000001 0.6726734375000001 0.5599999999999999 0.45945937499999995 0.5700000000000001 0.4414421875 0.5700000000000001 0.4114109375 0.5900000000000001 0.384384375
3 0.718 0.4924921875 0.686 0.47147187500000004 0.662 0.4384390625 0.65 0.40240312500000003 0.628 0.384384375 0.606 0.315315625 0.588 0.31831875 0.5860000000000001 0.3573578125 0.5940000000000001 0.3873875 0.5700000000000001 0.4144140625 0.5559999999999999 0.45645625 0.562 0.5885890625 0.58 0.603603125 0.5900000000000001 0.765765625 0.602 0.8168171875000001 0.638 0.840840625 0.6519999999999999 0.60660625 0.646 0.5105109375 0.662 0.474475 0.712 0.5045046875 0.718 0.4924921875
0 0.274 0.3573578125 0.27 0.31831875 0.254 0.297296875 0.22999999999999998 0.3003 0.22000000000000003 0.321321875 0.21600000000000003 0.3513515625 0.242 0.3363359375 0.274 0.3573578125
0 0.344 0.378378125 0.33399999999999996 0.3453453125 0.31 0.3543546875 0.31 0.378378125 0.344 0.378378125
0 0.558 0.3333328125 0.5599999999999999 0.3633640625 0.58 0.3603609375 0.5820000000000001 0.31831875 0.5660000000000001 0.31831875 0.558 0.3333328125
2 0.40199999999999997 0.31831875 0.396 0.3633640625 0.404 0.3483484375 0.43600000000000005 0.3333328125 0.42400000000000004 0.3123125 0.40199999999999997 0.31831875
2 0.454 0.3393390625 0.454 0.366365625 0.45999999999999996 0.3543546875 0.48600000000000004 0.3543546875 0.47800000000000004 0.3303296875 0.454 0.3393390625
2 0.614 0.32732656250000003 0.604 0.3123125 0.588 0.315315625 0.588 0.3303296875 0.614 0.32732656250000003
2 0.504 0.3303296875 0.49400000000000005 0.315315625 0.47400000000000003 0.31831875 0.49400000000000005 0.396396875 0.504 0.3303296875
3 0.13999999999999999 0.852853125 0.142 0.996996875 0.198 0.996996875 0.20800000000000002 0.9369375 0.22400000000000003 0.61861875 0.2 0.51951875 0.16599999999999998 0.4384390625 0.16599999999999998 0.4234234375 0.184 0.396396875 0.172 0.297296875 0.126 0.28828906249999997 0.098 0.315315625 0.096 0.3483484375 0.11000000000000001 0.39339375 0.1 0.4384390625 0.078 0.47147187500000004 0.074 0.51951875 0.052000000000000005 0.6006 0.078 0.6606609375 0.10800000000000001 0.696696875 0.132 0.7927921875 0.13999999999999999 0.852853125
2 0.15647031250000001 0.31973281249999996 0.18 0.3108984375 0.16823593750000002 0.3003 0.1317640625 0.29146875 0.12941249999999999 0.28793437499999996 0.11647031249999999 0.29146875 0.1 0.298534375 0.09411875 0.332096875 0.10588125 0.3744921875 0.11529375 0.3744921875 0.12941249999999999 0.356828125 0.1364703125 0.356828125 0.15647031250000001 0.31973281249999996