2 0.140625 0.34228125 0.133928125 0.33221406249999996 0.109375 0.33221406249999996 0.09375 0.34228125 0.087053125 0.3557046875 0.0825890625 0.369128125 0.0825890625 0.37248281250000004 0.087053125 0.3791953125 0.0982140625 0.38255 0.1227671875 0.38255 0.125 0.38590625 0.1294640625 0.38590625 0.1361609375 0.3758390625 0.13839218749999999 0.3758390625 0.140625 0.34228125
3 0.1763390625 0.7248328125 0.16964218749999999 0.5939593750000001 0.14285781250000001 0.47986562499999996 0.1450890625 0.3926171875 0.133928125 0.33557031249999997 0.109375 0.33221406249999996 0.0915171875 0.34899375 0.0825890625 0.369128125 0.0892859375 0.426175 0.0424109375 0.4932890625 0.03125 0.5503359375 0.029017187500000003 0.65100625 0.037946875000000005 0.6677859374999999 0.055803124999999995 0.8154359375 0.0446421875 0.9966437499999999 0.109375 0.9966437499999999 0.1071421875 0.9161078125 0.1205359375 0.8959734375 0.133928125 0.7617453125 0.171875 0.748321875 0.1763390625 0.7248328125
2 0.337053125 0.38255 0.337053125 0.362415625 0.334821875 0.3557046875 0.3169640625 0.34228125 0.3080359375 0.34228125 0.3013390625 0.3456375 0.2924109375 0.3523484375 0.287946875 0.3590609375 0.2857140625 0.36577187499999997 0.290178125 0.37248281250000004 0.290178125 0.3758390625 0.287946875 0.38255 0.3147328125 0.362415625 0.321428125 0.362415625 0.3258921875 0.3758390625 0.3303578125 0.38255 0.337053125 0.38255
3 0.3303578125 0.439596875 0.3325890625 0.3590609375 0.303571875 0.3456375 0.287946875 0.362415625 0.2924109375 0.439596875 0.2522328125 0.476509375 0.23214218749999999 0.5805374999999999 0.234375 0.6677859374999999 0.243303125 0.6812078125000001 0.241071875 0.8456374999999999 0.227678125 0.9966437499999999 0.3236609375 0.9966437499999999 0.34375 0.899328125 0.3482140625 0.7583890625 0.3794640625 0.5838921874999999 0.3727671875 0.4865765625 0.3303578125 0.439596875
2 0.42633906250000003 0.3758390625 0.41741093749999997 0.3590609375 0.41071406250000003 0.3557046875 0.3950890625 0.3557046875 0.383928125 0.369128125 0.383928125 0.3791953125 0.381696875 0.38255 0.383928125 0.38926249999999996 0.3883921875 0.38255 0.3883921875 0.3791953125 0.399553125 0.36577187499999997 0.41964218750000004 0.3791953125 0.421875 0.3926171875 0.42633906250000003 0.3959734375 0.42633906250000003 0.3758390625
3 0.3883921875 0.362415625 0.3794640625 0.442953125 0.3638390625 0.45973125000000004 0.359375 0.9630875 0.381696875 0.9664421875 0.430803125 0.9328859375 0.43526718750000004 0.7684562500000001 0.428571875 0.5872484375 0.446428125 0.4630875 0.41964218750000004 0.43288593750000004 0.42633906250000003 0.3758390625 0.415178125 0.3590609375 0.3883921875 0.362415625
2 0.5044640625000001 0.38255 0.493303125 0.369128125 0.493303125 0.36577187499999997 0.477678125 0.362415625 0.459821875 0.3758390625 0.45089218750000004 0.38926249999999996 0.453125 0.399328125 0.459821875 0.3926171875 0.46875 0.3926171875 0.475446875 0.4127515625 0.48214218750000004 0.4194625 0.5044640625000001 0.41610781250000006 0.508928125 0.4127515625 0.508928125 0.3959734375 0.5044640625000001 0.38255
3 0.453125 0.3959734375 0.453125 0.44630937499999995 0.46651718750000004 0.483221875 0.44196406250000003 0.553690625 0.43526718750000004 0.6107375 0.44196406250000003 0.899328125 0.45535781249999996 0.9966437499999999 0.5022328125 0.9966437499999999 0.524553125 0.7751671875 0.5334828125 0.5268453125 0.5044640625000001 0.4496640625 0.506696875 0.38926249999999996 0.48883906250000003 0.36577187499999997 0.459821875 0.3758390625 0.453125 0.3959734375
2 0.584821875 0.399328125 0.5892859374999999 0.406040625 0.5915171875 0.4194625 0.5959828125 0.42281874999999997 0.5982140625000001 0.42281874999999997 0.600446875 0.41610781250000006 0.600446875 0.406040625 0.5959828125 0.38926249999999996 0.584821875 0.3758390625 0.5647328125 0.3758390625 0.5580359374999999 0.3791953125 0.5513390625000001 0.3926171875 0.5491078125 0.40268437500000004 0.5513390625000001 0.406040625 0.5513390625000001 0.41610781250000006 0.555803125 0.40939531249999994 0.5580359374999999 0.399328125 0.5647328125 0.3926171875 0.571428125 0.3926171875 0.5736609374999999 0.3959734375 0.5803578125 0.3959734375 0.584821875 0.399328125
3 0.600446875 0.5570468749999999 0.618303125 0.5033562500000001 0.609375 0.5033562500000001 0.59375 0.439596875 0.5982140625000001 0.399328125 0.5825890625000001 0.3758390625 0.553571875 0.38926249999999996 0.546875 0.45302031249999997 0.53125 0.46644218750000005 0.540178125 0.5335578125 0.53125 0.714765625 0.5357140625000001 0.899328125 0.5513390625000001 0.92058125 0.5580359374999999 0.9966437499999999 0.5892859374999999 0.9966437499999999 0.587053125 0.8154359375 0.600446875 0.7416109375 0.5915171875 0.65100625 0.600446875 0.5570468749999999
2 0.6852671875 0.442953125 0.6875 0.4362421875 0.6875 0.4295296875 0.6830359374999999 0.41610781250000006 0.671875 0.40268437500000004 0.662946875 0.40268437500000004 0.6607140625000001 0.399328125 0.65625 0.399328125 0.6540171875 0.40268437500000004 0.6450890625000001 0.40268437500000004 0.640625 0.406040625 0.6361609374999999 0.4127515625 0.6361609374999999 0.42281874999999997 0.6383921875 0.426175 0.647321875 0.41610781250000006 0.6540171875 0.4295296875 0.65625 0.4295296875 0.6607140625000001 0.4362421875 0.6607140625000001 0.439596875 0.665178125 0.442953125 0.6852671875 0.442953125
3 0.696428125 0.5134234375 0.678571875 0.476509375 0.6852671875 0.42281874999999997 0.6696421875 0.40268437500000004 0.6450890625000001 0.40268437500000004 0.6361609374999999 0.41610781250000006 0.631696875 0.5302015625000001 0.609375 0.6711406249999999 0.618303125 0.9362421875000001 0.6049109374999999 0.9966437499999999 0.6875 0.9966437499999999 0.6875 0.9865765625 0.6674109374999999 0.9798656250000001 0.665178125 0.9664421875 0.665178125 0.8087249999999999 0.680803125 0.7550328125 0.694196875 0.751678125 0.696428125 0.5134234375
2 0.828125 0.34899375 0.8236609375 0.33557031249999997 0.8169640625 0.325503125 0.8058031250000001 0.3187921875 0.7991078125 0.3187921875 0.796875 0.3154359375 0.7857140625000001 0.3154359375 0.7790171875 0.3187921875 0.7700890625000001 0.328859375 0.7678578125 0.328859375 0.758928125 0.34228125 0.756696875 0.34899375 0.756696875 0.3557046875 0.758928125 0.3590609375 0.7633921875 0.3557046875 0.772321875 0.3557046875 0.774553125 0.362415625 0.8058031250000001 0.36577187499999997 0.8236609375 0.36577187499999997 0.828125 0.3590609375 0.828125 0.34899375
3 0.8214281250000001 0.33221406249999996 0.8035718749999999 0.3187921875 0.7834828125 0.3187921875 0.765625 0.33221406249999996 0.756696875 0.3523484375 0.7611609374999999 0.4127515625 0.7522328125 0.442953125 0.7165171875 0.4630875 0.7053578125 0.47986562499999996 0.7008921875 0.5067109375000001 0.6986609374999999 0.6476515625 0.709821875 0.691275 0.709821875 0.751678125 0.8616078125 0.7550328125 0.8928578125 0.6778531250000001 0.8883921875 0.5637578125 0.8772328125 0.48993281250000004 0.8236609375 0.4362421875 0.828125 0.3557046875 0.8214281250000001 0.33221406249999996
3 0.9196421875 0.322146875 0.9107140625 0.33221406249999996 0.8973218749999999 0.38255 0.9040171875 0.476509375 0.8861609375 0.5268453125 0.8950890625 0.6644296875 0.8861609375 0.711409375 0.8705359375 0.751678125 0.9977671875 0.751678125 0.9977671875 0.520134375 0.9888390625 0.47986562499999996 0.9665171875 0.426175 0.9732140625 0.3523484375 0.9620531250000001 0.328859375 0.9196421875 0.322146875
2 0.9709828125 0.34228125 0.9665171875 0.33557031249999997 0.9665171875 0.33221406249999996 0.9575890625 0.325503125 0.9508921875 0.322146875 0.9397328125 0.322146875 0.9375 0.3187921875 0.9330359375 0.322146875 0.9174109375 0.322146875 0.9084828125 0.33557031249999997 0.90625 0.3456375 0.9107140625 0.3456375 0.9129468749999999 0.34228125 0.9352671875 0.3557046875 0.9352671875 0.362415625 0.9464281250000001 0.3758390625 0.9709828125 0.3758390625 0.9732140625 0.37248281250000004 0.9732140625 0.3523484375 0.9709828125 0.34228125