3 0.9339999999999999 0.4894890625 0.9179999999999999 0.4294296875 0.882 0.396396875 0.89 0.3423421875 0.876 0.31831875 0.8480000000000001 0.3333328125 0.8400000000000001 0.4054046875 0.8220000000000001 0.4264265625 0.8460000000000001 0.46846875 0.852 0.5105109375 0.828 0.546546875 0.8320000000000001 0.5985968749999999 0.8160000000000001 0.7987984375 0.8240000000000001 0.8108109375 0.836 0.7897890624999999 0.868 0.76876875 0.8880000000000001 0.78078125 0.9339999999999999 0.4894890625
3 0.8019999999999999 0.8618625 0.8119999999999999 0.684684375 0.828 0.63063125 0.8320000000000001 0.5375375 0.85 0.51951875 0.8480000000000001 0.4894890625 0.8400000000000001 0.44444375 0.8160000000000001 0.4354359375 0.8039999999999999 0.3453453125 0.78 0.3363359375 0.766 0.3543546875 0.76 0.4354359375 0.736 0.46546562500000005 0.742 0.6516515625 0.746 0.6696703125 0.762 0.68168125 0.736 0.8048046875000001 0.746 0.852853125 0.756 0.846846875 0.758 0.8318312499999999 0.8019999999999999 0.8618625
3 0.73 0.3423421875 0.716 0.3483484375 0.708 0.366365625 0.696 0.5045046875 0.708 0.603603125 0.688 0.7207203125 0.692 0.783784375 0.7 0.7897890624999999 0.744 0.6997 0.732 0.48048124999999997 0.752 0.4294296875 0.742 0.40840781249999997 0.746 0.3633640625 0.73 0.3423421875
3 0.696 0.546546875 0.696 0.5165171875000001 0.712 0.45345312499999996 0.704 0.4234234375 0.6799999999999999 0.40240312500000003 0.6810906250000001 0.3670453125 0.6715203125 0.33828593749999997 0.6552484375 0.33253125 0.65 0.3393390625 0.648 0.396396875 0.624 0.474475 0.63 0.5855859375 0.622 0.6486484375 0.626 0.8168171875000001 0.6519999999999999 0.8168171875000001 0.6839999999999999 0.834834375 0.682 0.7417421875 0.7 0.684684375 0.7 0.6396390625 0.712 0.63063125 0.696 0.546546875
3 0.626 0.5855859375 0.62 0.4924921875 0.644 0.40240312500000003 0.648 0.3513515625 0.638 0.2642640625 0.62 0.2792796875 0.624 0.3873875 0.5940000000000001 0.396396875 0.588 0.3483484375 0.5740000000000001 0.32732656250000003 0.558 0.3393390625 0.554 0.40240312500000003 0.538 0.4324328125 0.536 0.627628125 0.548 0.6426421875 0.558 0.7957953125 0.544 0.8558562500000001 0.5599999999999999 0.8618625 0.5780000000000001 0.840840625 0.5940000000000001 0.8708703124999999 0.608 0.8708703124999999 0.622 0.8138140625 0.626 0.5855859375
3 0.536 0.621621875 0.526 0.54354375 0.534 0.45645625 0.528 0.4324328125 0.51 0.4234234375 0.5 0.32732656250000003 0.48 0.321321875 0.46799999999999997 0.3363359375 0.47000000000000003 0.4114109375 0.438 0.44444375 0.44400000000000006 0.8768765625 0.45599999999999996 0.8858859375 0.476 0.840840625 0.49800000000000005 0.828828125 0.508 0.8708703124999999 0.532 0.8708703124999999 0.522 0.846846875 0.518 0.75675625 0.522 0.6606609375 0.536 0.621621875
3 0.418 0.7867875 0.426 0.753753125 0.426 0.6876875 0.438 0.6516515625 0.45199999999999996 0.6396390625 0.442 0.4924921875 0.43 0.44444375 0.40599999999999997 0.4204203125 0.404 0.3453453125 0.394 0.32732656250000003 0.378 0.321321875 0.362 0.3363359375 0.358 0.4234234375 0.32599999999999996 0.45345312499999996 0.314 0.5075078125 0.306 0.633634375 0.318 0.6546546875 0.34199999999999997 0.903903125 0.356 0.909909375 0.372 0.8708703124999999 0.372 0.8258265625 0.396 0.8258265625 0.398 0.840840625 0.42400000000000004 0.8318312499999999 0.418 0.7867875
3 0.31355625 0.7712078124999999 0.31355625 0.7122499999999999 0.3192984375 0.6820234375 0.31451250000000003 0.6575765625 0.304 0.597596875 0.302 0.5615609375 0.322 0.45345312499999996 0.352 0.4174171875 0.344 0.4054046875 0.338440625 0.395859375 0.3298265625 0.3886671875 0.337484375 0.367096875 0.33557031249999997 0.3383359375 0.3192984375 0.30670000000000003 0.297284375 0.3138921875 0.28867031249999997 0.344090625 0.294 0.384384375 0.274 0.384384375 0.258 0.3573578125 0.252 0.3003 0.238 0.297296875 0.238 0.36936874999999997 0.27 0.45345312499999996 0.27999999999999997 0.525525 0.27799999999999997 0.6636640625 0.2810140625 0.776934375 0.28675625 0.8416453125000001 0.27239843750000003 0.879059375 0.29345625000000003 0.8819343749999999 0.3125984375 0.844546875 0.31355625 0.7712078124999999
3 0.21800000000000003 0.8738734375 0.22599999999999998 0.909909375 0.246 0.9069062499999999 0.254 0.6872578125000001 0.27599999999999997 0.63063125 0.27799999999999997 0.528528125 0.27 0.46846875 0.248 0.4054046875 0.22200000000000003 0.390390625 0.22400000000000003 0.321321875 0.21200000000000002 0.28828906249999997 0.18 0.29129062499999997 0.172 0.315315625 0.172 0.378378125 0.134 0.4354359375 0.12 0.5045046875 0.118 0.6126125 0.126 0.6456453125 0.15 0.675675 0.158 0.75075 0.15 0.9189187499999999 0.15 0.9459453124999999 0.156 0.9489484375 0.172 0.939940625 0.194 0.8618625 0.21800000000000003 0.8738734375
3 0.313521875 0.26527968749999997 0.33666874999999996 0.23547500000000002 0.362 0.1981984375 0.362 0.1771765625 0.344 0.16816875 0.322 0.2072078125 0.298 0.21621562499999997 0.282 0.14414375 0.26 0.1291296875 0.25 0.147146875 0.246 0.2102109375 0.21800000000000003 0.2372375 0.21600000000000003 0.28828906249999997 0.22799999999999998 0.3393390625 0.236 0.32432500000000003 0.252 0.32432500000000003 0.264 0.366365625 0.27799999999999997 0.378378125 0.288 0.3633640625 0.298 0.3123125 0.314 0.30630625 0.313521875 0.26527968749999997
3 0.2 0.1861859375 0.196 0.10510468749999999 0.186 0.084084375 0.16999999999999998 0.08108125000000001 0.156 0.096096875 0.154 0.15015 0.124 0.1891890625 0.11399999999999999 0.234234375 0.11000000000000001 0.3363359375 0.124 0.375375 0.152 0.40240312500000003 0.172 0.372371875 0.16799999999999998 0.32732656250000003 0.176 0.29429375 0.21400000000000002 0.2792796875 0.22400000000000003 0.21921875000000002 0.21400000000000002 0.1921921875 0.2 0.1861859375
0 0.184 0.084084375 0.16799999999999998 0.08108125000000001 0.154 0.0990984375 0.154 0.12012031249999999 0.196 0.1291296875 0.196 0.10810781249999998 0.184 0.084084375
0 0.27599999999999997 0.135134375 0.26 0.1291296875 0.252 0.1381375 0.248 0.1741734375 0.258 0.165165625 0.29 0.16816875 0.27599999999999997 0.135134375
0 0.22400000000000003 0.32732656250000003 0.22200000000000003 0.30630625 0.20600000000000002 0.2852859375 0.18 0.29129062499999997 0.172 0.315315625 0.172 0.3363359375 0.188 0.321321875 0.22400000000000003 0.32732656250000003
0 0.32 0.3123125 0.3 0.3123125 0.292 0.32732656250000003 0.292 0.3603609375 0.314 0.3453453125 0.33199999999999996 0.3543546875 0.32 0.3123125
0 0.388 0.321321875 0.368 0.32432500000000003 0.358 0.3483484375 0.358 0.372371875 0.40599999999999997 0.36936874999999997 0.4 0.3363359375 0.388 0.321321875
0 0.508 0.3603609375 0.496 0.321321875 0.46799999999999997 0.3333328125 0.47000000000000003 0.36936874999999997 0.508 0.3603609375
0 0.554 0.3453453125 0.5519999999999999 0.366365625 0.588 0.3633640625 0.5780000000000001 0.3333328125 0.562 0.3333328125 0.554 0.3453453125
0 0.65 0.3363359375 0.65 0.375375 0.67 0.3603609375 0.678 0.366365625 0.67 0.3423421875 0.65 0.3363359375
0 0.764 0.3603609375 0.764 0.38138125 0.8099999999999999 0.378378125 0.806 0.3483484375 0.79 0.3333328125 0.764 0.3603609375
0 0.712 0.3543546875 0.708 0.375375 0.748 0.38138125 0.738 0.3483484375 0.724 0.3423421875 0.712 0.3543546875
0 0.876 0.31831875 0.8619999999999999 0.31831875 0.8460000000000001 0.3393390625 0.8480000000000001 0.3603609375 0.89 0.3633640625 0.89 0.3363359375 0.876 0.31831875
0 0.4421875 0.309375 0.4296875 0.3265625 0.4296875 0.346875 0.4625 0.346875 0.465625 0.3421875 0.4625 0.3171875 0.453125 0.309375 0.4421875 0.309375
0 0.528125 0.3171875 0.521875 0.325 0.515625 0.3421875 0.5203125 0.36875 0.546875 0.3609375 0.5546875 0.340625 0.5421875 0.315625 0.528125 0.3171875
0 0.5984375 0.353125 0.61875 0.346875 0.6203125 0.321875 0.6109375 0.3234375 0.6 0.3359375 0.5984375 0.353125
3 0.390325 0.325071875 0.40672387812500005 0.35377727812500004 0.40032500000000004 0.322571875 0.4078234375 0.28173125 0.4153234375 0.26339375 0.39115937500000003 0.25255937500000003 0.38199375 0.2683953125 0.38615937499999997 0.2984015625 0.3760421875 0.32 0.390325 0.325071875
3 0.443653125 0.3042359375 0.43365312500000003 0.3175703125 0.4294875 0.34257499999999996 0.4294875 0.35424375 0.4294875 0.37841562500000003 0.40816008125 0.3562912796875 0.41032343750000005 0.36007812499999997 0.4078234375 0.42175624999999994 0.422821875 0.43925937499999995 0.43532031250000003 0.44009375000000006 0.47448281249999996 0.41925625 0.4761484375 0.38925 0.46864999999999996 0.35174375 0.46864999999999996 0.3209046875 0.443653125 0.3042359375
3 0.54780625 0.392584375 0.561971875 0.35341093749999997 0.55530625 0.335075 0.5411406249999999 0.3192375 0.5244765625000001 0.3150703125 0.5186437500000001 0.335075 0.522809375 0.37841562500000003 0.5294749999999999 0.399253125 0.509375 0.398125 0.5069781250000001 0.41258906250000005 0.5178109375 0.4350921875 0.5328078125 0.4384265625 0.55030625 0.41342187499999994 0.54780625 0.392584375
3 0.5969671875 0.337575 0.5928015624999999 0.37174687500000003 0.60625 0.3897921875 0.6194640625 0.39341875000000004 0.6269640625 0.37758125 0.6244640625 0.33840781249999996 0.6136328125 0.3125703125 0.5969671875 0.337575