0 0.8106140625 0.40036250000000007 0.7969734374999999 0.4214515625 0.7833359375 0.4252859375 0.785934375 0.4348703125 0.800871875 0.4387046875 0.8190578125 0.44828906249999995 0.8430875 0.4626671875 0.8554281250000001 0.4818375 0.8671421875 0.49633593749999994 0.8781593750000001 0.49525625 0.8723140624999999 0.4760859375 0.8762125 0.4617078125 0.8762125 0.44349531249999996 0.8736140625000001 0.41090625000000003 0.8599734375000001 0.3946109375 0.8469843750000001 0.3840671875 0.8294484375 0.38215 0.8106140625 0.40036250000000007
0 0.5566687499999999 0.41378125 0.5618624999999999 0.4339109375 0.5614281250000001 0.43207031249999994 0.5832953125 0.419534375 0.6040796875 0.41090625000000003 0.6255124999999999 0.39556874999999997 0.628759375 0.38694375000000003 0.6183687499999999 0.3811921875 0.6086265625 0.3658546875 0.5884921875 0.3572296875 0.57160625 0.364896875 0.55536875 0.387903125 0.5566687499999999 0.41378125
0 0.4637921875 0.25846562500000003 0.45339999999999997 0.255590625 0.43326562500000004 0.26709375 0.42742031249999995 0.2843453125 0.4257140625 0.30143437500000003 0.43261562500000006 0.2881796875 0.44430781250000007 0.2862625 0.46184375 0.2920140625 0.473534375 0.304475 0.4780796875 0.32172812500000003 0.48262656249999997 0.3121453125 0.480028125 0.2862625 0.473534375 0.2699671875 0.4637921875 0.25846562500000003
0 0.3292859375 0.32461406249999997 0.35079531249999996 0.3407203125 0.366384375 0.3263390625 0.373528125 0.297584375 0.365734375 0.2764953125 0.3488484375 0.2640359375 0.3319625 0.2640359375 0.3228703125 0.270746875 0.3209203125 0.2908765625 0.318971875 0.3129203125 0.3292859375 0.32461406249999997
0 0.22285 0.32825625 0.24363125000000002 0.336884375 0.256621875 0.3493453125 0.26571406249999996 0.34646875 0.26506562499999997 0.3225078125 0.255971875 0.29950156250000004 0.2358375 0.2947078125 0.21960156249999999 0.305253125 0.215 0.3235578125 0.22285 0.32825625
0 0.06762343750000001 0.4030234375 0.09035625 0.39151875 0.1007484375 0.386728125 0.09555156249999999 0.3761828125 0.08256250000000001 0.365640625 0.070221875 0.36372343749999997 0.05658125000000001 0.3752234375 0.0520359375 0.3886453125 0.053571875000000005 0.40467812500000006 0.06762343750000001 0.4030234375
3 0.078 0.805309375 0.098 0.7404124999999999 0.092 0.7256640625 0.1 0.687315625 0.092 0.6843656250000001 0.092 0.6725656250000001 0.10600000000000001 0.6519171874999999 0.10800000000000001 0.551621875 0.126 0.46607656249999996 0.124 0.43657812500000004 0.098 0.41002968749999996 0.1 0.3923296875 0.08399999999999999 0.36873125 0.038 0.37758125 0.022 0.4070796875 0.026000000000000002 0.433628125 0.057999999999999996 0.4690265625 0.068 0.5132749999999999 0.068 0.5427734375 0.052000000000000005 0.5988203125 0.054000000000000006 0.7138640625 0.048 0.7463124999999999 0.054000000000000006 0.7492625 0.05600000000000001 0.8082593749999999 0.078 0.805309375
3 0.27999999999999997 0.42772812499999996 0.262 0.41002968749999996 0.25 0.38643125 0.256 0.3333328125 0.246 0.300884375 0.24 0.306784375 0.21800000000000003 0.2890859375 0.20400000000000001 0.2949859375 0.188 0.324484375 0.198 0.492625 0.18 0.5339234375 0.16999999999999998 0.6784656250000001 0.16599999999999998 0.7935109375 0.24 0.7846609375 0.23199999999999998 0.7522125 0.264 0.6489671875 0.262 0.566371875 0.25 0.510325 0.266 0.4778765625 0.27799999999999997 0.4749265625 0.294 0.424778125 0.27999999999999997 0.42772812499999996
3 0.296 0.799409375 0.33399999999999996 0.805309375 0.354 0.7935109375 0.364 0.7551625 0.388 0.4011796875 0.382 0.33923281250000004 0.36 0.2713859375 0.29 0.2654875 0.302 0.324484375 0.32 0.35693281250000003 0.324 0.46607656249999996 0.312 0.507375 0.308 0.62536875 0.32 0.7168140625 0.318 0.7610625 0.31 0.7758109375 0.284 0.7876109375 0.296 0.799409375
3 0.426 0.693215625 0.422 0.7787609375 0.40599999999999997 0.8466078125 0.43 0.8643062499999999 0.462 0.7964609375 0.46799999999999997 0.7109140625 0.504 0.5368734374999999 0.504 0.439528125 0.49400000000000005 0.41887968750000004 0.49400000000000005 0.37758125 0.484 0.37168125 0.47800000000000004 0.3480828125 0.47800000000000004 0.297934375 0.46399999999999997 0.2625375 0.438 0.2625375 0.43200000000000005 0.2920359375 0.404 0.2920359375 0.38 0.2507375 0.366 0.25663749999999996 0.376 0.300884375 0.438 0.37758125 0.41600000000000004 0.45427656250000004 0.438 0.4808265625 0.434 0.5398234375000001 0.376 0.563421875 0.362 0.5988203125 0.382 0.6548671875000001 0.396 0.675515625 0.426 0.693215625
3 0.622 0.5339234375 0.6519999999999999 0.5221234375 0.6599999999999999 0.504425 0.648 0.4808265625 0.638 0.4837765625 0.622 0.46607656249999996 0.622 0.4070796875 0.61 0.37463125 0.592 0.35988125000000004 0.562 0.38053125 0.5519999999999999 0.42772812499999996 0.558 0.445428125 0.548 0.4572265625 0.5599999999999999 0.62831875 0.558 0.7286140624999999 0.576 0.814159375 0.542 0.9882 0.544 0.99705 0.58 0.99705 0.592 0.9675515625 0.63 0.9203546875 0.642 0.8554578125000001 0.622 0.5339234375
3 0.8019999999999999 0.99705 0.85 0.9941000000000001 0.8400000000000001 0.9587015624999999 0.8560000000000001 0.9321531249999999 0.8779999999999999 0.9675515625 0.89 0.9646015625000001 0.908 0.8908546875000001 0.9039999999999999 0.8200593749999999 0.9199999999999999 0.7728609375 0.9099999999999999 0.7404124999999999 0.9039999999999999 0.6489671875 0.8859999999999999 0.5988203125 0.884 0.504425 0.8720000000000001 0.4690265625 0.868 0.4070796875 0.8320000000000001 0.38643125 0.8019999999999999 0.4129796875 0.736 0.6076703125 0.742 0.64011875 0.768 0.64011875 0.774 0.6578171875 0.794 0.6519171874999999 0.808 0.6607671875000001 0.8119999999999999 0.7728609375 0.718 0.823009375 0.706 0.8495578125 0.714 0.88790625 0.8019999999999999 0.99705
3 0.18 0.5280234375 0.194 0.492625 0.176 0.3510328125 0.148 0.34218281250000004 0.122 0.3510328125 0.11399999999999999 0.36578125 0.126 0.4719765625 0.11000000000000001 0.551621875 0.10600000000000001 0.6519171874999999 0.08399999999999999 0.6637171875 0.10600000000000001 0.7256640625 0.1 0.7581125 0.10600000000000001 0.7964609375 0.142 0.7728609375 0.174 0.6076703125 0.18 0.5280234375