3 0.856459375 0.784 0.856459375 0.8160000000000001 0.8755984375000001 0.808 0.887559375 0.768 0.9162671874999999 0.372 0.9114828125000001 0.244 0.89234375 0.20800000000000002 0.89234375 0.136 0.8755984375000001 0.092 0.8373203124999999 0.10400000000000001 0.8014359375 0.256 0.7990437499999999 0.32799999999999996 0.7799046875 0.43600000000000005 0.782296875 0.45999999999999996 0.7990437499999999 0.46399999999999997 0.8014359375 0.592 0.8157890625 0.724 0.79665 0.8 0.8157890625 0.8039999999999999 0.8397125000000001 0.772 0.856459375 0.784
2 0.026315625 0.06 0.0239234375 0.072 0.0239234375 0.1 0.0430625 0.10400000000000001 0.0717703125 0.088 0.07416249999999999 0.08399999999999999 0.07416249999999999 0.068 0.06459375 0.052000000000000005 0.05263125 0.044 0.0358859375 0.048 0.026315625 0.06
3 0 0.38 0.0119625 0.46799999999999997 0.0119625 0.7 0.0191390625 0.764 0.0358859375 0.768 0.112440625 0.744 0.1028703125 0.368 0.11483281249999999 0.364 0.117225 0.312 0.1100484375 0.304 0.11961718750000001 0.23199999999999998 0.0837328125 0.196 0.0717703125 0.144 0.0717703125 0.064 0.05263125 0.044 0.026315625 0.064 0.0239234375 0.12 0 0.192 0 0.38
2 0.21291875 0.044 0.2105265625 0.036 0.20095625 0.028000000000000004 0.1794265625 0.028000000000000004 0.17224843750000002 0.032 0.165071875 0.044 0.1626796875 0.05600000000000001 0.1626796875 0.076 0.1674640625 0.072 0.1842109375 0.072 0.186603125 0.076 0.19377968750000002 0.076 0.196171875 0.072 0.20813437499999998 0.072 0.21291875 0.05600000000000001 0.21291875 0.044
3 0.2057421875 0.528 0.2224875 0.492 0.23684218750000002 0.40800000000000003 0.2272734375 0.284 0.2057421875 0.172 0.21531093750000002 0.128 0.20813437499999998 0.036 0.18181875 0.028000000000000004 0.1674640625 0.04 0.12918593750000001 0.16399999999999998 0.122009375 0.252 0.117225 0.45599999999999996 0.143540625 0.572 0.15550312500000002 0.8240000000000001 0.21770312500000003 0.844 0.2272734375 0.8320000000000001 0.21531093750000002 0.82 0.2272734375 0.78 0.1985640625 0.772 0.19377968750000002 0.704 0.2057421875 0.528
2 0.29904375 0.072 0.29664999999999997 0.064 0.291865625 0.05600000000000001 0.291865625 0.052000000000000005 0.282296875 0.044 0.2679421875 0.044 0.2583734375 0.052000000000000005 0.2535890625 0.06 0.248803125 0.076 0.248803125 0.092 0.2535890625 0.1 0.260765625 0.1 0.26555 0.08399999999999999 0.2751203125 0.076 0.2942578125 0.076 0.29664999999999997 0.088 0.29904375 0.088 0.29904375 0.072
3 0.3062203125 0.22000000000000003 0.33014375 0.176 0.3062203125 0.13999999999999999 0.29664999999999997 0.072 0.2799046875 0.044 0.2535890625 0.064 0.251196875 0.13999999999999999 0.2320578125 0.16399999999999998 0.2248796875 0.24 0.251196875 0.40533125 0.2631578125 0.6759999999999999 0.2775125 0.712 0.3062203125 0.72 0.32296718750000003 0.7 0.32296718750000003 0.576 0.2894734375 0.532 0.2894734375 0.508 0.3062203125 0.22000000000000003
2 0.4282296875 0.08 0.4330140625 0.08 0.43540625000000005 0.076 0.43779843749999997 0.064 0.43779843749999997 0.04 0.4258375 0.02 0.41148281249999996 0.008 0.3947375 0.008 0.39234375 0.012 0.3851671875 0.012 0.37320625 0.024 0.3708140625 0.036 0.3708140625 0.064 0.37320625 0.064 0.37320625 0.052000000000000005 0.3803828125 0.036 0.3947375 0.024 0.4162671875 0.05600000000000001 0.4234453125 0.072 0.4234453125 0.076 0.4282296875 0.08
3 0.461721875 0.58 0.4569375 0.516 0.44258437500000003 0.492 0.452153125 0.45199999999999996 0.45932968750000003 0.284 0.4569375 0.18 0.4234453125 0.132 0.43540625000000005 0.076 0.43540625000000005 0.04 0.4258375 0.024 0.39952187499999997 0.008 0.37320625 0.028000000000000004 0.36124375 0.16799999999999998 0.33783124999999997 0.187546875 0.3078359375 0.23422187499999997 0.3053359375 0.37341406250000003 0.297003125 0.46593125 0.28950468749999997 0.541778125 0.3186671875 0.5667828125 0.3328328125 0.5126062499999999 0.351675 0.5599999999999999 0.40430625 0.844 0.38995156249999996 0.9279999999999999 0.40191406250000006 0.952 0.40430625 0.9960000000000001 0.43779843749999997 0.9960000000000001 0.461721875 0.58
2 0.495215625 0.012 0.49043125 0.016 0.48325312499999995 0.032 0.4808609375 0.04 0.4856453125 0.044 0.4856453125 0.04 0.49043125 0.032 0.50956875 0.032 0.516746875 0.048 0.52153125 0.048 0.52153125 0.028000000000000004 0.50956875 0.012 0.495215625 0.012
3 0.5119625 0.21200000000000002 0.5430625 0.128 0.52153125 0.028000000000000004 0.5071765625 0.012 0.4856453125 0.028000000000000004 0.4856453125 0.05600000000000001 0.4569375 0.152 0.49043125 0.58 0.4880375 0.6559999999999999 0.5023921875 0.6559999999999999 0.5191390625000001 0.62 0.5191390625000001 0.46799999999999997 0.49760781249999997 0.44400000000000006 0.5 0.352 0.5119625 0.21200000000000002
2 0.617225 0.128 0.6363640625 0.124 0.6387562499999999 0.12 0.6387562499999999 0.10400000000000001 0.6339718750000001 0.08399999999999999 0.6315796875 0.076 0.6244015625 0.068 0.617225 0.068 0.6148328125 0.064 0.59569375 0.064 0.5933015625 0.06 0.5885171875 0.06 0.586125 0.064 0.578946875 0.064 0.569378125 0.072 0.56459375 0.08 0.56459375 0.088 0.569378125 0.10800000000000001 0.5717703125 0.10800000000000001 0.5717703125 0.1 0.578946875 0.088 0.5837328125 0.088 0.586125 0.08399999999999999 0.59569375 0.08399999999999999 0.617225 0.128
3 0.6602875 0.944 0.6626796875000001 0.7582234375 0.6937796875 0.41200000000000003 0.6937796875 0.312 0.6842109375 0.24 0.6411484375 0.184 0.6339718750000001 0.096 0.6196171875 0.068 0.5909093750000001 0.06 0.569378125 0.08 0.5669859374999999 0.16 0.5765546875 0.20800000000000002 0.5478468750000001 0.244 0.5358859375 0.392 0.5430625 0.40800000000000003 0.5358859375 0.9279999999999999 0.50956875 0.9560000000000001 0.5287078125 0.968 0.578946875 0.9560000000000001 0.5813390625 0.944 0.6148328125 0.968 0.6148328125 0.9960000000000001 0.6459328125 0.9960000000000001 0.6602875 0.944
2 0.8755984375000001 0.092 0.8684203125 0.092 0.866028125 0.088 0.8492828125 0.092 0.834928125 0.10400000000000001 0.8301437500000001 0.12 0.8325359375 0.132 0.8373203124999999 0.128 0.8511031250000001 0.1217015625 0.8684203125 0.144 0.8727671875 0.164209375 0.8777671874999999 0.21005156249999998 0.8885984375 0.196715625 0.8935984375 0.135871875 0.8803828125000001 0.1 0.8755984375000001 0.092
3 0.9449765625 0.288 0.93540625 0.124 0.913875 0.044 0.8995218749999999 0.04 0.887559375 0.052000000000000005 0.8803828125000001 0.088 0.89234375 0.136 0.89234375 0.2 0.9162671874999999 0.284 0.9162671874999999 0.41200000000000003 0.90430625 0.496 0.9066984375 0.612 0.913875 0.608 0.9282296875 0.392 0.9449765625 0.288
2 0.887559375 0.052000000000000005 0.8851671874999999 0.06 0.8851671874999999 0.072 0.8899515625 0.08 0.8971296875 0.076 0.8971296875 0.072 0.921053125 0.064 0.9186609375 0.048 0.9114828125000001 0.04 0.8971296875 0.04 0.887559375 0.052000000000000005
3 0.575 0.2 0.565625 0.159375 0.5703125 0.0953125 0.565625 0.0890625 0.5734375 0.0703125 0.5890625 0.059375 0.5890625 0.0515625 0.5796875 0.04375 0.5640625 0.046875 0.5546875 0.059375 0.5515625 0.096875 0.55625 0.109375 0.5484375 0.121875 0.55 0.140625 0.5171875 0.1890625 0.5 0.328125 0.5 0.4515625 0.5171875 0.4703125 0.5265625 0.4921875 0.5328125 0.5484375 0.56875 0.215625 0.575 0.2
2 0.55625 0.0515625 0.5546875 0.0578125 0.5765625 0.05 0.5875 0.0546875 0.5890625 0.046875 0.5703125 0.040625 0.55625 0.0515625