3 0.906 0.6239546875 0.9259999999999999 0.6072421875 0.944 0.565459375 0.944 0.5459609375000001 0.9339999999999999 0.48189374999999995 0.9119999999999999 0.4150421875 0.844 0.35376093750000004 0.8400000000000001 0.259053125 0.8 0.2562671875 0.77 0.2813375 0.766 0.3175484375 0.774 0.3927578125 0.742 0.43175468749999996 0.728 0.512534375 0.726 0.548746875 0.756 0.5961000000000001 0.738 0.688021875 0.728 0.9972140625 0.876 0.9972140625 0.8939999999999999 0.749303125 0.8939999999999999 0.7186625 0.882 0.71030625 0.884 0.662953125 0.906 0.6239546875
3 0.5476109375 0.7705656249999999 0.5780000000000001 0.9526468749999999 0.584 0.9972140625 0.626 0.9972140625 0.63 0.9721453125 0.62 0.891365625 0.626 0.7520890625 0.644 0.7130921875 0.648 0.58774375 0.62 0.4039 0.608 0.381615625 0.5519999999999999 0.35376093750000004 0.5599999999999999 0.28969374999999997 0.542 0.2423390625 0.506 0.23676875000000003 0.48600000000000004 0.267409375 0.49400000000000005 0.3788296875 0.466 0.39832812500000003 0.454 0.42339843750000006 0.43200000000000005 0.5961000000000001 0.43 0.654596875 0.44000000000000006 0.7353765625 0.44800000000000006 0.754875 0.46399999999999997 0.754875 0.476 0.7715875 0.49400000000000005 0.86908125 0.49800000000000005 0.9972140625 0.542 0.9972140625 0.546 0.9415046874999999 0.5476109375 0.7705656249999999
3 0.318471875 0.760459375 0.329303125 0.85714375 0.33846875 0.9984375 0.3768328125 0.9984375 0.3768328125 0.7035125 0.3948328125 0.6868000000000001 0.3768328125 0.5168828125 0.3908328125 0.5001703125 0.3908328125 0.48067187499999997 0.3628328125 0.3943203125 0.3128328125 0.3553234375 0.3208328125 0.316325 0.3168328125 0.2578296875 0.3048328125 0.2411171875 0.2768328125 0.2355453125 0.2508328125 0.260615625 0.2648328125 0.3525375 0.2188328125 0.399890625 0.2108328125 0.444459375 0.23683281250000002 0.7675796874999999 0.2588328125 0.9152109375 0.2648328125 0.9904203125000001 0.2668328125 0.9984375 0.3118046875 0.9984375 0.3076390625 0.87798125 0.318471875 0.760459375
3 0.2076515625 0.9984375 0.22799999999999998 0.76323125 0.21600000000000003 0.495821875 0.20400000000000001 0.4178265625 0.178 0.3621171875 0.198 0.29805000000000004 0.202 0.25348125 0.182 0.19777187499999999 0.13799999999999998 0.1810578125 0.10600000000000001 0.20334218750000002 0.10200000000000001 0.2701953125 0.11000000000000001 0.3091921875 0.09 0.3676875 0.062 0.38997187499999997 0.048 0.4150421875 0.04 0.4846796875 0.038 0.601671875 0.05600000000000001 0.65738125 0.076 0.7715875 0.06999999999999999 0.8272984375 0.072 0.8384406249999999 0.09933125000000001 0.8814187499999999 0.09849843750000001 0.931428125 0.0793328125 0.9984375 0.1643234375 0.9984375 0.2076515625 0.9984375
3 0.908 0.4039 0.952 0.5376046875 0.958 0.5320328125 0.958 0.459609375 0.952 0.44846718750000003 0.976 0.3760453125 0.966 0.3565453125 0.9380000000000001 0.34818906250000003 0.9099999999999999 0.3871859375 0.908 0.4039
3 0.972559375 0.2538046875 0.9733921875 0.30298125 0.9917234374999999 0.3154828125 0.9942234375 0.39883125 0.9800000000000001 0.44846718750000003 0.9640000000000001 0.618384375 0.976 0.649025 0.982 0.7130921875 0.976 0.732590625 0.978 0.8384406249999999 0.966 0.86908125 0.96 0.9637890625000001 0.966 0.9972140625 0.9960000000000001 0.9972140625 0.9983890625 0.1612890625 0.972559375 0.2538046875
1 0.9179999999999999 0.214484375 0.9400000000000001 0.24512499999999998 0.99 0.2785515625 0.994 0.3091921875 0.9960000000000001 0.128134375 0.974 0.128134375 0.9199999999999999 0.1643453125 0.914 0.1810578125 0.9179999999999999 0.214484375
2 0.958 0.34818906250000003 0.9339999999999999 0.34818906250000003 0.914 0.3704734375 0.9119999999999999 0.3871859375 0.922 0.39554374999999997 0.97 0.364903125 0.958 0.34818906250000003
2 0.788 0.29247968750000003 0.8099999999999999 0.3259046875 0.8460000000000001 0.3259046875 0.8460000000000001 0.2701953125 0.8300000000000001 0.25348125 0.786 0.2618390625 0.768 0.28412187499999997 0.766 0.3008359375 0.788 0.29247968750000003
2 0.484 0.2701953125 0.48600000000000004 0.2952640625 0.49400000000000005 0.267409375 0.52 0.259053125 0.538 0.2701953125 0.544 0.29805000000000004 0.562 0.29805000000000004 0.5559999999999999 0.2618390625 0.54 0.2395546875 0.504 0.23676875000000003 0.484 0.2701953125
2 0.248 0.28969374999999997 0.258 0.3008359375 0.29 0.267409375 0.318 0.2869078125 0.322 0.2813375 0.318 0.259053125 0.3 0.23676875000000003 0.27599999999999997 0.2339828125 0.254 0.250696875 0.248 0.28969374999999997
2 0.10400000000000001 0.20891406250000003 0.10200000000000001 0.25348125 0.126 0.267409375 0.16999999999999998 0.23676875000000003 0.188 0.23676875000000003 0.196 0.2618390625 0.202 0.250696875 0.188 0.206128125 0.158 0.1810578125 0.132 0.18384375 0.10400000000000001 0.20891406250000003
1 0.1875 0.9359375 0.21875 0.896875 0.2359375 0.825 0.2265625 0.7890625 0.203125 0.75 0.1671875 0.7265625 0.1171875 0.71875 0.0671875 0.7515625 0.0546875 0.7765625 0.0546875 0.9015625 0.06875 0.921875 0.0828125 0.934375 0.1265625 0.9546875 0.15625 0.9546875 0.1875 0.9359375
1 0.65 0.865625 0.6578125 0.828125 0.6546875 0.8046875 0.6125 0.7296875 0.6015625 0.7390625 0.5875 0.775 0.578125 0.828125 0.578125 0.8984375 0.5875 0.9203125 0.5984375 0.9265625 0.6078125 0.9171875 0.621875 0.878125 0.65 0.865625
1 0.2703125 0.890625 0.2703125 0.8390625 0.25625 0.7640625 0.246875 0.7421875 0.24375 0.746875 0.246875 0.7625 0.2296875 0.7890625 0.23125 0.8609375 0.246875 0.8640625 0.2625 0.9046875 0.2703125 0.890625