3 0.9400000000000001 0.6 0.958 0.488 0.9460000000000001 0.4186671875 0.908 0.3866671875 0.908 0.3306671875 0.8720000000000001 0.3333328125 0.8640000000000001 0.36 0.868 0.40533281250000003 0.852 0.43200000000000005 0.86 0.4773328125 0.85 0.496 0.8619999999999999 0.6986671875 0.852 0.8213328125 0.874 0.8213328125 0.8859999999999999 0.7946671875 0.916 0.784 0.922 0.8106671875 0.95 0.8240000000000001 0.9400000000000001 0.6
3 0.786 0.8240000000000001 0.808 0.8266671875 0.818 0.8480000000000001 0.8320000000000001 0.8480000000000001 0.8300000000000001 0.536 0.842 0.4693328125 0.792 0.41600000000000004 0.796 0.3786671875 0.788 0.3653328125 0.764 0.36 0.758 0.368 0.752 0.3866671875 0.76 0.4506671875 0.784 0.5066671875 0.788 0.5813328125 0.78 0.6426671875000001 0.762 0.6586671875000001 0.758 0.8266671875 0.752 0.8400000000000001 0.78 0.8400000000000001 0.786 0.8240000000000001
3 0.78 0.6373328125 0.786 0.5386671875 0.772 0.4746671875 0.746 0.4506671875 0.738 0.42400000000000004 0.742 0.40266718749999997 0.732 0.3813328125 0.714 0.3786671875 0.702 0.3893328125 0.6980000000000001 0.41333281250000004 0.704 0.43200000000000005 0.696 0.46133281249999997 0.6759999999999999 0.4773328125 0.67 0.5066671875 0.6679999999999999 0.6426671875000001 0.6799999999999999 0.6613328125 0.682 0.688 0.6799999999999999 0.8453328125 0.67 0.8640000000000001 0.686 0.8666671875 0.712 0.8506671875 0.744 0.8613328125 0.758 0.6693328125 0.78 0.6373328125
3 0.702 0.44800000000000006 0.692 0.4346671875 0.6839999999999999 0.384 0.674 0.3733328125 0.65 0.3893328125 0.654 0.5226671875 0.642 0.544 0.64 0.8 0.65 0.8053328125 0.6599999999999999 0.8026671875 0.666 0.7866671875 0.662 0.712 0.67 0.6559999999999999 0.6639999999999999 0.5413328125 0.67 0.4933328125 0.674 0.4773328125 0.702 0.44800000000000006
3 0.638 0.784 0.636 0.5466671875 0.6519999999999999 0.52 0.654 0.4746671875 0.644 0.4346671875 0.604 0.3973328125 0.61 0.3653328125 0.5980000000000001 0.33599999999999997 0.5740000000000001 0.344 0.572 0.41333281250000004 0.544 0.4426671875 0.538 0.46666718749999997 0.534 0.512 0.5599999999999999 0.5626671875 0.5559999999999999 0.616 0.5660000000000001 0.7013328125 0.564 0.7893328125 0.548 0.8400000000000001 0.5900000000000001 0.8320000000000001 0.62 0.8426671875 0.63 0.8373328125 0.638 0.784
3 0.52 0.6746671875 0.534 0.6533328125 0.528 0.5866671875 0.534 0.528 0.524 0.43733281249999995 0.516 0.42400000000000004 0.5 0.4266671875 0.5 0.5599999999999999 0.52 0.6746671875
3 0.46799999999999997 0.3093328125 0.446 0.304 0.43200000000000005 0.3173328125 0.426 0.3306671875 0.434 0.368 0.43 0.3973328125 0.40800000000000003 0.4186671875 0.4 0.4506671875 0.396 0.52 0.42800000000000005 0.6586671875000001 0.434 0.8640000000000001 0.446 0.8746671875 0.546 0.8693328125 0.496 0.472 0.49800000000000005 0.42400000000000004 0.476 0.3866671875 0.48 0.34933281250000003 0.46799999999999997 0.3093328125
3 0.41200000000000003 0.6106671875 0.394 0.4986671875 0.40800000000000003 0.3973328125 0.40199999999999997 0.3626671875 0.38 0.352 0.364 0.3653328125 0.368 0.4266671875 0.34199999999999997 0.4426671875 0.33399999999999996 0.4693328125 0.32999999999999996 0.5253328125000001 0.348 0.5599999999999999 0.344 0.8293328125 0.364 0.8293328125 0.374 0.8026671875 0.398 0.8106671875 0.4 0.8293328125 0.42800000000000005 0.8293328125 0.42400000000000004 0.6373328125 0.41200000000000003 0.6106671875
3 0.142 0.5813328125 0.144 0.6026671875 0.16599999999999998 0.624 0.196 0.6186671875 0.186 0.5813328125 0.142 0.5813328125
3 0.062 0.6 0.08399999999999999 0.6053328125 0.08199999999999999 0.488 0.072 0.4826671875 0.05600000000000001 0.5013328125000001 0.05 0.5226671875 0.06 0.5386671875 0.062 0.6
0 0.046 0.696 0.041999999999999996 0.6773328125 0.02 0.6826671875 0.018 0.704 0.046 0.696
0 0.08399999999999999 0.704 0.08 0.6693328125 0.05600000000000001 0.6746671875 0.05 0.696 0.08399999999999999 0.704
2 0.866 0.33599999999999997 0.8640000000000001 0.352 0.908 0.35733281250000004 0.908 0.3333328125 0.898 0.3253328125 0.866 0.33599999999999997
2 0.794 0.3733328125 0.772 0.35733281250000004 0.76 0.3626671875 0.758 0.3706671875 0.794 0.40800000000000003 0.786 0.392 0.794 0.3733328125
2 0.73 0.3973328125 0.74 0.41600000000000004 0.742 0.3973328125 0.732 0.3786671875 0.702 0.3866671875 0.7 0.41600000000000004 0.714 0.392 0.73 0.3973328125
2 0.678 0.3733328125 0.6599999999999999 0.3733328125 0.65 0.3866671875 0.65 0.4106671875 0.678 0.3893328125 0.686 0.39466718749999996 0.678 0.3733328125
2 0.6 0.33599999999999997 0.5820000000000001 0.33599999999999997 0.5700000000000001 0.352 0.572 0.376 0.584 0.368 0.61 0.376 0.6 0.33599999999999997
2 0.526 0.46133281249999997 0.522 0.42933281250000005 0.5 0.42400000000000004 0.49800000000000005 0.45599999999999996 0.526 0.46133281249999997
2 0.47400000000000003 0.3173328125 0.446 0.3013328125 0.426 0.32799999999999996 0.43200000000000005 0.3626671875 0.47400000000000003 0.3173328125
2 0.38 0.3733328125 0.40800000000000003 0.376 0.4 0.35733281250000004 0.384 0.34933281250000003 0.364 0.3626671875 0.364 0.3866671875 0.374 0.3866671875 0.38 0.3733328125
2 0.06999999999999999 0.4933328125 0.08199999999999999 0.4933328125 0.06999999999999999 0.4826671875 0.06999999999999999 0.4933328125
2 0.148 0.5973328125 0.154 0.5786671875 0.142 0.5786671875 0.13999999999999999 0.5946671875 0.148 0.5973328125