0 0.6674203125 0.5488015625 0.6669546875 0.535784375 0.6669546875 0.5246296874999999 0.65443125 0.5147140625 0.645615625 0.507275 0.6358734375 0.5060359375 0.6256671875 0.5054171875 0.616853125 0.5134734375 0.6089671875 0.522771875 0.606184375 0.5295890625 0.602471875 0.5407437500000001 0.6010203125 0.54776875 0.60989375 0.554996875 0.624275 0.55995625 0.6437593749999999 0.5661546875 0.6562859375000001 0.57483125 0.6632453125 0.5779296875 0.67113125 0.5773109375 0.6748421875 0.5729734375 0.672059375 0.5667734375 0.6655625 0.5630546875 0.6674203125 0.5488015625
0 0.133853125 0.470534375 0.13005781249999998 0.47616875 0.12668437500000002 0.48574687499999997 0.1275265625 0.4908171875 0.130334375 0.49858906249999996 0.132165625 0.49476250000000005 0.13806875000000002 0.49025625 0.149034375 0.48912812499999997 0.153253125 0.49194531250000006 0.1553609375 0.49757968750000003 0.15746875 0.4930734375 0.1562046875 0.48236718749999996 0.153253125 0.4727875 0.14439531249999998 0.46997343750000004 0.133853125 0.470534375
0 0.23717968749999999 0.4930734375 0.23928750000000001 0.5071578125 0.24350468749999998 0.5195531250000001 0.249071875 0.5270765625 0.26164062499999996 0.518428125 0.27386875 0.5082859375 0.2839921875 0.49757968750000003 0.2911609375 0.49025625 0.2844140625 0.4874390625 0.2780875 0.47955 0.2675453125 0.47109843749999997 0.25446875 0.47109843749999997 0.242240625 0.47955 0.23717968749999999 0.4930734375
0 0.3413484375 0.5082859375 0.33628749999999996 0.49927031250000004 0.32743125 0.4953265625 0.31646562500000003 0.49588906250000003 0.3071875 0.5026515625 0.29959531250000004 0.5201171875 0.3000921875 0.5351250000000001 0.30507968750000003 0.5296953125 0.310984375 0.524059375 0.32363749999999997 0.522934375 0.32954062500000003 0.524059375 0.335865625 0.5280046875 0.337553125 0.538146875 0.34050625 0.5342046875 0.341771875 0.522934375 0.3413484375 0.5082859375
0 0.4681046875 0.47914375 0.46473125 0.4740734375 0.45671875 0.46900312499999997 0.44996875000000003 0.4684390625 0.44026875 0.46900312499999997 0.43183437500000005 0.4751984375 0.42761875 0.4830875 0.42382187499999996 0.49435624999999994 0.42171250000000005 0.50956875 0.42346874999999995 0.523359375 0.4271953125 0.5090046874999999 0.43731875000000003 0.5090046874999999 0.45587343750000003 0.5118234375 0.46683906249999996 0.5135125 0.4685265625 0.5214000000000001 0.47316562500000003 0.5140765625 0.47316562500000003 0.5011171875 0.47190000000000004 0.48985 0.4681046875 0.47914375
0 0.5225078125 0.5044984375 0.5115421875 0.5061875 0.50353125 0.5185828124999999 0.501 0.5337984375 0.5046390625 0.5382234375 0.5098578125000001 0.5315421875 0.5204 0.529853125 0.5309421875 0.5326703125 0.535584375 0.5405578125 0.53726875 0.5366125 0.5381140624999999 0.525909375 0.5364265625 0.5163296875000001 0.5317875 0.5078796875 0.5225078125 0.5044984375
0 0.8816625 0.4865421875 0.8763609375 0.4840140625 0.8661375 0.48300312500000003 0.8562890624999999 0.48452031250000005 0.8498515624999999 0.488059375 0.8445484375 0.4956515625 0.8411406250000001 0.50576875 0.8392468750000001 0.514878125 0.8392468750000001 0.521959375 0.838815625 0.52834375 0.8472 0.5275265625000001 0.8691656249999999 0.52701875 0.8801484374999999 0.52701875 0.889615625 0.52701875 0.8952953125 0.5275265625000001 0.8960531250000001 0.51943125 0.89378125 0.5123453125 0.8915078125000001 0.499696875 0.8873421875 0.49210937499999996 0.8816625 0.4865421875
3 0.9122453125 0.76021875 0.8918375 0.5068125 0.8836734375 0.4904625 0.8571421875 0.4850140625 0.8448984375 0.49591250000000003 0.8346937499999999 0.57493125 0.8020406250000001 0.6076296875 0.7918375 0.6457765625 0.79591875 0.9972749999999999 0.82653125 0.9972749999999999 0.8510203125 0.869209375 0.863265625 0.874659375 0.8775515625000001 0.90735625 0.863265625 0.9972749999999999 0.90408125 0.9972749999999999 0.9163265624999999 0.9155312500000001 0.902040625 0.792915625 0.9122453125 0.76021875
3 0.663265625 0.8065390625 0.6510203125 0.708446875 0.6571421875000001 0.662125 0.6530609375 0.618528125 0.667346875 0.5667578125 0.6612250000000001 0.5231609374999999 0.6530609375 0.5122609375 0.6244890625 0.5068125 0.6102046875 0.5231609374999999 0.60408125 0.6103546875 0.57346875 0.6512265625 0.5612250000000001 0.6866484374999999 0.5489796874999999 0.8283375 0.5530609375 0.9427796875000001 0.52653125 0.9972749999999999 0.5816328125 0.9972749999999999 0.593878125 0.9754765624999999 0.6142859374999999 0.9972749999999999 0.671428125 0.9972749999999999 0.6612250000000001 0.8910078125 0.6795921875000001 0.8446859375000001 0.663265625 0.8065390625
3 0.3775515625 0.9918250000000001 0.3857140625 0.9836515625000001 0.4244890625 0.9836515625000001 0.42653125000000003 0.9972749999999999 0.46122500000000005 0.9972749999999999 0.471428125 0.8038140625000001 0.5 0.7874656250000001 0.506121875 0.798365625 0.5163265625 0.7220703125 0.49795937500000004 0.59128125 0.46530625 0.5231609374999999 0.471428125 0.5040875 0.463265625 0.4741140625 0.44081562500000004 0.46866562500000003 0.428571875 0.4795640625 0.4244890625 0.5149859375 0.406121875 0.5558578125 0.3755109375 0.58583125 0.34489843750000004 0.700271875 0.340815625 0.784740625 0.34489843750000004 0.792915625 0.3571421875 0.7792921875000001 0.3795921875 0.7874656250000001 0.3775515625 0.8501359374999999 0.3836734375 0.871934375 0.37346875 0.9346046875 0.361225 0.953678125 0.367346875 0.9836515625000001 0.3775515625 0.9918250000000001
3 0.53469375 0.5122609375 0.5122453124999999 0.5040875 0.502040625 0.5231609374999999 0.5 0.5940046875 0.5204078125 0.6975484375 0.5163265625 0.7629421875 0.538775 0.792915625 0.538775 0.8337875 0.5571421875 0.7384203125 0.563265625 0.623978125 0.5551015625 0.58583125 0.540815625 0.5694828125 0.53469375 0.5122609375
3 0.3122453125 0.7384203125 0.3204078125 0.7220703125 0.3122453125 0.6267031249999999 0.302040625 0.5694828125 0.2857140625 0.544959375 0.2897953125 0.5122609375 0.2775515625 0.4768390625 0.2530609375 0.4713890625 0.24081562500000003 0.4850140625 0.2469390625 0.539509375 0.21224531249999998 0.59128125 0.21020468750000001 0.656675 0.22244843749999998 0.702996875 0.22040781250000002 0.9155312500000001 0.236734375 0.9373296874999999 0.2469390625 0.9373296874999999 0.2469390625 0.9237062500000001 0.2816328125 0.9114437499999999 0.28367343749999996 0.9564031249999999 0.3122453125 0.9645781250000001 0.3122453125 0.7384203125
3 0.33469375 0.539509375 0.336734375 0.5040875 0.3142859375 0.49863749999999996 0.302040625 0.5149859375 0.3 0.5585828125 0.3204078125 0.7193453125 0.306121875 0.74931875 0.3122453125 0.8419625 0.3183671875 0.8501359374999999 0.332653125 0.8419625 0.340815625 0.8092640624999999 0.332653125 0.7683921875 0.359184375 0.6049046875 0.33469375 0.539509375
3 0.1306125 0.4768390625 0.1306125 0.5040875 0.102040625 0.5585828125 0.1 0.5940046875 0.1224484375 0.6920984375 0.1244890625 0.75476875 0.140815625 0.7711171875 0.161225 0.634878125 0.18979531249999998 0.615803125 0.1795921875 0.550409375 0.1530609375 0.5177109375 0.1530609375 0.4768390625 0.1306125 0.4768390625