3 0.966 0.497475 0.974 0.43939374999999997 0.974 0.3611109375 0.968 0.34595937499999996 0.93 0.31818124999999997 0.874 0.31313124999999997 0.8240000000000001 0.348484375 0.806 0.3737375 0.8039999999999999 0.40151562500000004 0.8140000000000001 0.4267671875 0.8220000000000001 0.5176765624999999 0.836 0.5429296875 0.8594359375 0.576784375 0.8594359375 0.612625 0.8202734375 0.612625 0.7761125 0.650965625 0.7252859375 0.7309796875 0.71 0.656565625 0.696 0.6414140625 0.6900000000000001 0.6666671875 0.682 0.747475 0.688 0.8055562500000001 0.72 0.8813124999999999 0.748 0.904040625 0.75 0.967171875 0.708 0.9772734375000001 0.702 0.99495 0.998 0.997475 0.998 0.5479796875 0.966 0.497475
3 0.8560000000000001 0.31313124999999997 0.8380000000000001 0.3030296875 0.8019999999999999 0.32070781249999997 0.79 0.39899062500000004 0.78 0.41919218750000004 0.754 0.4520203125 0.712 0.47222187499999996 0.72 0.5126265625 0.818 0.5202015624999999 0.8119999999999999 0.4242421875 0.8 0.3863640625 0.8119999999999999 0.3611109375 0.8560000000000001 0.31313124999999997
3 0.772 0.4267671875 0.788 0.39899062500000004 0.794 0.32070781249999997 0.768 0.285353125 0.746 0.285353125 0.744 0.3712125 0.764 0.4242421875 0.772 0.4267671875
3 0.744 0.3560609375 0.75 0.3282828125 0.74 0.287878125 0.732 0.280303125 0.716 0.287878125 0.714 0.30050468750000003 0.732 0.31818124999999997 0.744 0.3560609375
3 0.6839999999999999 0.32070781249999997 0.6839999999999999 0.3686875 0.6719999999999999 0.40151562500000004 0.646 0.4242421875 0.712 0.467171875 0.76 0.44444375 0.756 0.39899062500000004 0.738 0.3611109375 0.728 0.30808125 0.716 0.3030296875 0.6839999999999999 0.32070781249999997
3 0.616 0.277778125 0.602 0.29040468750000004 0.5980000000000001 0.3686875 0.5820000000000001 0.3939390625 0.5820000000000001 0.409090625 0.61 0.4267671875 0.658 0.41919218750000004 0.678 0.3964640625 0.6799999999999999 0.3661609375 0.65 0.3282828125 0.634 0.277778125 0.616 0.277778125
3 0.544 0.34090937499999996 0.522 0.3762625 0.514 0.3762625 0.572 0.40151562500000004 0.5940000000000001 0.3712125 0.6 0.3257578125 0.5559999999999999 0.277778125 0.54 0.280303125 0.532 0.2929296875 0.544 0.34090937499999996
3 0.5 0.3661609375 0.526 0.3636359375 0.542 0.34090937499999996 0.53 0.29545468750000003 0.544 0.2702015625 0.526 0.2626265625 0.514 0.275253125 0.52 0.3232328125 0.5 0.3661609375
3 0.322 0.3585859375 0.36 0.3560609375 0.368 0.34595937499999996 0.33999999999999997 0.2676765625 0.32599999999999996 0.2702015625 0.314 0.30555625000000003 0.298 0.32070781249999997 0.294 0.3308078125 0.322 0.3585859375
3 0.21161875000000002 0.3199375 0.252 0.31313124999999997 0.21000000000000002 0.29545468750000003 0.19 0.31313124999999997 0.184 0.3333328125 0.176 0.3712125 0.2016203125 0.37129218750000004 0.21161875000000002 0.3199375
3 0.33799999999999997 0.6262624999999999 0.346 0.532828125 0.33599999999999997 0.464646875 0.304 0.39899062500000004 0.308 0.348484375 0.262 0.3232328125 0.20800000000000002 0.34595937499999996 0.20600000000000002 0.3661609375 0.244 0.3888890625 0.266 0.43434375000000003 0.25 0.5454546875 0.21200000000000002 0.588384375 0.22000000000000003 0.6186875 0.252 0.6489906249999999 0.286 0.6262624999999999 0.304 0.6414140625 0.33799999999999997 0.6262624999999999
3 0.40800000000000003 0.7272734375 0.394 0.7070703125 0.4 0.6919187499999999 0.33599999999999997 0.68686875 0.238 0.6464640625 0.21000000000000002 0.598484375 0.22200000000000003 0.5732328125 0.246 0.5580812500000001 0.254 0.5 0.26 0.497475 0.262 0.4267671875 0.254 0.40151562500000004 0.22599999999999998 0.3787875 0.16399999999999998 0.3762625 0.148 0.3838390625 0.11200000000000002 0.43181875 0.12 0.4848484375 0.1 0.537878125 0.06 0.6010093750000001 0.022 0.6994953125000001 0.002 0.8232328125 0 0.997475 0.27999999999999997 0.997475 0.294 0.9924250000000001 0.272 0.9444437499999999 0.3 0.9292921875 0.4 0.8030296874999999 0.44400000000000006 0.775253125 0.45 0.7373734375 0.442 0.7045453125 0.40800000000000003 0.7272734375
3 0.982 0.35100937499999996 0.976 0.3888890625 0.97 0.50505 0.992 0.532828125 0.998 0.348484375 0.982 0.35100937499999996
3 0.242 0.3308078125 0.26 0.3257578125 0.236 0.31060625000000003 0.21400000000000002 0.32070781249999997 0.20400000000000001 0.338384375 0.202 0.3686875 0.21600000000000003 0.3737375 0.242 0.3308078125
2 0.8720000000000001 0.31313124999999997 0.82 0.35100937499999996 0.8039999999999999 0.3813125 0.8039999999999999 0.40151562500000004 0.828 0.46212187499999996 0.866 0.47979843750000006 0.898 0.5101015624999999 0.9640000000000001 0.50505 0.9720000000000001 0.47222187499999996 0.976 0.3636359375 0.954 0.3308078125 0.9279999999999999 0.31565625 0.8720000000000001 0.31313124999999997
2 0.998 0.43686875000000003 0.998 0.348484375 0.9821921874999999 0.3544546875 0.978 0.4141421875 0.998 0.43686875000000003
2 0.8 0.31818124999999997 0.798 0.338384375 0.8240000000000001 0.343434375 0.858 0.31565625 0.828 0.3030296875 0.8 0.31818124999999997
2 0.774 0.30555625000000003 0.774 0.287878125 0.746 0.282828125 0.75 0.30555625000000003 0.774 0.30555625000000003
2 0.74 0.30555625000000003 0.738 0.282828125 0.716 0.287878125 0.716 0.30050468750000003 0.74 0.30555625000000003
2 0.732 0.3611109375 0.742 0.343434375 0.728 0.30555625000000003 0.6980000000000001 0.30808125 0.6839999999999999 0.32070781249999997 0.682 0.3333328125 0.702 0.3535359375 0.732 0.3611109375
2 0.602 0.285353125 0.602 0.30555625000000003 0.628 0.31060625000000003 0.644 0.2979796875 0.632 0.275253125 0.602 0.285353125
2 0.532 0.29040468750000004 0.536 0.31060625000000003 0.572 0.30555625000000003 0.5559999999999999 0.277778125 0.542 0.277778125 0.532 0.29040468750000004
2 0.544 0.275253125 0.538 0.2626265625 0.514 0.2702015625 0.514 0.282828125 0.526 0.277778125 0.532 0.285353125 0.544 0.275253125
2 0.346 0.280303125 0.33999999999999997 0.2676765625 0.324 0.2727265625 0.324 0.30050468750000003 0.346 0.280303125
2 0.11599999999999999 0.4141421875 0.11000000000000001 0.44444375 0.126 0.530303125 0.178 0.532828125 0.22000000000000003 0.497475 0.244 0.497475 0.26 0.44444375 0.252 0.40404062500000004 0.21000000000000002 0.3737375 0.15 0.3787875 0.11599999999999999 0.4141421875
2 0.25 0.3939390625 0.266 0.4267671875 0.302 0.406565625 0.306 0.348484375 0.29 0.3333328125 0.254 0.3232328125 0.22200000000000003 0.3585859375 0.21800000000000003 0.3712125 0.25 0.3939390625
2 0.20600000000000002 0.338384375 0.20400000000000001 0.3686875 0.21600000000000003 0.3712125 0.244 0.31818124999999997 0.22000000000000003 0.31565625 0.20600000000000002 0.338384375
2 0.242 0.31060625000000003 0.210284375 0.29888906249999997 0.19 0.31060625000000003 0.184 0.3232328125 0.1909546875 0.3477203125 0.212284375 0.3190953125 0.242 0.31060625000000003