0 0.23399999999999999 0.635 0.244 0.5875 0.22599999999999998 0.545 0.192 0.545 0.172 0.585 0.16999999999999998 0.615 0.18 0.6375 0.23399999999999999 0.635
0 0.27999999999999997 0.6425 0.32 0.63 0.32599999999999996 0.62 0.316 0.5599999999999999 0.3 0.5425 0.27 0.545 0.244 0.5825 0.24 0.6375 0.27999999999999997 0.6425
0 0.446 0.325 0.44000000000000006 0.27999999999999997 0.41600000000000004 0.24500000000000002 0.386 0.2475 0.364 0.2875 0.362 0.3275 0.37 0.3375 0.446 0.325
3 0.516 0.9475 0.49800000000000005 0.9425000000000001 0.48600000000000004 0.8699999999999999 0.492 0.7125 0.47800000000000004 0.6325000000000001 0.48200000000000004 0.5974999999999999 0.49800000000000005 0.5725 0.49800000000000005 0.53 0.442 0.3725 0.44400000000000006 0.3025 0.418 0.2475 0.388 0.2475 0.366 0.28250000000000003 0.362 0.325 0.374 0.3625 0.366 0.39 0.33599999999999997 0.4325 0.33399999999999996 0.49000000000000005 0.35 0.5974999999999999 0.362 0.6275000000000001 0.358 0.6775 0.374 0.72 0.4 0.97 0.41 0.9949999999999999 0.496 0.9775 0.518 0.9625 0.516 0.9475
2 0.576 0.2475 0.564 0.2625 0.564 0.28500000000000003 0.618 0.27749999999999997 0.614 0.26 0.576 0.2475
3 0.62 0.33999999999999997 0.614 0.275 0.5980000000000001 0.2575 0.5660000000000001 0.2625 0.558 0.32999999999999996 0.524 0.36 0.518 0.3825 0.518 0.4575 0.55 0.64 0.562 0.6525000000000001 0.632 0.67 0.642 0.575 0.63 0.48 0.6519999999999999 0.45499999999999996 0.654 0.4375 0.642 0.37 0.62 0.33999999999999997
2 0.6839999999999999 0.27999999999999997 0.67 0.255 0.648 0.2625 0.646 0.27749999999999997 0.6839999999999999 0.27999999999999997
3 0.6900000000000001 0.5075000000000001 0.7 0.485 0.7 0.4625 0.674 0.42750000000000005 0.6719999999999999 0.43499999999999994 0.662 0.515 0.6719999999999999 0.505 0.6900000000000001 0.5075000000000001
3 0.6900000000000001 0.3125 0.6719999999999999 0.2575 0.6559999999999999 0.255 0.646 0.275 0.65 0.31 0.638 0.33999999999999997 0.6559999999999999 0.34500000000000003 0.6679999999999999 0.3625 0.6719999999999999 0.4125 0.6839999999999999 0.3675 0.714 0.3625 0.716 0.34750000000000003 0.71 0.325 0.6900000000000001 0.3125
0 0.73 0.3975 0.724 0.3725 0.708 0.3625 0.688 0.365 0.678 0.385 0.6759999999999999 0.4175 0.726 0.40750000000000003 0.73 0.3975
3 0.766 0.48250000000000004 0.766 0.4425 0.728 0.41 0.724 0.375 0.708 0.3625 0.6839999999999999 0.37 0.6759999999999999 0.41 0.6759999999999999 0.43 0.7 0.4625 0.702 0.48250000000000004 0.686 0.5225 0.6719999999999999 0.525 0.6719999999999999 0.5349999999999999 0.702 0.5575 0.722 0.5599999999999999 0.73 0.5325 0.766 0.48250000000000004
3 0.954 0.4575 0.942 0.34750000000000003 0.9179999999999999 0.3225 0.9119999999999999 0.27 0.89 0.2425 0.8640000000000001 0.2425 0.844 0.2725 0.8320000000000001 0.41 0.852 0.9550000000000001 0.916 0.9824999999999999 0.958 0.985 0.966 0.96 0.9380000000000001 0.8775000000000001 0.9359999999999999 0.8225 0.958 0.65 0.958 0.5974999999999999 0.944 0.5349999999999999 0.954 0.4575
0 0.9099999999999999 0.315 0.914 0.27 0.8939999999999999 0.24 0.8640000000000001 0.24 0.844 0.27 0.8400000000000001 0.2925 0.86 0.315 0.9099999999999999 0.315