3 0 0.4866671875 0.02 0.5566671875 0.015556249999999999 0.65 0.02444375 0.6766671875 0.0288890625 0.9033328125000001 0.0666671875 0.9199999999999999 0.08 0.9099999999999999 0.08444375 0.8866671875 0.122221875 0.8833328125 0.12 0.8699999999999999 0.09555625 0.85 0.09555625 0.8366671875 0.1111109375 0.6799999999999999 0.1266671875 0.6233328124999999 0.1133328125 0.6033328124999999 0.11555625 0.5566671875 0.09555625 0.4 0.077778125 0.3666671875 0.0888890625 0.3233328125 0.0888890625 0.27333281249999997 0.06 0.2433328125 0.037778125 0.2433328125 0.02444375 0.2666671875 0.033332812499999996 0.3366671875 0 0.4 0 0.4866671875
3 0.3088890625 0.8300000000000001 0.3066671875 0.7933328125 0.3266671875 0.6166671874999999 0.32444375000000003 0.3933328125 0.3066671875 0.3666671875 0.3133328125 0.3033328125 0.3 0.27 0.27333281249999997 0.2666671875 0.2666671875 0.2766671875 0.26444375 0.35 0.22444375 0.3833328125 0.21111093749999998 0.4566671875 0.2088890625 0.48 0.22888906250000002 0.5333328125000001 0.2333328125 0.8466671874999999 0.2466671875 0.8766671875000001 0.262221875 0.8733328124999999 0.26444375 0.8566671875 0.277778125 0.8466671874999999 0.322221875 0.86 0.32444375000000003 0.85 0.3088890625 0.8300000000000001
3 0.34888906249999996 0.4433328125 0.35333281250000004 0.6966671875 0.4111109375 0.6833328125 0.3933328125 0.6566671875 0.40222187500000006 0.53 0.39111093750000003 0.41333281250000004 0.39555625 0.3666671875 0.38 0.35333281250000004 0.3688890625 0.37 0.34888906249999996 0.4433328125
3 0.5288890625 0.6799999999999999 0.5266671875 0.5966671875 0.5466671875 0.54 0.542221875 0.47000000000000003 0.517778125 0.42000000000000004 0.52444375 0.3766671875 0.5133328125000001 0.3566671875 0.4888890625 0.37 0.47777812500000005 0.43333281250000005 0.45999999999999996 0.4633328125 0.45111093750000003 0.53 0.45333281249999996 0.5900000000000001 0.442221875 0.61 0.44000000000000006 0.6366671875 0.45333281249999996 0.6833328125 0.45111093750000003 0.8266671875 0.46444375000000004 0.8233328125 0.47111093750000005 0.7866671875 0.4933328125 0.786 0.4933328125 0.8233328125 0.5088890625 0.8333328124999999 0.52 0.6900000000000001 0.5288890625 0.6799999999999999
3 0.47777812500000005 0.3766671875 0.4466671875 0.43333281250000005 0.43555625 0.49666718750000005 0.442221875 0.6 0.4311109375 0.6933328125 0.437778125 0.7066671875 0.45111093750000003 0.7066671875 0.462221875 0.6433328125 0.45555625 0.5033328125 0.45999999999999996 0.4633328125 0.48 0.43 0.48444374999999995 0.4 0.47777812500000005 0.3766671875
3 0.6288890625 0.4266671875 0.602221875 0.4733328125 0.60444375 0.6466671875000001 0.5866671875 0.7166671874999999 0.5933328125 0.73 0.62 0.7366671874999999 0.6288890625 0.6766671875 0.617778125 0.6033328124999999 0.6222218749999999 0.5233328125 0.65555625 0.4 0.6355562499999999 0.3933328125 0.6288890625 0.4266671875
3 0.72 0.62 0.7333328125 0.5966671875 0.742221875 0.54 0.7311109375 0.4466671875 0.702221875 0.4166671875 0.7088890625000001 0.39 0.702221875 0.34333281250000003 0.6888890625 0.33999999999999997 0.67555625 0.35333281250000004 0.6688890625 0.3733328125 0.6733328125 0.40333281249999997 0.6422218749999999 0.44000000000000006 0.6222218749999999 0.5700000000000001 0.6333328125000001 0.7066671875 0.6133328125 0.8466671874999999 0.6288890625 0.8466671874999999 0.6466671875000001 0.8099999999999999 0.6711109375000001 0.8333328124999999 0.677778125 0.86 0.6933328125 0.86 0.7 0.6766671875 0.72 0.6599999999999999 0.72 0.62
3 0.97555625 0.4566671875 0.9666671875 0.4166671875 0.9422218750000001 0.42000000000000004 0.9311109375 0.4433328125 0.9311109375 0.48333281250000004 0.9 0.51 0.88444375 0.6133328125 0.88444375 0.67 0.9022218750000001 0.7033328125 0.8933328125 0.86 0.96 0.8666671875 0.9688890625000001 0.7066671875 0.9888890625 0.6833328125 0.9955562499999999 0.64 0.9933328124999999 0.5233328125 0.9666671875 0.49000000000000005 0.97555625 0.4566671875
0 0.0711109375 0.2466671875 0.03555625 0.2433328125 0.0288890625 0.2533328125 0.02444375 0.2966671875 0.033332812499999996 0.31 0.0911109375 0.28666718750000003 0.0711109375 0.2466671875
0 0.26444375 0.28666718750000003 0.2666671875 0.32 0.3133328125 0.31 0.297778125 0.2666671875 0.27333281249999997 0.2666671875 0.26444375 0.28666718750000003
0 0.39555625 0.39 0.3888890625 0.35333281250000004 0.3711109375 0.36 0.3688890625 0.3833328125 0.39555625 0.39
0 0.52444375 0.4 0.51555625 0.3566671875 0.4888890625 0.3666671875 0.4866671875 0.3933328125 0.52444375 0.4
0 0.482221875 0.39666718749999996 0.48444374999999995 0.37 0.4688890625 0.3733328125 0.46666718749999997 0.39666718749999996 0.482221875 0.39666718749999996
0 0.65555625 0.42000000000000004 0.65555625 0.39666718749999996 0.6333328125000001 0.3933328125 0.6333328125000001 0.42000000000000004 0.65555625 0.42000000000000004
0 0.7066671875 0.3466671875 0.68444375 0.33999999999999997 0.67555625 0.35333281250000004 0.6711109375000001 0.3733328125 0.6866671875 0.37 0.7088890625000001 0.3866671875 0.7066671875 0.3466671875
0 0.9444437499999999 0.4166671875 0.9333328125 0.4466671875 0.9488890624999999 0.44000000000000006 0.9733328125 0.4633328125 0.9711109375 0.42000000000000004 0.9444437499999999 0.4166671875