3 0.16 0.9973328125 0.198 0.9973328125 0.20600000000000002 0.9146671874999999 0.182 0.9119999999999999 0.16999999999999998 0.8720000000000001 0.196 0.8293328125 0.20400000000000001 0.76 0.21600000000000003 0.7226671875 0.22799999999999998 0.5866671875 0.274 0.488 0.266 0.4586671875 0.238 0.43200000000000005 0.22599999999999998 0.40533281250000003 0.238 0.3706671875 0.23399999999999999 0.3253328125 0.22599999999999998 0.312 0.196 0.3066671875 0.182 0.3173328125 0.16799999999999998 0.3546671875 0.176 0.42400000000000004 0.134 0.46133281249999997 0.118 0.5226671875 0.12 0.7386671875 0.126 0.7466671875 0.142 0.7413328124999999 0.158 0.7973328125 0.158 0.8533328125 0.13799999999999998 0.8720000000000001 0.146 0.8746671875 0.16 0.9066671875000001 0.16599999999999998 0.9466671874999999 0.16 0.9973328125
0 0.22400000000000003 0.3093328125 0.196 0.304 0.176 0.32799999999999996 0.16999999999999998 0.352 0.236 0.3626671875 0.23399999999999999 0.3226671875 0.22400000000000003 0.3093328125
3 0.33999999999999997 0.9973328125 0.352 0.8693328125 0.366 0.8426671875 0.366 0.8266671875 0.358 0.688 0.33599999999999997 0.5466671875 0.364 0.5146671875 0.37 0.44000000000000006 0.378 0.4266671875 0.366 0.3786671875 0.33999999999999997 0.344 0.292 0.3413328125 0.262 0.3733328125 0.258 0.4346671875 0.27799999999999997 0.4746671875 0.27799999999999997 0.4933328125 0.236 0.5706671875 0.22000000000000003 0.6613328125 0.22000000000000003 0.7786671875 0.174 0.8853328125000001 0.21000000000000002 0.9386671874999999 0.22599999999999998 0.9973328125 0.33999999999999997 0.9973328125
0 0.262 0.3733328125 0.258 0.44000000000000006 0.282 0.4746671875 0.308 0.4693328125 0.33599999999999997 0.4426671875 0.37 0.43733281249999995 0.38 0.4266671875 0.364 0.3733328125 0.33599999999999997 0.3386671875 0.288 0.3413328125 0.262 0.3733328125
0 0.48600000000000004 0.4186671875 0.476 0.3786671875 0.45999999999999996 0.368 0.434 0.376 0.422 0.39466718749999996 0.422 0.4426671875 0.45199999999999996 0.4186671875 0.48600000000000004 0.4186671875
3 0.534 0.8400000000000001 0.526 0.6906671875 0.53 0.6373328125 0.588 0.6026671875 0.596 0.5706671875 0.564 0.5599999999999999 0.562 0.576 0.548 0.5866671875 0.528 0.5093328125000001 0.504 0.4933328125 0.484 0.4933328125 0.492 0.4346671875 0.47800000000000004 0.384 0.44800000000000006 0.368 0.434 0.376 0.422 0.40266718749999997 0.422 0.4346671875 0.438 0.4853328125 0.396 0.536 0.384 0.5813328125 0.376 0.6346671875000001 0.38 0.6666671875 0.388 0.6746671875 0.41200000000000003 0.6719999999999999 0.40599999999999997 0.7706671875 0.41600000000000004 0.8853328125000001 0.414 0.952 0.43 0.976 0.52 0.9333328125 0.534 0.8400000000000001
3 0.568 0.9119999999999999 0.608 0.8906671875000001 0.612 0.8266671875 0.634 0.8373328125 0.642 0.8746671875 0.654 0.8693328125 0.6639999999999999 0.8293328125 0.6679999999999999 0.7413328124999999 0.692 0.6906671875 0.6940000000000001 0.5466671875 0.6679999999999999 0.504 0.6759999999999999 0.43733281249999995 0.6639999999999999 0.40533281250000003 0.644 0.40266718749999997 0.628 0.4186671875 0.624 0.488 0.592 0.5146671875 0.5780000000000001 0.5519999999999999 0.58 0.5599999999999999 0.604 0.5626671875 0.61 0.584 0.5980000000000001 0.5946671875 0.5780000000000001 0.6453328125 0.588 0.6586671875000001 0.584 0.8480000000000001 0.58 0.8720000000000001 0.564 0.8986671875000001 0.568 0.9119999999999999
0 0.6599999999999999 0.40266718749999997 0.644 0.40266718749999997 0.63 0.4186671875 0.626 0.44533281249999995 0.6759999999999999 0.44533281249999995 0.6719999999999999 0.4186671875 0.6599999999999999 0.40266718749999997
3 0.826 0.728 0.8380000000000001 0.6906671875 0.8539999999999999 0.5493328125 0.842 0.48 0.8019999999999999 0.4266671875 0.8039999999999999 0.3226671875 0.794 0.2906671875 0.766 0.2746671875 0.732 0.28266718750000003 0.704 0.3386671875 0.712 0.4266671875 0.72 0.4506671875 0.742 0.4746671875 0.718 0.5973328125 0.6980000000000001 0.6426671875000001 0.704 0.8106671875 0.708 0.8373328125 0.716 0.8426671875 0.828 0.7866671875 0.826 0.728
0 0.704 0.352 0.71 0.35733281250000004 0.78 0.376 0.79 0.3866671875 0.8019999999999999 0.3813328125 0.8019999999999999 0.3093328125 0.778 0.27733281249999997 0.73 0.2853328125 0.708 0.32799999999999996 0.704 0.352
3 0.5860000000000001 0.39466718749999996 0.572 0.368 0.55 0.3733328125 0.54 0.39466718749999996 0.548 0.4426671875 0.546 0.46666718749999997 0.536 0.4693328125 0.5519999999999999 0.5653328125 0.568 0.544 0.58 0.5413328125 0.606 0.4933328125 0.606 0.4773328125 0.5780000000000001 0.44533281249999995 0.5860000000000001 0.39466718749999996
0 0.5700000000000001 0.3653328125 0.558 0.3653328125 0.542 0.3866671875 0.544 0.40800000000000003 0.5860000000000001 0.40533281250000003 0.584 0.384 0.5700000000000001 0.3653328125