3 0.2585359375 0.86446875 0.23658593749999998 0.838828125 0.24390312500000003 0.7289375 0.2121953125 0.619046875 0.2073171875 0.5531140625 0.21463437500000002 0.48351718750000006 0.2073171875 0.358975 0.2170734375 0.3076921875 0.21463437500000002 0.2820515625 0.19756093749999998 0.25274687500000004 0.1585359375 0.25274687500000004 0.1463421875 0.2820515625 0.14878125 0.336996875 0.1065046875 0.39340312499999996 0.09615625 0.4378390625 0.09615625 0.47116406250000004 0.08876406249999999 0.5444875 0.075609375 0.655678125 0.056096875000000004 0.7069593750000001 0.0024390625 0.791209375 0 0.9157515625 0.10243906250000001 0.7325999999999999 0.13170781250000002 0.6959703125 0.143903125 0.6959703125 0.195121875 0.7619046875000001 0.2 0.9047625 0.27073125 0.8864468750000001 0.275609375 0.8717953125 0.2682921875 0.8534796874999999 0.2585359375 0.86446875
3 0.356096875 0.5457875 0.3634140625 0.527471875 0.3121953125 0.43589687499999996 0.29024375 0.3626375 0.3 0.3333328125 0.27804843749999997 0.29670312499999996 0.24878125 0.3113546875 0.25121875 0.37362656250000004 0.2195125 0.432234375 0.2170734375 0.5750921875 0.2317078125 0.5934062499999999 0.2268296875 0.6520140624999999 0.24146406250000002 0.703296875 0.27804843749999997 0.7655671875000001 0.304878125 0.7472531250000001 0.29024375 0.7216125 0.29024375 0.6007328125 0.33170781250000003 0.5311359375 0.356096875 0.5457875
3 0.47804843750000003 0.68498125 0.4829265625 0.58974375 0.4731703125 0.4908421875 0.4829265625 0.41025625000000004 0.47073124999999993 0.37362656250000004 0.475609375 0.3333328125 0.4682921875 0.31501875 0.439025 0.31868124999999997 0.4414640625 0.36629999999999996 0.40975625000000004 0.41758281249999996 0.4 0.5091578125 0.4073171875 0.5970703125 0.3536578125 0.7106234375 0.3731703125 0.7619046875000001 0.38780468749999997 0.6886453125 0.439025 0.58974375 0.45853593750000005 0.6080593750000001 0.460975 0.7216125 0.4926828125 0.7142859374999999 0.47804843750000003 0.68498125
3 0.59024375 0.5054937500000001 0.59024375 0.4395609375 0.5780484375 0.36629999999999996 0.5585359375000001 0.37362656250000004 0.5560968749999999 0.4029296875 0.534146875 0.4468859375 0.534146875 0.5531140625 0.5170734375 0.6263734375000001 0.534146875 0.641025 0.5317078125 0.611721875 0.543903125 0.5787546875 0.5707312499999999 0.5989015625 0.5731703125000001 0.6263734375000001 0.585365625 0.6263734375000001 0.5804875 0.520146875 0.59024375 0.5054937500000001
3 0.6463421874999999 0.527471875 0.643903125 0.5787546875 0.6585359375000001 0.58974375 0.6804875 0.479853125 0.665853125 0.41025625000000004 0.65121875 0.41391875 0.639025 0.45787500000000003 0.6317078125 0.49450625 0.6463421874999999 0.527471875
3 0.685365625 0.4615390625 0.6926828125 0.5824171875 0.704878125 0.58974375 0.7195125 0.46886406249999996 0.7073171874999999 0.428571875 0.685365625 0.4615390625
3 0.7512187499999999 0.520146875 0.760975 0.58974375 0.7731703125 0.6007328125 0.7804875 0.5311359375 0.795121875 0.5091578125 0.7926828125000001 0.476190625 0.7731703125 0.41758281249999996 0.7634140625 0.42124531249999997 0.7536578125 0.45787500000000003 0.7512187499999999 0.520146875
3 0.7512187499999999 0.45787500000000003 0.739025 0.4249078125 0.7219515624999999 0.45787500000000003 0.7195125 0.527471875 0.7268296875 0.5824171875 0.739025 0.58974375 0.7512187499999999 0.45787500000000003
3 0.6219515624999999 0.472528125 0.6024390625 0.41025625000000004 0.59024375 0.40659375000000003 0.59024375 0.523809375 0.6073171875 0.58608125 0.60975625 0.5091578125 0.6219515624999999 0.472528125
0 0.1926828125 0.24908437499999997 0.17073125 0.24542187499999998 0.15121875 0.2637359375 0.14878125 0.3113546875 0.2170734375 0.3113546875 0.20975625 0.26739999999999997 0.1926828125 0.24908437499999997
0 0.256096875 0.300365625 0.24634218749999998 0.31501875 0.24878125 0.3553109375 0.3 0.3333328125 0.2804875 0.300365625 0.256096875 0.300365625
0 0.475609375 0.3479859375 0.46585312500000003 0.3113546875 0.439025 0.31868124999999997 0.4365859375 0.3479859375 0.475609375 0.3479859375
0 0.5829265625 0.388278125 0.5731703125000001 0.3626375 0.5585359375000001 0.37362656250000004 0.5585359375000001 0.39194062500000004 0.5829265625 0.388278125
0 0.5926828125 0.42124531249999997 0.6024390625 0.42124531249999997 0.6024390625 0.40659375000000003 0.5975609375000001 0.4029296875 0.59024375 0.4029296875 0.5878046875 0.41025625000000004 0.59024375 0.41758281249999996 0.5926828125 0.42124531249999997
0 0.65121875 0.428571875 0.6536578125 0.432234375 0.6682921875 0.432234375 0.67073125 0.428571875 0.67073125 0.42124531249999997 0.665853125 0.41025625000000004 0.6536578125 0.41025625000000004 0.65121875 0.41391875 0.65121875 0.428571875
0 0.6975609375 0.45054999999999995 0.7097562500000001 0.45054999999999995 0.7121953125 0.4468859375 0.7121953125 0.43589687499999996 0.7024390625 0.4249078125 0.695121875 0.43589687499999996 0.695121875 0.4468859375 0.6975609375 0.45054999999999995
0 0.743903125 0.432234375 0.739025 0.4249078125 0.734146875 0.4249078125 0.7317078125 0.428571875 0.7317078125 0.4395609375 0.743903125 0.4395609375 0.743903125 0.432234375
0 0.760975 0.43589687499999996 0.7634140625 0.4395609375 0.7780484375000001 0.4395609375 0.7780484375000001 0.4249078125 0.7731703125 0.41758281249999996 0.765853125 0.41758281249999996 0.7634140625 0.42124531249999997 0.760975 0.428571875 0.760975 0.43589687499999996