3 0.6174999999999999 0.6259546874999999 0.6174999999999999 0.708015625 0.6275000000000001 0.7461828125000001 0.7224999999999999 0.8091609375000001 0.7125 0.5515265625 0.6825 0.5343515625 0.6849999999999999 0.5076328125 0.6675 0.48855000000000004 0.645 0.4847328125 0.625 0.5 0.6224999999999999 0.5286265625000001 0.6375 0.5400765625 0.625 0.5687015625 0.6 0.5954203125 0.5675 0.5935109375 0.5650000000000001 0.6068703125 0.585 0.608778125 0.5875 0.6221375 0.5974999999999999 0.6164125 0.6174999999999999 0.6259546874999999
3 0.6475 0.7786265625000001 0.64 0.8015265625 0.62 0.8187015625 0.675 0.8187015625 0.6825 0.83396875 0.6625 0.8625953125000001 0.67 0.8702296875 0.6925 0.8683203125000001 0.7175 0.8511453124999999 0.7175 0.8282437500000001 0.6475 0.7786265625000001
3 0.4875 0.5038171874999999 0.485 0.5209921875 0.495 0.536259375 0.465 0.56106875 0.515 0.664121875 0.585 0.7175578125000001 0.5675 0.6507640625 0.5675 0.5515265625 0.52 0.494275 0.5 0.494275 0.4875 0.5038171874999999
3 0.5900000000000001 0.7347328125 0.53 0.6870234375 0.5175 0.6870234375 0.525 0.7204203125 0.515 0.755725 0.5900000000000001 0.7633593750000001 0.5900000000000001 0.7347328125
3 0.34500000000000003 0.6106874999999999 0.34500000000000003 0.585878125 0.365 0.5687015625 0.3825 0.5706109374999999 0.3875 0.5591609375 0.3625 0.5381671875 0.34249999999999997 0.5381671875 0.325 0.5038171874999999 0.2875 0.5038171874999999 0.2875 0.5209921875 0.2975 0.5286265625000001 0.28500000000000003 0.5706109374999999 0.2875 0.6927484374999999 0.29500000000000004 0.708015625 0.33999999999999997 0.708015625 0.35 0.7041984375 0.325 0.67748125 0.32999999999999996 0.6278625 0.34500000000000003 0.6106874999999999
3 0.08499999999999999 0.5763359375 0.10500000000000001 0.603053125 0.13 0.6106874999999999 0.1575 0.652671875 0.1625 0.641221875 0.13999999999999999 0.591603125 0.145 0.5591609375 0.11000000000000001 0.5286265625000001 0.09046562500000001 0.5421 0.08499999999999999 0.5763359375
3 0.5525 0.10877812499999999 0.5349999999999999 0.10877812499999999 0.525 0.0896953125 0.51 0.08396875000000001 0.48250000000000004 0.12213750000000001 0.47750000000000004 0.15267187499999998 0.49000000000000005 0.1984734375 0.5225 0.2595421875 0.5375 0.2480921875 0.5599999999999999 0.1736640625 0.5599999999999999 0.1564890625 0.5375 0.141221875 0.5375 0.12404531249999999 0.5599999999999999 0.1183203125 0.5525 0.10877812499999999
0 0.6849999999999999 0.5095421875 0.6799999999999999 0.494275 0.6625 0.4847328125 0.6425 0.4847328125 0.625 0.4980921875 0.625 0.5267171875 0.65 0.5267171875 0.6849999999999999 0.5095421875
0 0.5325 0.5133593750000001 0.5325 0.5038171874999999 0.515 0.4923671875 0.495 0.494275 0.48250000000000004 0.5076328125 0.48 0.524809375 0.495 0.5286265625000001 0.5325 0.5133593750000001
0 0.3275 0.5152671875 0.3125 0.4980921875 0.2875 0.5038171874999999 0.2925 0.5267171875 0.3275 0.5152671875
0 0.505 0.085878125 0.5 0.103053125 0.5225 0.10687031250000001 0.53 0.1011453125 0.525 0.0877859375 0.505 0.085878125