2 0.01 0.41477343749999995 0.01 0.42329531249999997 0.012 0.42613593749999995 0.018 0.42329531249999997 0.04 0.42329531249999997 0.038 0.41477343749999995 0.03 0.40625 0.018 0.40625 0.012 0.409090625 0.01 0.41477343749999995
2 0.11000000000000001 0.42045468750000003 0.096 0.42045468750000003 0.088 0.42897656250000005 0.086 0.434659375 0.088 0.4375 0.092 0.4375 0.094 0.434659375 0.10800000000000001 0.440340625 0.11200000000000002 0.44602343749999995 0.12 0.44602343749999995 0.12 0.434659375 0.118 0.42897656250000005 0.11000000000000001 0.42045468750000003
2 0.238 0.3522734375 0.21400000000000002 0.3522734375 0.20600000000000002 0.36079531249999997 0.20400000000000001 0.3664765625 0.20400000000000001 0.3835234375 0.21000000000000002 0.3835234375 0.21400000000000002 0.38068124999999997 0.22000000000000003 0.3863640625 0.22999999999999998 0.37784062500000004 0.236 0.37784062500000004 0.248 0.3664765625 0.246 0.35795468750000003 0.238 0.3522734375
2 0.27799999999999997 0.41193125 0.266 0.41193125 0.262 0.41761406250000005 0.26 0.41761406250000005 0.258 0.42045468750000003 0.258 0.43181875 0.264 0.42897656250000005 0.266 0.42329531249999997 0.27799999999999997 0.42329531249999997 0.282 0.43181875 0.286 0.43181875 0.284 0.41761406250000005 0.282 0.41761406250000005 0.27799999999999997 0.41193125
2 0.364 0.41193125 0.356 0.41193125 0.352 0.41477343749999995 0.35 0.41761406250000005 0.35 0.43181875 0.358 0.42897656250000005 0.36 0.43181875 0.368 0.43181875 0.374 0.440340625 0.378 0.4375 0.378 0.42613593749999995 0.374 0.41761406250000005 0.364 0.41193125
2 0.434 0.4375 0.462 0.4375 0.462 0.42613593749999995 0.454 0.41477343749999995 0.45 0.41193125 0.438 0.41193125 0.434 0.41761406250000005 0.43200000000000005 0.42613593749999995 0.434 0.4375
2 0.554 0.42045468750000003 0.548 0.42897656250000005 0.548 0.4375 0.568 0.4375 0.572 0.440340625 0.5740000000000001 0.4375 0.5740000000000001 0.42329531249999997 0.572 0.42045468750000003 0.5660000000000001 0.41761406250000005 0.558 0.41761406250000005 0.554 0.42045468750000003
2 0.58 0.3977265625 0.576 0.403409375 0.576 0.41761406250000005 0.58 0.41761406250000005 0.5820000000000001 0.41477343749999995 0.604 0.42045468750000003 0.608 0.41761406250000005 0.608 0.40625 0.6 0.3948859375 0.584 0.3948859375 0.58 0.3977265625
2 0.638 0.41761406250000005 0.634 0.42045468750000003 0.628 0.42045468750000003 0.624 0.42613593749999995 0.622 0.4375 0.632 0.4375 0.634 0.440340625 0.636 0.4375 0.642 0.4375 0.644 0.440340625 0.6519999999999999 0.4375 0.648 0.42613593749999995 0.644 0.42613593749999995 0.638 0.41761406250000005
2 0.6940000000000001 0.4375 0.696 0.440340625 0.716 0.440340625 0.716 0.42897656250000005 0.712 0.42045468750000003 0.7 0.42045468750000003 0.696 0.42613593749999995 0.6940000000000001 0.43181875 0.6940000000000001 0.4375
2 0.724 0.3948859375 0.718 0.40056875 0.716 0.40625 0.716 0.41477343749999995 0.72 0.41477343749999995 0.736 0.42329531249999997 0.744 0.42329531249999997 0.746 0.42045468750000003 0.746 0.409090625 0.744 0.403409375 0.736 0.3948859375 0.724 0.3948859375
2 0.758 0.41193125 0.754 0.41761406250000005 0.754 0.43181875 0.756 0.434659375 0.774 0.4375 0.788 0.4375 0.79 0.434659375 0.786 0.42045468750000003 0.78 0.409090625 0.764 0.409090625 0.758 0.41193125
2 0.836 0.42613593749999995 0.8300000000000001 0.434659375 0.8300000000000001 0.44602343749999995 0.8560000000000001 0.44602343749999995 0.8640000000000001 0.45170468750000003 0.866 0.44886406250000005 0.866 0.434659375 0.858 0.42045468750000003 0.85 0.42045468750000003 0.8480000000000001 0.42329531249999997 0.836 0.42613593749999995
2 0.9339999999999999 0.42045468750000003 0.932 0.41193125 0.9199999999999999 0.40056875 0.906 0.40056875 0.8960000000000001 0.41193125 0.8939999999999999 0.42045468750000003 0.8939999999999999 0.434659375 0.8960000000000001 0.4375 0.9039999999999999 0.4375 0.906 0.434659375 0.9179999999999999 0.440340625 0.9199999999999999 0.4375 0.932 0.4375 0.9339999999999999 0.43181875 0.9339999999999999 0.42045468750000003
3 0.9640000000000001 0.7670453125 0.974 0.7585234375 0.976 0.7386359375 0.974 0.6789765625 0.9880000000000001 0.5198859375 0.9800000000000001 0.47727343749999995 0.96 0.46022656250000005 0.958 0.42329531249999997 0.952 0.41477343749999995 0.9380000000000001 0.41193125 0.9380000000000001 0.46306875 0.96 0.5028406249999999 0.966 0.5255687499999999 0.958 0.6278406249999999 0.952 0.6477265625 0.9560000000000001 0.6647734375 0.954 0.7244312500000001 0.9480000000000001 0.7556812500000001 0.95 0.7670453125 0.9640000000000001 0.7670453125
2 0.9380000000000001 0.41193125 0.9359999999999999 0.41477343749999995 0.9359999999999999 0.42613593749999995 0.9380000000000001 0.43181875 0.952 0.4375 0.958 0.4375 0.96 0.42897656250000005 0.9560000000000001 0.41761406250000005 0.954 0.41761406250000005 0.95 0.41193125 0.9380000000000001 0.41193125
3 0.036 0.44318125 0.04 0.43181875 0.038 0.41761406250000005 0.028000000000000004 0.40625 0.012 0.41193125 0 0.45738593749999995 0.002 0.7272734375 0.008 0.7386359375 0.036 0.7301140625 0.048 0.7386359375 0.052000000000000005 0.7215906249999999 0.052000000000000005 0.5340906249999999 0.062 0.48295468750000003 0.057999999999999996 0.46875 0.036 0.44318125
3 0.13799999999999998 0.5227265625 0.12 0.45738593749999995 0.12 0.4375 0.11200000000000002 0.42329531249999997 0.09 0.42613593749999995 0.08 0.48011406250000005 0.06999999999999999 0.48579531249999997 0.062 0.5056812500000001 0.062 0.5284093750000001 0.054000000000000006 0.5369312500000001 0.064 0.59375 0.057999999999999996 0.7784093750000001 0.066 0.8011359375 0.08 0.80681875 0.10800000000000001 0.7784093750000001 0.118 0.7869312500000001 0.132 0.7840906249999999 0.13799999999999998 0.5227265625
3 0.27 0.65625 0.268 0.5596593750000001 0.27999999999999997 0.5113640625 0.248 0.434659375 0.254 0.3948859375 0.242 0.3551140625 0.20800000000000002 0.35795468750000003 0.196 0.4375 0.174 0.471590625 0.174 0.5340906249999999 0.19 0.6221593750000001 0.192 0.83806875 0.2 0.9176140625 0.246 0.9289765624999999 0.266 0.8892046875 0.246 0.8721593750000001 0.244 0.8409093750000001 0.262 0.7386359375 0.27 0.65625
3 0.3003359375 0.541778125 0.29367031250000003 0.49093593750000003 0.284 0.42329531249999997 0.27999999999999997 0.41477343749999995 0.264 0.41477343749999995 0.258 0.42897656250000005 0.258 0.4375 0.256 0.440340625 0.26 0.45170468750000003 0.26 0.46306875 0.266 0.48011406250000005 0.274 0.48863593749999995 0.267840625 0.76181875 0.2820046875 0.7351468750000001 0.2913796875 0.6245015625 0.3003359375 0.541778125
3 0.382 0.5653406249999999 0.392 0.5142046875 0.392 0.49431875 0.382 0.47727343749999995 0.372 0.41761406250000005 0.354 0.41477343749999995 0.35 0.42045468750000003 0.33999999999999997 0.46875 0.318 0.49147656250000005 0.312 0.5227265625 0.314 0.6875 0.304 0.7386359375 0.306 0.7784093750000001 0.318 0.7840906249999999 0.322 0.7727265625 0.356 0.7869312500000001 0.37 0.75 0.376 0.6363640625 0.384 0.6136359375 0.382 0.5653406249999999
3 0.47000000000000003 0.7556812500000001 0.476 0.7727265625 0.488 0.7727265625 0.48 0.5880687499999999 0.488 0.5198859375 0.48 0.48011406250000005 0.45999999999999996 0.44318125 0.45999999999999996 0.42613593749999995 0.44800000000000006 0.41193125 0.434 0.41761406250000005 0.43200000000000005 0.47727343749999995 0.422 0.48295468750000003 0.414 0.5028406249999999 0.43 0.6742421875 0.42400000000000004 0.7585234375 0.418 0.7698859375 0.434 0.7727265625 0.44000000000000006 0.7642046875 0.453028125 0.6295015625 0.47000000000000003 0.7556812500000001
3 0.558 0.41761406250000005 0.55 0.42613593749999995 0.55 0.44318125 0.534 0.48863593749999995 0.532 0.75 0.546 0.7443187499999999 0.55 0.7329546875 0.5559999999999999 0.6363640625 0.554 0.5227265625 0.564 0.465909375 0.572 0.45454531249999997 0.572 0.42329531249999997 0.568 0.41761406250000005 0.558 0.41761406250000005
3 0.6427953125 0.51510625 0.632796875 0.47093281249999996 0.62113125 0.455096875 0.61 0.4492046875 0.602 0.39806875 0.5860000000000001 0.3923859375 0.576 0.40659062500000004 0.57946875 0.457596875 0.561971875 0.4642640625 0.5561390625 0.5317765624999999 0.568 0.7361359375000001 0.572 0.7901140625 0.588 0.7872734375 0.5940000000000001 0.807159375 0.604 0.807159375 0.614 0.7986359375000001 0.62 0.77306875 0.6227968749999999 0.6309609375 0.6369625 0.5817859375000001 0.6427953125 0.51510625
3 0.666 0.48863593749999995 0.654 0.47727343749999995 0.646 0.45170468750000003 0.642 0.42045468750000003 0.636 0.41761406250000005 0.624 0.42613593749999995 0.622 0.45170468750000003 0.638 0.49431875 0.64 0.5369312500000001 0.63 0.6079546875 0.622 0.6335234375 0.622 0.7471593750000001 0.626 0.7585234375 0.6519999999999999 0.7585234375 0.67 0.5170453125 0.666 0.48863593749999995
3 0.718 0.46306875 0.712 0.42045468750000003 0.696 0.42613593749999995 0.686 0.47727343749999995 0.6759999999999999 0.49431875 0.67 0.5454546875 0.6679999999999999 0.5795453125 0.6799999999999999 0.6875 0.678 0.7585234375 0.696 0.7642046875 0.702 0.7585234375 0.702 0.6884453125000001 0.708 0.6534093750000001 0.6980000000000001 0.5667609375 0.704 0.5142046875 0.718 0.46306875
3 0.752 0.5454546875 0.758 0.47443125 0.744 0.4375 0.744 0.41477343749999995 0.734 0.3977265625 0.718 0.40625 0.72 0.44886406250000005 0.7071640625 0.4919765625 0.708 0.5085234375 0.7004984375000001 0.53531875 0.6996640625 0.5619890625 0.708 0.6107953125 0.716 0.7755687499999999 0.732 0.80681875 0.752 0.8039765624999999 0.756 0.7897734375 0.75 0.7670453125 0.744 0.5596593750000001 0.752 0.5454546875
3 0.82 0.6022734375 0.82 0.5227265625 0.78 0.41193125 0.762 0.41193125 0.754 0.42897656250000005 0.758 0.46306875 0.752 0.6363640625 0.766 0.7840906249999999 0.762 0.8125 0.782 0.8295453125 0.78 0.8409093750000001 0.786 0.8465906249999999 0.8119999999999999 0.8295453125 0.8099999999999999 0.672159375 0.82 0.6022734375
3 0.868 0.81818125 0.8720000000000001 0.5198859375 0.884 0.48863593749999995 0.858 0.42329531249999997 0.8320000000000001 0.434659375 0.836 0.48295468750000003 0.8240000000000001 0.5255687499999999 0.8220000000000001 0.6534093750000001 0.8300000000000001 0.7585234375 0.844 0.8210234375000001 0.836 0.8551140625 0.826 0.8664765624999999 0.858 0.8948859375 0.868 0.8948859375 0.8779999999999999 0.8863640625 0.876 0.8409093750000001 0.868 0.81818125
3 0.961090625 0.5842859375 0.96275625 0.5034375 0.9339999999999999 0.46306875 0.932 0.41761406250000005 0.9199999999999999 0.40056875 0.9 0.40625 0.892 0.4375 0.8960000000000001 0.46306875 0.8985984374999999 0.4884359375 0.8861000000000001 0.49260312500000003 0.8661015624999999 0.5451125 0.8594359375 0.5676171875 0.8736 0.62429375 0.882 0.9261359375 0.8939999999999999 0.9460234375000001 0.8939999999999999 0.9715906249999999 0.922 0.97443125 0.942 0.9602265624999999 0.944 0.8210234375000001 0.9569234375000001 0.6226265625 0.961090625 0.5842859375