0 0.4403765625 0.4245234375 0.451565625 0.42545625 0.4623078125 0.432946875 0.4613578125 0.417059375 0.45786249999999995 0.405859375 0.452265625 0.3974609375 0.44107343749999994 0.3955953125 0.4340796875 0.3974609375 0.42778593750000005 0.40865937499999994 0.4249875 0.417059375 0.42289062499999996 0.4273234375 0.429884375 0.42545625 0.4403765625 0.4245234375
0 0.8257656250000001 0.418940625 0.8269234375 0.42986874999999997 0.83765625 0.4264046875 0.8551437500000001 0.42733906250000003 0.8698312500000001 0.4320046875 0.8712296875 0.421740625 0.86773125 0.40587656250000004 0.8621375 0.39654375000000003 0.8516453125 0.39001406250000004 0.83835625 0.393746875 0.8313625 0.40587656250000004 0.8257656250000001 0.418940625
3 0.892 0.496 0.8720000000000001 0.46133281249999997 0.8619999999999999 0.3973328125 0.8380000000000001 0.39466718749999996 0.826 0.42933281250000005 0.8320000000000001 0.4853328125 0.82 0.5573328125 0.8240000000000001 0.7786671875 0.8699999999999999 0.8106671875 0.8800000000000001 0.8053328125 0.8859999999999999 0.7813328125 0.8859999999999999 0.6666671875 0.8779999999999999 0.6266671875000001 0.8859999999999999 0.6053328125 0.892 0.496
3 0.8160000000000001 0.584 0.8300000000000001 0.46666718749999997 0.8099999999999999 0.4266671875 0.8140000000000001 0.3866671875 0.8 0.3626671875 0.78 0.3653328125 0.768 0.3786671875 0.78 0.45333281249999996 0.756 0.5626671875 0.782 0.8186671875 0.75 0.8480000000000001 0.764 0.8613328125 0.758 0.8800000000000001 0.768 0.8880000000000001 0.8160000000000001 0.8880000000000001 0.8240000000000001 0.8 0.8160000000000001 0.6986671875 0.8220000000000001 0.6053328125 0.8160000000000001 0.584
3 0.728 0.512 0.722 0.48 0.704 0.46133281249999997 0.714 0.4426671875 0.71 0.4186671875 0.688 0.4106671875 0.678 0.42133281250000004 0.6799999999999999 0.472 0.662 0.4906671875 0.654 0.488 0.646 0.5066671875 0.662 0.6026671875 0.666 0.6826671875 0.6799999999999999 0.72 0.6799999999999999 0.7706671875 0.6679999999999999 0.7973328125 0.708 0.8133328125 0.722 0.7253328125 0.724 0.5813328125 0.716 0.5599999999999999 0.728 0.512
3 0.544 0.6853328125 0.546 0.64 0.5599999999999999 0.6186671875 0.562 0.5546671875 0.558 0.488 0.532 0.44800000000000006 0.534 0.3973328125 0.526 0.384 0.502 0.3893328125 0.496 0.44800000000000006 0.47000000000000003 0.4773328125 0.466 0.5519999999999999 0.47800000000000004 0.624 0.488 0.6426671875000001 0.48600000000000004 0.8106671875 0.496 0.8373328125 0.514 0.8426671875 0.55 0.8106671875 0.534 0.792 0.532 0.7226671875 0.544 0.6853328125
3 0.41600000000000004 0.5626671875 0.40199999999999997 0.4346671875 0.418 0.40800000000000003 0.41 0.36 0.392 0.3546671875 0.374 0.368 0.37 0.4186671875 0.344 0.46666718749999997 0.34199999999999997 0.52 0.356 0.6666671875 0.356 0.8906671875000001 0.372 0.9226671874999999 0.43200000000000005 0.9253328125 0.44000000000000006 0.9146671874999999 0.41600000000000004 0.9013328125 0.40800000000000003 0.8533328125 0.418 0.696 0.41600000000000004 0.5626671875
3 0.466 0.6933328125 0.46799999999999997 0.5786671875 0.462 0.5546671875 0.46799999999999997 0.4693328125 0.454 0.46399999999999997 0.45599999999999996 0.40266718749999997 0.434 0.3973328125 0.426 0.4106671875 0.422 0.48 0.43200000000000005 0.6106671875 0.42400000000000004 0.6293328125000001 0.426 0.6533328125 0.43 0.6826671875 0.446 0.7013328125 0.45 0.7706671875 0.47400000000000003 0.7733328125 0.48200000000000004 0.7653328125 0.466 0.6933328125
3 0.292 0.6586671875000001 0.31 0.624 0.308 0.5866671875 0.274 0.4426671875 0.254 0.44533281249999995 0.252 0.4773328125 0.22999999999999998 0.5253328125000001 0.22400000000000003 0.5573328125 0.244 0.6719999999999999 0.242 0.7733328125 0.252 0.7973328125 0.264 0.7973328125 0.27799999999999997 0.7813328125 0.3 0.776 0.296 0.768 0.292 0.6586671875000001
3 0.21000000000000002 0.5413328125 0.184 0.4746671875 0.188 0.4426671875 0.176 0.43200000000000005 0.162 0.4346671875 0.154 0.45599999999999996 0.148 0.512 0.156 0.5599999999999999 0.144 0.5786671875 0.148 0.6373328125 0.13799999999999998 0.8 0.146 0.8213328125 0.158 0.8213328125 0.176 0.8 0.21600000000000003 0.8 0.198 0.7653328125 0.196 0.576 0.20600000000000002 0.568 0.21000000000000002 0.5413328125
3 0.15 0.8480000000000001 0.132 0.808 0.136 0.7226671875 0.148 0.6613328125 0.13999999999999999 0.5813328125 0.16599999999999998 0.5653328125 0.132 0.4346671875 0.132 0.40800000000000003 0.122 0.3893328125 0.096 0.39466718749999996 0.094 0.45599999999999996 0.066 0.4746671875 0.05600000000000001 0.5013328125000001 0.05600000000000001 0.5599999999999999 0.076 0.5973328125 0.06999999999999999 0.8 0.05600000000000001 0.8613328125 0.05600000000000001 0.8720000000000001 0.066 0.8720000000000001 0.086 0.8560000000000001 0.09 0.8320000000000001 0.11399999999999999 0.8453328125 0.15 0.8480000000000001
2 0.134 0.4106671875 0.122 0.3893328125 0.1 0.3893328125 0.094 0.3973328125 0.098 0.42400000000000004 0.132 0.42400000000000004 0.134 0.4106671875
2 0.19 0.4506671875 0.176 0.43200000000000005 0.156 0.4426671875 0.156 0.46399999999999997 0.19 0.4506671875
2 0.252 0.44800000000000006 0.254 0.4693328125 0.26 0.46133281249999997 0.282 0.46399999999999997 0.272 0.44000000000000006 0.252 0.44800000000000006
2 0.4 0.3546671875 0.384 0.35733281250000004 0.372 0.3733328125 0.376 0.4106671875 0.418 0.3893328125 0.414 0.3653328125 0.4 0.3546671875
2 0.5 0.392 0.5 0.41333281250000004 0.514 0.3973328125 0.536 0.40533281250000003 0.526 0.384 0.5 0.392
2 0.704 0.4506671875 0.714 0.44000000000000006 0.708 0.41600000000000004 0.688 0.4106671875 0.678 0.42133281250000004 0.6759999999999999 0.43733281249999995 0.692 0.43200000000000005 0.704 0.4506671875
2 0.765690625 0.3784796875 0.782965625 0.3821203125 0.782965625 0.40274374999999996 0.8011515625 0.3894 0.799334375 0.4124484375 0.812971875 0.423365625 0.8140000000000001 0.3813328125 0.8019999999999999 0.3626671875 0.77 0.3706671875 0.765690625 0.3784796875