3 0.8619999999999999 0.49732656249999996 0.818 0.451871875 0.8119999999999999 0.425134375 0.8240000000000001 0.36096249999999996 0.8 0.3235296875 0.77 0.32085625 0.748 0.33957187499999997 0.74 0.4171125 0.756 0.45989375 0.724 0.5454546875 0.704 0.7245984375 0.702 0.8315515625 0.71 0.8716578125 0.728 0.8716578125 0.746 0.9064171875 0.732 0.9278078125 0.738 0.9973265625 0.8460000000000001 0.9973265625 0.882 0.6604281249999999 0.8800000000000001 0.5588234375 0.8619999999999999 0.49732656249999996
3 0.588 0.9973265625 0.72 0.9973265625 0.72 0.9358281249999999 0.6759999999999999 0.93048125 0.6639999999999999 0.90374375 0.6639999999999999 0.8823531250000001 0.6980000000000001 0.8422453125 0.6980000000000001 0.7513375 0.726 0.5347593749999999 0.722 0.5187171875 0.686 0.5 0.678 0.47459843749999997 0.6915921875000001 0.43139374999999996 0.678 0.3850265625 0.646 0.3663109375 0.618 0.38235312499999996 0.609140625 0.41164375 0.614 0.45454531249999997 0.6165234374999999 0.4922859375 0.6036015625 0.5038046875 0.5623765625 0.5227296875 0.5346875 0.563875 0.49715468749999997 0.65274375 0.442 0.6764703125 0.4337765625 0.703759375 0.40977968750000004 0.721040625 0.4423921875 0.756421875 0.4626953125 0.7259765625 0.466 0.7165781250000001 0.479309375 0.713634375 0.568 0.6951875000000001 0.584 0.7566843750000001 0.576 0.9171125 0.588 0.9973265625
3 0.434 0.70855625 0.44400000000000006 0.6604281249999999 0.49000000000000005 0.6550796875 0.502 0.644384375 0.51 0.604278125 0.54 0.5534765625 0.528 0.49732656249999996 0.48 0.45721875 0.504 0.3877 0.502 0.36096249999999996 0.488 0.33689843750000004 0.462 0.32887656249999997 0.44000000000000006 0.3449203125 0.43 0.3663109375 0.42000000000000004 0.44652343749999995 0.362 0.47593593749999996 0.346 0.49732656249999996 0.32599999999999996 0.5855609375 0.324 0.6524062500000001 0.356 0.7326203125 0.35 0.93048125 0.358 0.9973265625 0.506 0.9973265625 0.516 0.8128343750000001 0.51 0.7165781250000001 0.46799999999999997 0.7192515625 0.45999999999999996 0.7352937500000001 0.434 0.70855625
3 0.254 0.9973265625 0.268 0.843315625 0.29 0.8074859375000001 0.296 0.770053125 0.3 0.5534765625 0.286 0.5133687499999999 0.254 0.4705875 0.258 0.44117656250000004 0.268 0.42780781250000005 0.27 0.390375 0.252 0.3449203125 0.21800000000000003 0.33689843750000004 0.198 0.352940625 0.192 0.37433125 0.194 0.44385 0.186 0.4705875 0.128 0.5133687499999999 0.096 0.6684484375 0.088 0.770053125 0.096 0.8556156250000001 0.10400000000000001 0.8636359375 0.1685 0.8609625 0.188 0.88970625 0.186 0.9411765624999999 0.148 0.9545453125 0.134 0.9839578124999999 0.144 0.9973265625 0.254 0.9973265625
3 0.08 0.31550781250000004 0.086 0.3877 0.13799999999999998 0.48930468749999995 0.144 0.49465312499999997 0.16999999999999998 0.47593593749999996 0.16399999999999998 0.44919843750000005 0.124 0.409090625 0.124 0.355615625 0.11599999999999999 0.32620312500000004 0.10200000000000001 0.312834375 0.08 0.31550781250000004
3 0 0.5775406249999999 0.02 0.602940625 0.018 0.6844921875 0.03 0.7807484375 0.03 0.8663109375 0.09 0.8716578125 0.08199999999999999 0.770053125 0.092 0.7272734375 0.092 0.6497328125 0.122 0.5106953125 0.136 0.48930468749999995 0.10200000000000001 0.41443906249999996 0.08399999999999999 0.31818124999999997 0.028000000000000004 0.31818124999999997 0.006 0.36898437500000003 0.016 0.44919843750000005 0 0.46791406249999995 0 0.5775406249999999
3 0.53 0.49732656249999996 0.548 0.5454546875 0.554 0.521390625 0.532 0.48663125 0.53 0.44117656250000004 0.516 0.425134375 0.496 0.43048125 0.49000000000000005 0.45989375 0.53 0.49732656249999996
3 0.52 0.7860968749999999 0.526 0.7165781250000001 0.516 0.7165781250000001 0.512 0.7540109375 0.52 0.7860968749999999
3 0.33999999999999997 0.5187171875 0.362 0.4732625 0.394 0.45454531249999997 0.384 0.435828125 0.394 0.355615625 0.382 0.334225 0.352 0.32887656249999997 0.33599999999999997 0.3449203125 0.33399999999999996 0.40641718750000005 0.324 0.44385 0.296 0.465240625 0.288 0.49465312499999997 0.304 0.5534765625 0.304 0.7005343749999999 0.298 0.7834218749999999 0.27799999999999997 0.8128343750000001 0.268 0.9973265625 0.31 0.9973265625 0.354 0.7245984375 0.32 0.6497328125 0.32 0.6176468749999999 0.33999999999999997 0.5187171875
3 0.174 0.4705875 0.186 0.46791406249999995 0.19 0.45454531249999997 0.16799999999999998 0.41176406249999997 0.16799999999999998 0.3770046875 0.152 0.3663109375 0.128 0.3770046875 0.13 0.41443906249999996 0.174 0.4705875
2 0.746 0.37165781249999996 0.748 0.36096249999999996 0.79 0.3422453125 0.8019999999999999 0.37967968750000003 0.8220000000000001 0.395721875 0.8240000000000001 0.35828906250000003 0.806 0.32620312500000004 0.766 0.32085625 0.748 0.33689843750000004 0.746 0.37165781249999996
2 0.614 0.41176406249999997 0.632 0.395721875 0.6519999999999999 0.395721875 0.666 0.42780781250000005 0.682 0.425134375 0.682 0.395721875 0.6639999999999999 0.37165781249999996 0.634 0.36898437500000003 0.614 0.390375 0.614 0.41176406249999997
2 0.49400000000000005 0.43315468749999997 0.492 0.44919843750000005 0.524 0.45721875 0.53 0.44919843750000005 0.518 0.425134375 0.49400000000000005 0.43315468749999997
2 0.43200000000000005 0.355615625 0.43 0.37433125 0.446 0.3422453125 0.48 0.33957187499999997 0.49400000000000005 0.36096249999999996 0.49400000000000005 0.395721875 0.502 0.39839531250000004 0.502 0.35026718749999997 0.47800000000000004 0.32620312500000004 0.44800000000000006 0.3315515625 0.43200000000000005 0.355615625
2 0.33599999999999997 0.3449203125 0.33399999999999996 0.38235312499999996 0.34701875000000004 0.35795468750000003 0.369 0.36096249999999996 0.382 0.36096249999999996 0.388 0.38235312499999996 0.394 0.37165781249999996 0.394 0.352940625 0.382 0.334225 0.354 0.32887656249999997 0.33599999999999997 0.3449203125
2 0.192 0.395721875 0.21000000000000002 0.3663109375 0.238 0.3663109375 0.256 0.40374375 0.27 0.40106875000000003 0.26 0.352940625 0.24 0.33689843750000004 0.21200000000000002 0.33689843750000004 0.192 0.36898437500000003 0.192 0.395721875
2 0.16799999999999998 0.40641718750000005 0.172 0.3877 0.16599999999999998 0.37433125 0.15 0.3663109375 0.13 0.37165781249999996 0.128 0.40106875000000003 0.142 0.395721875 0.16799999999999998 0.40641718750000005
2 0.05600000000000001 0.36096249999999996 0.06999999999999999 0.38235312499999996 0.086 0.37165781249999996 0.074 0.31818124999999997 0.028000000000000004 0.31818124999999997 0.02 0.32887656249999997 0.036 0.3636359375 0.05600000000000001 0.36096249999999996
2 0.09 0.31016093749999996 0.074 0.31550781250000004 0.088 0.36898437500000003 0.122 0.37165781249999996 0.11599999999999999 0.3235296875 0.09 0.31016093749999996