3 0.6639999999999999 0.8266671875 0.6599999999999999 0.7546671875000001 0.63 0.6666671875 0.622 0.6 0.6 0.5493328125 0.568 0.52 0.496 0.4906671875 0.476 0.45599999999999996 0.504 0.40266718749999997 0.514 0.3626671875 0.506 0.2533328125 0.47800000000000004 0.22133281249999998 0.4 0.21333281249999997 0.352 0.256 0.344 0.2853328125 0.346 0.3253328125 0.352 0.3813328125 0.366 0.42400000000000004 0.352 0.4346671875 0.33399999999999996 0.472 0.284 0.5013328125000001 0.254 0.5306671875 0.236 0.5733328125 0.22000000000000003 0.7013328125 0.22000000000000003 0.7706671875 0.244 0.792 0.262 0.8773328125000001 0.312 0.9973328125 0.5740000000000001 0.9973328125 0.5860000000000001 0.8453328125 0.5980000000000001 0.8293328125 0.63 0.8533328125 0.648 0.8560000000000001 0.6639999999999999 0.8266671875
3 0.744 0.8640000000000001 0.752 0.776 0.746 0.4506671875 0.764 0.4266671875 0.77 0.384 0.768 0.3386671875 0.758 0.3226671875 0.72 0.3226671875 0.704 0.344 0.704 0.4266671875 0.6559999999999999 0.4826671875 0.63 0.592 0.634 0.616 0.6519999999999999 0.6453328125 0.636 0.6719999999999999 0.654 0.6906671875 0.6679999999999999 0.8240000000000001 0.6639999999999999 0.8426671875 0.646 0.8613328125 0.628 0.9973328125 0.718 0.9973328125 0.744 0.8640000000000001
3 0.246 0.8480000000000001 0.242 0.8 0.21400000000000002 0.7706671875 0.22200000000000003 0.6346671875000001 0.23399999999999999 0.568 0.252 0.528 0.284 0.496 0.23199999999999998 0.46666718749999997 0.244 0.44000000000000006 0.254 0.3813328125 0.246 0.3093328125 0.22999999999999998 0.2853328125 0.182 0.27733281249999997 0.134 0.288 0.126 0.368 0.148 0.42933281250000005 0.148 0.44800000000000006 0.10800000000000001 0.5093328125000001 0.094 0.5466671875 0.096 0.7226671875 0.118 0.8 0.142 0.8346671875 0.13999999999999999 0.8800000000000001 0.152 0.9946671874999999 0.288 0.992 0.294 0.976 0.284 0.968 0.27799999999999997 0.9279999999999999 0.246 0.8480000000000001
3 0.852 0.9973328125 0.998 0.9973328125 0.998 0.4452 0.992 0.43733281249999995 0.998 0.41826718749999997 0.998 0.1893328125 0.954 0.21333281249999997 0.944 0.23199999999999998 0.952 0.256 0.932 0.34933281250000003 0.954 0.4106671875 0.99 0.4266671875 0.96 0.48 0.932 0.6053328125 0.924 0.6906671875 0.9019999999999999 0.728 0.8960000000000001 0.8320000000000001 0.852 0.9973328125
3 0.142 0.9973328125 0.148 0.9813328125 0.13799999999999998 0.9306671874999999 0.132 0.8133328125 0.11399999999999999 0.8026671875 0.092 0.7146671875 0.096 0.6586671875000001 0.09 0.5866671875 0.10200000000000001 0.5146671875 0.134 0.4746671875 0.146 0.43733281249999995 0.122 0.3626671875 0.10400000000000001 0.3626671875 0.078 0.39466718749999996 0.068 0.42400000000000004 0.072 0.4693328125 0.057999999999999996 0.4906671875 0.054000000000000006 0.52 0.08 0.6106671875 0.078 0.7226671875 0.10200000000000001 0.7973328125 0.10200000000000001 0.8800000000000001 0.118 0.944 0.118 0.9893328125 0.142 0.9973328125
3 0.254 0.392 0.248 0.42933281250000005 0.22999999999999998 0.46133281249999997 0.286 0.496 0.31 0.48 0.31 0.45333281249999996 0.27799999999999997 0.344 0.254 0.32 0.25 0.3253328125 0.254 0.392
2 0.21800000000000003 0.27733281249999997 0.16999999999999998 0.2853328125 0.152 0.27733281249999997 0.134 0.2906671875 0.128 0.3226671875 0.126 0.368 0.142 0.41600000000000004 0.15 0.4266671875 0.16599999999999998 0.4266671875 0.178 0.4186671875 0.186 0.376 0.2 0.3653328125 0.22599999999999998 0.376 0.246 0.312 0.21800000000000003 0.27733281249999997
2 0.348 0.2586671875 0.346 0.3306671875 0.38 0.3973328125 0.41 0.40533281250000003 0.476 0.3973328125 0.5 0.3706671875 0.514 0.3386671875 0.508 0.2506671875 0.48 0.21600000000000003 0.398 0.2106671875 0.348 0.2586671875
2 0.76 0.3226671875 0.74 0.3173328125 0.7169921875 0.3249171875 0.705171875 0.345540625 0.7033515625 0.3685890625 0.7033515625 0.39042656249999996 0.706990625 0.41590156250000004 0.7306296875 0.41347500000000004 0.743359375 0.379509375 0.756 0.392 0.766 0.3786671875 0.768 0.33599999999999997 0.76 0.3226671875
2 0.962 0.27733281249999997 0.99 0.3173328125 0.998 0.3066671875 0.998 0.1893328125 0.9560000000000001 0.2106671875 0.944 0.24 0.9640000000000001 0.2533328125 0.962 0.27733281249999997
2 0.128 0.3893328125 0.12458125 0.3642453125 0.1079125 0.362221875 0.09275781250000001 0.3773859375 0.0760875 0.39861562500000003 0.11399999999999999 0.40800000000000003 0.128 0.3893328125
2 0.279915625 0.35312343749999997 0.26551874999999997 0.3329046875 0.2518796875 0.3258296875 0.25263749999999996 0.3561578125 0.2602140625 0.38041874999999997 0.26551874999999997 0.3521125 0.279915625 0.35312343749999997