0 0.27599999999999997 0.4491015625 0.264 0.44610781250000003 0.254 0.4520953125 0.25 0.458084375 0.248 0.46407187499999997 0.248 0.4790421875 0.252 0.48203593749999996 0.256 0.4790421875 0.268 0.4790421875 0.27 0.48203593749999996 0.27999999999999997 0.48203593749999996 0.286 0.4790421875 0.286 0.47005937500000006 0.27599999999999997 0.4491015625
3 0.27799999999999997 0.8413171875 0.288 0.8353296875 0.288 0.79041875 0.298 0.7634734375 0.296 0.57485 0.282 0.49700625 0.284 0.473053125 0.27599999999999997 0.4491015625 0.266 0.44610781250000003 0.25 0.458084375 0.252 0.5149703125 0.23199999999999998 0.538921875 0.23199999999999998 0.601796875 0.242 0.6307390625 0.244 0.6676640625 0.244 0.7694609375 0.258 0.8023953125000001 0.26 0.829340625 0.272 0.829340625 0.27799999999999997 0.8413171875
0 0.32999999999999996 0.401196875 0.32599999999999996 0.398203125 0.32 0.398203125 0.318 0.395209375 0.308 0.398203125 0.3 0.4101796875 0.3 0.41916093749999994 0.298 0.42215625 0.298 0.437125 0.302 0.4431140625 0.308 0.44012031250000005 0.32999999999999996 0.4161671875 0.33199999999999996 0.41916093749999994 0.33399999999999996 0.4161671875 0.33399999999999996 0.4071859375 0.32999999999999996 0.401196875
3 0.362 0.6526953125 0.36 0.6047906249999999 0.348 0.5479046875 0.346 0.48203593749999996 0.32999999999999996 0.40419218749999997 0.312 0.398203125 0.3 0.4161671875 0.31 0.46107812499999995 0.296 0.50299375 0.296 0.6646703125 0.304 0.7365265625 0.296 0.8503000000000001 0.33999999999999997 0.8323359375000001 0.358 0.8503000000000001 0.368 0.8443109375000001 0.36 0.8113765624999999 0.362 0.6526953125
0 0.404 0.323353125 0.388 0.326346875 0.38 0.3353296875 0.378 0.3353296875 0.378 0.3383234375 0.374 0.3443109375 0.372 0.3503 0.372 0.3712578125 0.374 0.37425156249999997 0.422 0.3682640625 0.426 0.362275 0.42800000000000005 0.362275 0.42800000000000005 0.35928125 0.418 0.3383234375 0.41200000000000003 0.329340625 0.404 0.323353125
3 0.48296406249999996 0.9243234375 0.49096406249999996 0.915340625 0.4769640625 0.87043125 0.4609640625 0.5740234375 0.46696406250000005 0.44827500000000003 0.4269640625 0.40635937499999997 0.4309640625 0.3584546875 0.41696406250000007 0.328515625 0.38896406250000004 0.328515625 0.37696406250000003 0.37043125 0.3893234375 0.42152031250000005 0.35567187499999997 0.44960781250000004 0.344640625 0.5446078125 0.3689640625 0.5770171875 0.40096406250000005 0.9243234375 0.4229640625 0.9362999999999999 0.41304375000000004 0.779215625 0.4224234375 0.710653125 0.45496406250000004 0.9063593750000001 0.48296406249999996 0.9243234375
0 0.528 0.3323359375 0.52 0.3353296875 0.512 0.3503 0.51 0.35928125 0.51 0.3712578125 0.508 0.37425156249999997 0.508 0.3802390625 0.512 0.3832328125 0.524 0.37425156249999997 0.54 0.37425156249999997 0.542 0.36526875 0.538 0.3353296875 0.53 0.3353296875 0.528 0.3323359375
3 0.5374484374999999 0.5351015625 0.5354484375 0.4931859375 0.5394484375 0.487196875 0.5514484375 0.40635937499999997 0.5414484374999999 0.37941250000000004 0.5394484375 0.343484375 0.5354484375 0.334503125 0.5254484374999999 0.331509375 0.5174484374999999 0.337496875 0.5114484375 0.3524671875 0.5114484375 0.40635937499999997 0.5294484374999999 0.44827500000000003 0.5254484374999999 0.5710296875 0.5274484375 0.5979765625 0.5314484375 0.6069578124999999 0.5338578125 0.747 0.5459937499999999 0.868434375 0.5228234375 0.9080875 0.56475 0.8890874999999999 0.5374484374999999 0.5351015625
0 0.5940000000000001 0.329340625 0.5940000000000001 0.3083828125 0.588 0.287425 0.576 0.27844375 0.554 0.27844375 0.542 0.29341249999999997 0.536 0.314371875 0.536 0.323353125 0.54 0.326346875 0.548 0.320359375 0.5599999999999999 0.320359375 0.562 0.323353125 0.568 0.323353125 0.584 0.3353296875 0.5900000000000001 0.3353296875 0.5940000000000001 0.329340625
3 0.588 0.9311375 0.596 0.9640718749999999 0.5860000000000001 0.9970062499999999 0.622 0.9970062499999999 0.636 0.9640718749999999 0.628 0.74650625 0.638 0.44610781250000003 0.618 0.395209375 0.592 0.3802390625 0.5940000000000001 0.317365625 0.584 0.28443125 0.5519999999999999 0.2814375 0.536 0.317365625 0.544 0.3802390625 0.558 0.4071859375 0.544 0.458084375 0.53 0.6526953125 0.5559999999999999 0.7185625 0.564 0.86526875 0.5559999999999999 0.9191609375 0.534 0.9491015624999999 0.564 0.9520953125 0.588 0.9311375
0 0.71 0.4431140625 0.7 0.4431140625 0.692 0.4520953125 0.6900000000000001 0.458084375 0.6900000000000001 0.47005937500000006 0.692 0.473053125 0.7 0.473053125 0.702 0.47005937500000006 0.718 0.47005937500000006 0.72 0.46706562500000004 0.718 0.46107812499999995 0.718 0.4520953125 0.71 0.4431140625
3 0.758 0.5508984375 0.736 0.5119765625 0.722 0.50299375 0.716 0.4850296875 0.718 0.458084375 0.708 0.4431140625 0.696 0.44610781250000003 0.6900000000000001 0.458084375 0.6940000000000001 0.4880234375 0.682 0.5269468749999999 0.6900000000000001 0.7245515625000001 0.6839999999999999 0.7754484374999999 0.6759999999999999 0.787425 0.6900000000000001 0.78443125 0.724 0.7964078125 0.73 0.787425 0.734 0.7455093749999999 0.73 0.637725 0.74 0.57784375 0.758 0.5508984375
3 0.8099999999999999 0.44610781250000003 0.796 0.458084375 0.79 0.5239515625 0.776 0.5538921875 0.774 0.57784375 0.792 0.78443125 0.784 0.814371875 0.8140000000000001 0.8113765624999999 0.844 0.8263468749999999 0.8400000000000001 0.5179640625 0.828 0.4850296875 0.828 0.46407187499999997 0.82 0.4491015625 0.8099999999999999 0.44610781250000003
0 0.798 0.45508906250000003 0.794 0.46107812499999995 0.792 0.47005937500000006 0.792 0.4760484375 0.794 0.4790421875 0.8300000000000001 0.4760484375 0.8300000000000001 0.46706562500000004 0.826 0.45508906250000003 0.8220000000000001 0.4491015625 0.808 0.44610781250000003 0.798 0.4520953125 0.798 0.45508906250000003