3 0.806 0.615615625 0.796 0.54354375 0.784 0.522521875 0.754 0.522521875 0.738 0.5645640625 0.758 0.6546546875 0.732 0.8018015625 0.748 0.996996875 0.8099999999999999 0.996996875 0.806 0.933934375 0.82 0.8708703124999999 0.8140000000000001 0.7987984375 0.828 0.7147140624999999 0.8240000000000001 0.6636640625 0.806 0.615615625
3 0.6900000000000001 0.48048124999999997 0.6639999999999999 0.47747812500000003 0.648 0.4894890625 0.646 0.5645640625 0.654 0.624625 0.642 0.78078125 0.6559999999999999 0.8168171875000001 0.6599999999999999 0.996996875 0.7 0.996996875 0.7 0.8198203124999999 0.714 0.633634375 0.708 0.5795796875 0.692 0.55555625 0.6900000000000001 0.48048124999999997
3 0.712 0.5855859375 0.712 0.54354375 0.692 0.53153125 0.6900000000000001 0.552553125 0.712 0.5855859375
3 0.634 0.5765765625 0.616 0.4924921875 0.5980000000000001 0.46846875 0.58 0.48048124999999997 0.588 0.5675671875 0.572 0.6666671875 0.5980000000000001 0.8168171875000001 0.6 0.9069062499999999 0.5780000000000001 0.9489484375 0.618 0.9519515625 0.634 0.9429421874999999 0.636 0.73123125 0.644 0.675675 0.634 0.5765765625
3 0.576 0.5105109375 0.558 0.5585578124999999 0.5660000000000001 0.603603125 0.5599999999999999 0.6426421875 0.564 0.7387390625 0.5519999999999999 0.7897890624999999 0.5700000000000001 0.7957953125 0.5780000000000001 0.7867875 0.5820000000000001 0.7357359375 0.572 0.63063125 0.5900000000000001 0.546546875 0.576 0.5105109375
3 0.45599999999999996 0.4894890625 0.438 0.4954953125 0.44000000000000006 0.5375375 0.42400000000000004 0.5585578124999999 0.442 0.8018015625 0.43200000000000005 0.8378375 0.45599999999999996 0.8318312499999999 0.48 0.852853125 0.49000000000000005 0.8198203124999999 0.48 0.6366359375 0.49800000000000005 0.6006 0.484 0.54955 0.462 0.525525 0.45599999999999996 0.4894890625
3 0.39 0.48048124999999997 0.364 0.47147187500000004 0.33199999999999996 0.54354375 0.32799999999999996 0.6006 0.344 0.852853125 0.374 0.8618625 0.38 0.8378375 0.378 0.708709375 0.392 0.6696703125 0.386 0.60660625 0.392 0.552553125 0.384 0.5375375 0.39 0.48048124999999997
3 0.272 0.5135140625 0.292 0.45345312499999996 0.292 0.4144140625 0.284 0.40240312500000003 0.264 0.39940000000000003 0.25 0.4144140625 0.246 0.45345312499999996 0.21400000000000002 0.55555625 0.21400000000000002 0.6516515625 0.22799999999999998 0.76876875 0.20800000000000002 0.9189187499999999 0.23399999999999999 0.933934375 0.24 0.9489484375 0.282 0.9519515625 0.29 0.939940625 0.272 0.924925 0.286 0.621621875 0.272 0.5135140625
3 0.16599999999999998 0.8948953124999999 0.176 0.7117109375 0.16799999999999998 0.603603125 0.15 0.5375375 0.16799999999999998 0.4924921875 0.16599999999999998 0.4414421875 0.158 0.4264265625 0.13 0.4174171875 0.11000000000000001 0.4354359375 0.10600000000000001 0.4854859375 0.066 0.5795796875 0.052000000000000005 0.678678125 0.06 0.7387390625 0.05600000000000001 0.774775 0.066 0.777778125 0.076 0.8078078124999999 0.086 0.8828828124999999 0.08399999999999999 0.9309312500000001 0.068 0.996996875 0.146 0.996996875 0.16599999999999998 0.8948953124999999
3 0.354 0.51951875 0.36 0.47147187500000004 0.33999999999999997 0.48348281249999997 0.33599999999999997 0.5165171875000001 0.302 0.5375375 0.298 0.552553125 0.32599999999999996 0.5705703125 0.354 0.51951875
3 0.33999999999999997 0.783784375 0.33999999999999997 0.6366359375 0.33199999999999996 0.615615625 0.33199999999999996 0.783784375 0.33999999999999997 0.783784375
2 0.784 0.522521875 0.758 0.51951875 0.748 0.53153125 0.748 0.5735734375 0.794 0.5855859375 0.798 0.552553125 0.784 0.522521875
2 0.6519999999999999 0.48348281249999997 0.654 0.522521875 0.678 0.540540625 0.692 0.528528125 0.692 0.48048124999999997 0.6519999999999999 0.48348281249999997
2 0.616 0.5165171875000001 0.61 0.474475 0.58 0.474475 0.5820000000000001 0.5105109375 0.616 0.5165171875000001
2 0.43600000000000005 0.4954953125 0.438 0.5105109375 0.454 0.4954953125 0.46399999999999997 0.5015015625 0.454 0.4864859375 0.43600000000000005 0.4954953125
2 0.392 0.4894890625 0.386 0.47147187500000004 0.362 0.47147187500000004 0.36 0.4954953125 0.392 0.4894890625
2 0.294 0.4354359375 0.29 0.4054046875 0.27999999999999997 0.39940000000000003 0.262 0.39940000000000003 0.248 0.4204203125 0.25 0.47147187500000004 0.282 0.4624625 0.294 0.4354359375
2 0.11000000000000001 0.4324328125 0.11000000000000001 0.4864859375 0.15 0.474475 0.16799999999999998 0.44744687499999997 0.142 0.4174171875 0.11000000000000001 0.4324328125