2 0.19 0.0882359375 0.172 0.074865625 0.148 0.0855609375 0.146 0.109625 0.16799999999999998 0.09893125 0.19 0.1069515625 0.19 0.0882359375
3 0.18 0.0668453125 0.16999999999999998 0.0588234375 0.146 0.0668453125 0.146 0.131015625 0.118 0.18181875 0.11599999999999999 0.229946875 0.126 0.27807499999999996 0.192 0.26737968749999996 0.192 0.2406421875 0.20600000000000002 0.2326203125 0.21600000000000003 0.2112296875 0.20400000000000001 0.1711234375 0.186 0.14973281249999998 0.19 0.0882359375 0.18 0.0668453125
0 0.27999999999999997 0.1016046875 0.282 0.1363640625 0.324 0.12566875 0.31 0.090909375 0.29 0.090909375 0.27999999999999997 0.1016046875
3 0.308 0.090909375 0.282 0.09893125 0.274 0.16310156250000002 0.252 0.18181875 0.22799999999999998 0.2245984375 0.252 0.2620328125 0.29 0.283421875 0.314 0.27807499999999996 0.32 0.2593578125 0.318 0.14973281249999998 0.324 0.12566875 0.308 0.090909375
0 0.376 0.1149734375 0.376 0.1336890625 0.414 0.131015625 0.40199999999999997 0.09893125 0.386 0.09893125 0.376 0.1149734375
3 0.376 0.1417109375 0.35 0.1898390625 0.352 0.2326203125 0.40199999999999997 0.25668437499999996 0.41200000000000003 0.2513375 0.426 0.213903125 0.404 0.16310156250000002 0.41200000000000003 0.13903749999999998 0.40599999999999997 0.1016046875 0.386 0.09893125 0.378 0.109625 0.376 0.1417109375
2 0.32799999999999996 0.2620328125 0.324 0.29946562499999996 0.32999999999999996 0.32085625 0.382 0.31016093749999996 0.39 0.3235296875 0.398 0.32085625 0.40199999999999997 0.270053125 0.39 0.2486625 0.356 0.23529375 0.33999999999999997 0.2406421875 0.32799999999999996 0.2620328125
2 0.71 0.352940625 0.724 0.3422453125 0.72 0.29946562499999996 0.6799999999999999 0.28877031249999996 0.6599999999999999 0.3074859375 0.6599999999999999 0.3422453125 0.688 0.3235296875 0.71 0.352940625
2 0.8539999999999999 0.17379687500000002 0.86 0.1684484375 0.86 0.1550796875 0.8460000000000001 0.13903749999999998 0.8140000000000001 0.1577546875 0.8119999999999999 0.17379687500000002 0.8400000000000001 0.16310156250000002 0.8539999999999999 0.17379687500000002
2 0.8800000000000001 0.17379687500000002 0.882 0.20053437500000001 0.908 0.1978609375 0.908 0.1764703125 0.9 0.1684484375 0.8800000000000001 0.17379687500000002
0 0.916 0.2459890625 0.884 0.27807499999999996 0.8779999999999999 0.3021390625 0.884 0.3315515625 0.898 0.3074859375 0.914 0.29946562499999996 0.9400000000000001 0.30481250000000004 0.954 0.3235296875 0.974 0.3235296875 0.966 0.27807499999999996 0.944 0.2486625 0.916 0.2459890625
3 0.322 0.5347593749999999 0.314 0.48128281250000005 0.27 0.44385 0.27799999999999997 0.37967968750000003 0.29 0.3636359375 0.27 0.2807484375 0.236 0.270053125 0.21000000000000002 0.29144375 0.196 0.334225 0.196 0.41978593750000004 0.124 0.45721875 0.10800000000000001 0.48128281250000005 0.1 0.5240640625 0.098 0.5802140625 0.10800000000000001 0.6123000000000001 0.11599999999999999 0.7673796875 0.1 0.8368984375 0.10600000000000001 0.9973265625 0.27799999999999997 0.9973265625 0.308 0.7192515625 0.298 0.6631015625 0.318 0.6336890625 0.322 0.5347593749999999
3 0.41200000000000003 0.9919781249999999 0.41 0.9465234375 0.398 0.8262031249999999 0.40800000000000003 0.644384375 0.398 0.5026734375 0.41 0.49465312499999997 0.41200000000000003 0.4171125 0.404 0.41443906249999996 0.392 0.35026718749999997 0.40199999999999997 0.2807484375 0.39 0.2513375 0.368 0.2379671875 0.33999999999999997 0.243315625 0.32599999999999996 0.2807484375 0.33999999999999997 0.3850265625 0.322 0.3877 0.306 0.44919843750000005 0.33399999999999996 0.5 0.368 0.6310156250000001 0.312 0.7326203125 0.314 0.7860968749999999 0.33999999999999997 0.9973265625 0.40599999999999997 0.9973265625 0.41200000000000003 0.9919781249999999
0 0.292 0.36898437500000003 0.284 0.29411718750000004 0.272 0.27807499999999996 0.23399999999999999 0.26737968749999996 0.2 0.28877031249999996 0.2 0.355615625 0.248 0.37433125 0.292 0.36898437500000003
0 0.46399999999999997 0.2620328125 0.458 0.2967921875 0.508 0.283421875 0.506 0.2459890625 0.484 0.243315625 0.46399999999999997 0.2620328125
3 0.51 0.2513375 0.48 0.2459890625 0.45599999999999996 0.28609687500000003 0.45599999999999996 0.32085625 0.46799999999999997 0.35026718749999997 0.454 0.39304843749999996 0.49400000000000005 0.44919843750000005 0.504 0.43048125 0.5 0.4171125 0.51 0.3636359375 0.51 0.3449203125 0.5 0.32887656249999997 0.51 0.2513375
3 0.602 0.9973265625 0.596 0.87433125 0.614 0.7593578125 0.614 0.7433156249999999 0.604 0.7326203125 0.602 0.5106953125 0.604 0.48930468749999995 0.614 0.478609375 0.614 0.438503125 0.606 0.43048125 0.606 0.40106875000000003 0.596 0.37967968750000003 0.5980000000000001 0.283421875 0.588 0.2513375 0.5599999999999999 0.2272734375 0.526 0.2379671875 0.51 0.27540156250000003 0.504 0.32620312500000004 0.516 0.3422453125 0.534 0.409090625 0.526 0.435828125 0.504 0.46256718750000003 0.514 0.5508015625 0.51 0.7647062499999999 0.534 0.9893046875 0.536 0.9973265625 0.602 0.9973265625
0 0.508 0.27807499999999996 0.502 0.32887656249999997 0.512 0.33957187499999997 0.5519999999999999 0.334225 0.5940000000000001 0.31550781250000004 0.6 0.3021390625 0.5940000000000001 0.2593578125 0.564 0.2272734375 0.524 0.2379671875 0.512 0.2513375 0.508 0.27807499999999996
3 0.7 0.9705875 0.704 0.9331546875000001 0.72 0.9117640625 0.714 0.8529406249999999 0.732 0.7941171875 0.758 0.5508015625 0.78 0.5160421875 0.768 0.435828125 0.72 0.390375 0.722 0.30481250000000004 0.6839999999999999 0.28877031249999996 0.6599999999999999 0.31016093749999996 0.6639999999999999 0.41176406249999997 0.686 0.43315468749999997 0.73 0.5454546875 0.73 0.62566875 0.714 0.79144375 0.71 0.8048125 0.6839999999999999 0.8128343750000001 0.6719999999999999 0.8850265625 0.6719999999999999 0.9652406250000001 0.7 0.9705875
0 0.716 0.20053437500000001 0.692 0.20053437500000001 0.674 0.2245984375 0.6759999999999999 0.2513375 0.732 0.2513375 0.73 0.216578125 0.716 0.20053437500000001
3 0.6940000000000001 0.7887703125 0.704 0.8074859375000001 0.718 0.8074859375000001 0.738 0.70855625 0.732 0.6844921875 0.74 0.6016046875 0.75 0.5802140625 0.748 0.438503125 0.734 0.40374375 0.716 0.3850265625 0.728 0.334225 0.718 0.29411718750000004 0.728 0.2620328125 0.728 0.216578125 0.716 0.2032078125 0.696 0.20053437500000001 0.682 0.2112296875 0.6719999999999999 0.2379671875 0.6799999999999999 0.27540156250000003 0.658 0.31550781250000004 0.6639999999999999 0.39304843749999996 0.73 0.5454546875 0.726 0.5748656249999999 0.6839999999999999 0.604278125 0.692 0.6497328125 0.6799999999999999 0.6684484375 0.682 0.7941171875 0.6940000000000001 0.7887703125
3 0.8539999999999999 0.221925 0.85 0.1951875 0.86 0.1577546875 0.852 0.144384375 0.836 0.13903749999999998 0.8140000000000001 0.160428125 0.82 0.2032078125 0.792 0.243315625 0.778 0.30481250000000004 0.776 0.37165781249999996 0.794 0.43048125 0.8019999999999999 0.5721921875 0.8160000000000001 0.5775406249999999 0.8240000000000001 0.5748656249999999 0.834 0.5080218750000001 0.8619999999999999 0.44117656250000004 0.8699999999999999 0.37967968750000003 0.876 0.2326203125 0.8539999999999999 0.221925
3 0.8880000000000001 0.425134375 0.9 0.41978593750000004 0.9039999999999999 0.40374375 0.8880000000000001 0.36096249999999996 0.8800000000000001 0.35828906250000003 0.876 0.39304843749999996 0.8800000000000001 0.425134375 0.8880000000000001 0.425134375
3 0.9380000000000001 0.2326203125 0.9019999999999999 0.1711234375 0.8779999999999999 0.1764703125 0.8800000000000001 0.3315515625 0.9019999999999999 0.25401093750000003 0.9359999999999999 0.243315625 0.9380000000000001 0.2326203125
3 0.998 0.6577546875 0.982 0.6417109375 0.986 0.6069515625 0.97 0.5748656249999999 0.97 0.521390625 0.992 0.425134375 0.958 0.3877 0.9720000000000001 0.3235296875 0.958 0.270053125 0.942 0.2513375 0.9039999999999999 0.25668437499999996 0.884 0.312834375 0.884 0.34759375000000003 0.9039999999999999 0.40106875000000003 0.898 0.425134375 0.8779999999999999 0.44919843750000005 0.882 0.4732625 0.868 0.5187171875 0.858 0.644384375 0.8800000000000001 0.9919781249999999 0.99 0.9946531249999999 0.998 0.6577546875