0 0.048 0.5119359375 0.028000000000000004 0.490715625 0.008 0.496021875 0.006 0.509284375 0.048 0.5119359375
3 0 0.615384375 0.032 0.6259953125 0.036 0.673740625 0.06 0.6790453125 0.054000000000000006 0.6498671875 0.064 0.6100796875000001 0.054000000000000006 0.58620625 0.062 0.549071875 0.046 0.5066312500000001 0.024 0.4880640625 0.008 0.496021875 0 0.5145890625 0 0.615384375
0 0.05600000000000001 0.3819625 0.054000000000000006 0.3607421875 0.036 0.3607421875 0.038 0.3872671875 0.05600000000000001 0.3819625
3 0.078 0.4350125 0.05600000000000001 0.3872671875 0.054000000000000006 0.3607421875 0.036 0.3607421875 0.022 0.41909843750000003 0.024 0.48010624999999996 0.046 0.5013265625 0.078 0.4350125
0 0.10800000000000001 0.358090625 0.10600000000000001 0.3740046875 0.11399999999999999 0.384615625 0.132 0.3766578125 0.128 0.35543749999999996 0.10800000000000001 0.358090625
3 0.154 0.4058359375 0.13 0.3766578125 0.126 0.35543749999999996 0.10800000000000001 0.3607421875 0.11399999999999999 0.395225 0.10400000000000001 0.42175 0.10200000000000001 0.4748015625 0.124 0.5305046875 0.118 0.562334375 0.142 0.575596875 0.148 0.5570296875 0.13799999999999998 0.5013265625 0.144 0.48010624999999996 0.158 0.4721484375 0.158 0.437665625 0.154 0.4058359375
3 0.236 0.5437671875000001 0.23399999999999999 0.4721484375 0.22000000000000003 0.4058359375 0.23399999999999999 0.3342171875 0.22400000000000003 0.312996875 0.2 0.312996875 0.192 0.3289125 0.194 0.3660484375 0.178 0.41379374999999996 0.18 0.4694953125 0.162 0.51989375 0.188 0.5941640625 0.178 0.7188328125 0.182 0.726790625 0.21000000000000002 0.726790625 0.22200000000000003 0.7214859375 0.21400000000000002 0.6657828125 0.22599999999999998 0.562334375 0.236 0.5437671875000001
0 0.198 0.31565 0.192 0.344828125 0.23199999999999998 0.3474796875 0.236 0.3342171875 0.22599999999999998 0.312996875 0.198 0.31565
3 0.264 0.384615625 0.248 0.411140625 0.252 0.6896546875 0.27999999999999997 0.6923078125 0.29 0.687003125 0.27999999999999997 0.657825 0.31 0.496021875 0.288 0.4084875 0.304 0.35543749999999996 0.292 0.331565625 0.264 0.3368703125 0.264 0.384615625
0 0.27 0.3289125 0.262 0.33952187500000003 0.264 0.371353125 0.304 0.358090625 0.29 0.3289125 0.27 0.3289125
3 0.316 0.3474796875 0.304 0.3607421875 0.3 0.6392578125 0.344 0.6525203125 0.356 0.641909375 0.356 0.4615390625 0.352 0.3766578125 0.33799999999999997 0.3501328125 0.346 0.3023875 0.33599999999999997 0.28647187500000004 0.318 0.28912499999999997 0.316 0.3474796875
0 0.314 0.299734375 0.316 0.32360781250000004 0.348 0.318303125 0.33799999999999997 0.28647187500000004 0.322 0.28647187500000004 0.314 0.299734375
2 0.378 0.33952187500000003 0.372 0.31565 0.356 0.312996875 0.36 0.3474796875 0.378 0.33952187500000003
3 0.358 0.312996875 0.364 0.549071875 0.386 0.5543765625 0.396 0.3819625 0.372 0.31565 0.358 0.312996875
0 0.528 0.2838203125 0.528 0.3023875 0.5599999999999999 0.3050390625 0.5519999999999999 0.27320937500000003 0.54 0.27055625 0.528 0.2838203125
3 0.5519999999999999 0.27320937500000003 0.53 0.2785140625 0.528 0.3103453125 0.506 0.3474796875 0.49800000000000005 0.395225 0.49800000000000005 0.46684374999999995 0.508 0.5030953125 0.502 0.59946875 0.512 0.6100796875000001 0.55 0.615384375 0.558 0.5968171875 0.568 0.45358124999999994 0.5660000000000001 0.344828125 0.5519999999999999 0.27320937500000003
3 0.602 0.371353125 0.5860000000000001 0.3076921875 0.5700000000000001 0.3050390625 0.5700000000000001 0.33952187500000003 0.602 0.371353125
2 0.588 0.3368703125 0.588 0.3103453125 0.5700000000000001 0.3050390625 0.5700000000000001 0.3342171875 0.588 0.3368703125
3 0.58 0.3925734375 0.58 0.42705624999999997 0.5740000000000001 0.43236093750000004 0.584 0.5278515625 0.6 0.3925734375 0.58 0.3925734375