3 0.79444375 0.9958328125 0.8194437499999999 0.8333328124999999 0.8444437499999999 0.7458328125 0.8611109375 0.5666671875 0.8388890625000001 0.4375 0.8055562500000001 0.3791671875 0.8 0.3416671875 0.8044421875 0.25589375 0.777778125 0.1458328125 0.71944375 0.1333328125 0.6888890625 0.1583328125 0.6583328125000001 0.2666671875 0.68055625 0.3666671875 0.702778125 0.3958328125 0.672221875 0.43333281250000005 0.64444375 0.6083328125 0.5916671874999999 0.6791671874999999 0.6222218749999999 0.7333328125 0.602778125 0.8875 0.6416671875 0.95 0.647221875 0.9916671875 0.79444375 0.9958328125
0 0.7611109375 0.2583328125 0.7916671875 0.2958328125 0.802778125 0.2083328125 0.775 0.1416671875 0.7138890625000001 0.1333328125 0.697221875 0.1416671875 0.675 0.1916671875 0.6583328125000001 0.2708328125 0.7611109375 0.2583328125
3 0.6438390625 0.9850875 0.5973109375 0.8913671875 0.6132640625 0.7953375 0.6199109375 0.7398171875 0.59199375 0.6640421875 0.6513312499999999 0.55 0.6679968749999999 0.42916718749999994 0.62633125 0.3708328125 0.6429968749999999 0.2791671875 0.6318859375 0.2208328125 0.6124421875 0.2 0.57633125 0.2041671875 0.5596640625 0.2333328125 0.5513312499999999 0.2916671875 0.567996875 0.3708328125 0.5568859374999999 0.40833281250000003 0.5429968749999999 0.4166671875 0.5186437500000001 0.4934359375 0.5061453124999999 0.6342953125 0.5308437500000001 0.7135828125 0.5308437500000001 0.89305 0.5308437500000001 0.9930625 0.63054375 0.9958328125 0.6438390625 0.9850875
3 0.425053125 0.6965125 0.439878125 0.7039296875 0.45555625 0.8791671875 0.44444375 0.95 0.4638890625 0.9666671875 0.4861109375 0.8833328125 0.48333281250000004 0.7583328125000001 0.5083328125000001 0.6125 0.5 0.5625 0.522221875 0.5208328125 0.52773125 0.47645781249999997 0.5376140625 0.4072296875 0.51290625 0.38992499999999997 0.51180625 0.3569578125 0.5151 0.31987031250000003 0.5222390625 0.30915781249999996 0.5138890625 0.2708328125 0.5063171875 0.2514703125 0.48333281250000004 0.2458328125 0.468978125 0.2555921875 0.4611109375 0.275 0.45360625 0.30998281250000004 0.4634890625 0.318225 0.47222187499999996 0.375 0.43768124999999997 0.39239531250000004 0.425053125 0.4286578125 0.41681718749999996 0.4855203125 0.425053125 0.5836078125 0.425053125 0.6272875 0.42395625 0.6750875 0.425053125 0.6965125
0 0.148828125 0.08619218749999999 0.14049375 0.16952499999999998 0.1599390625 0.2361921875 0.19049375 0.1611921875 0.21827187499999998 0.1528578125 0.31549375 0.21535781250000002 0.30160624999999996 0.0986921875 0.2793828125 0.044524999999999995 0.24327187499999997 0.0236921875 0.19605 0.0236921875 0.148828125 0.08619218749999999
0 0.44135625 0.3294171875 0.44135625 0.26275 0.4219109375 0.20024999999999998 0.3719109375 0.1919171875 0.3441328125 0.2460828125 0.3496890625 0.2794171875 0.40802187500000003 0.32525 0.44135625 0.3294171875
0 0.46297499999999997 0.2714125 0.460196875 0.30474531250000003 0.4750640625 0.3165328125 0.48926875000000003 0.309425 0.50031875 0.3165328125 0.50395 0.3184125 0.515 0.32078281249999996 0.51853125 0.2797453125 0.4990859375 0.2464125 0.4796421875 0.2464125 0.46297499999999997 0.2714125
0 0 0.393375 0.06944375 0.355875 0.10277812500000001 0.305875 0.08055625 0.25170781249999996 0.013889062499999999 0.2350421875 0 0.23920781249999998 0 0.393375
3 0 0.6291671875 0.022221875 0.7166671874999999 0.03055625 0.8458328125 0.0583328125 0.9833328124999999 0.06388906250000001 0.9958328125 0.10555624999999999 0.9958328125 0.077778125 0.9125 0.072221875 0.7166671874999999 0.04444375 0.48333281250000004 0.06388906250000001 0.3625 0.10277812500000001 0.3083328125 0.077778125 0.25 0.0083328125 0.2375 0 0.2416671875 0 0.6291671875
3 0.2638890625 0.40833281250000003 0.247221875 0.375 0.297221875 0.2625 0.2916671875 0.2333328125 0.31388906250000004 0.2125 0.30555625000000003 0.1208328125 0.277778125 0.0458328125 0.20277812499999998 0.0208328125 0.1666671875 0.054167187500000005 0.14444375 0.1083328125 0.1583328125 0.2416671875 0.12777812500000002 0.3 0.06944375 0.3583328125 0.052778124999999995 0.4166671875 0.08055625 0.9041671875 0.10555624999999999 0.9958328125 0.322221875 0.9958328125 0.325 0.9708328125 0.3083328125 0.9333328125 0.3333328125 0.8333328124999999 0.33055625 0.7875 0.31388906250000004 0.7583328125000001 0.31111093749999996 0.6208328125 0.2638890625 0.40833281250000003
3 0.427778125 0.6416671875 0.4166671875 0.49583281250000005 0.40555624999999995 0.475 0.4111109375 0.4 0.43333281250000005 0.375 0.44166718749999995 0.3208328125 0.427778125 0.2125 0.39444375 0.1875 0.36944374999999996 0.1958328125 0.347221875 0.2458328125 0.352778125 0.325 0.28055625 0.4125 0.28055625 0.4875 0.31111093749999996 0.5958328125000001 0.31944374999999997 0.7541671875 0.34444375 0.8125 0.31388906250000004 0.9333328125 0.3388890625 0.9958328125 0.3916671875 0.9958328125 0.4111109375 0.9083328125 0.40833281250000003 0.7 0.427778125 0.6416671875
0 0.6416671875 0.2791671875 0.6305562499999999 0.2208328125 0.6111109375 0.2 0.58055625 0.2 0.55555625 0.2416671875 0.55555625 0.3208328125 0.5916671874999999 0.3166671875 0.6416671875 0.2791671875