0 0.179775 0.48333281250000004 0.18539375 0.4933328125 0.192884375 0.4933328125 0.21348281249999998 0.47000000000000003 0.2116109375 0.4633328125 0.202246875 0.45 0.1910109375 0.45 0.187265625 0.45333281249999996 0.18164843749999998 0.46666718749999997 0.179775 0.48333281250000004
3 0.207865625 0.4566671875 0.192884375 0.45 0.18164843749999998 0.47000000000000003 0.1760296875 0.65 0.187265625 0.6666671875 0.192884375 0.6900000000000001 0.2209734375 0.7 0.22471875 0.6566671875 0.2209734375 0.5833328125 0.2284640625 0.5666671875 0.22659218750000001 0.5266671875 0.2209734375 0.52 0.207865625 0.4566671875
0 0.277153125 0.4433328125 0.267790625 0.4433328125 0.26030000000000003 0.45 0.25468125 0.45999999999999996 0.25468125 0.49000000000000005 0.2584265625 0.49666718750000005 0.262171875 0.49666718750000005 0.26591718750000004 0.49000000000000005 0.267790625 0.4733328125 0.2734078125 0.4633328125 0.282771875 0.4633328125 0.282771875 0.45333281249999996 0.277153125 0.4433328125
3 0.337078125 0.4875 0.337078125 0.47750000000000004 0.2795046875 0.4519703125 0.2728390625 0.44613593749999997 0.262840625 0.44613593749999997 0.2520078125 0.4511375 0.25117500000000004 0.47780781250000004 0.2545078125 0.491978125 0.267790625 0.48416718750000004 0.2734078125 0.7175 0.34831406249999997 0.7041671875 0.3501875 0.6641671875 0.36329531249999997 0.6341671875 0.367040625 0.6108328125 0.35955 0.5675 0.342696875 0.5175 0.3314609375 0.5008328125 0.337078125 0.4875
0 0.2808984375 0.4233328125 0.277153125 0.4366671875 0.277153125 0.4433328125 0.282771875 0.45333281249999996 0.2902625 0.4566671875 0.29400781249999997 0.45333281249999996 0.3014984375 0.4366671875 0.3014984375 0.4233328125 0.297753125 0.4166671875 0.28464375 0.4166671875 0.2808984375 0.4233328125
0 0.4213484375 0.35 0.411984375 0.34333281250000003 0.397003125 0.34333281250000003 0.38951250000000004 0.3566671875 0.38951250000000004 0.37 0.387640625 0.3733328125 0.387640625 0.40333281249999997 0.397003125 0.4233328125 0.4157296875 0.4233328125 0.4288390625 0.40666718749999997 0.4288390625 0.38 0.42696562499999996 0.3766671875 0.42696562499999996 0.3633328125 0.4213484375 0.35
3 0.456928125 0.6933328125 0.46441875 0.6233328124999999 0.46254687499999997 0.5033328125 0.4531828125 0.4166671875 0.417603125 0.3466671875 0.397003125 0.34333281250000003 0.387640625 0.3733328125 0.3857671875 0.40333281249999997 0.39513125 0.41333281250000004 0.38951250000000004 0.46666718749999997 0.40449375 0.5466671875 0.4082390625 0.72 0.417603125 0.7666671875 0.43258437499999997 0.7733328125 0.44007500000000005 0.7433328125 0.43820156250000003 0.7066671875 0.456928125 0.6933328125
0 0.48127343749999996 0.27999999999999997 0.47565468749999995 0.2766671875 0.46441875 0.27999999999999997 0.456928125 0.2933328125 0.45505625 0.3033328125 0.45505625 0.3266671875 0.4588015625 0.3366671875 0.46441875 0.33999999999999997 0.4906359375 0.32999999999999996 0.4981265625 0.3166671875 0.4981265625 0.31 0.4906359375 0.2966671875 0.4906359375 0.2933328125 0.48127343749999996 0.27999999999999997
3 0.513109375 0.7433328125 0.5243453125 0.6599999999999999 0.5168546875 0.5 0.5206000000000001 0.4366671875 0.513109375 0.3833328125 0.4981265625 0.36 0.4962546875 0.31 0.48314531250000003 0.2833328125 0.46254687499999997 0.2833328125 0.45505625 0.3066671875 0.45505625 0.32999999999999996 0.4681640625 0.3666671875 0.45505625 0.42000000000000004 0.4662921875 0.5233328125 0.4662921875 0.6 0.4606734375 0.7166671874999999 0.44382031250000004 0.79 0.4494375 0.8099999999999999 0.4962546875 0.7966671875 0.513109375 0.7433328125
0 0.612359375 0.32999999999999996 0.5992515625 0.33999999999999997 0.59550625 0.3466671875 0.59550625 0.35333281250000004 0.5992515625 0.3566671875 0.60486875 0.3566671875 0.6067421875 0.36 0.6217234375 0.3666671875 0.63483125 0.3666671875 0.632959375 0.35 0.62546875 0.3333328125 0.612359375 0.32999999999999996
3 0.5898875 0.7266671875 0.59550625 0.7066671875 0.6011234375 0.5466671875 0.612359375 0.5 0.6086140624999999 0.4733328125 0.601134375 0.4467609375 0.6344624999999999 0.37841562500000003 0.62613125 0.345909375 0.6086328125 0.33840781249999996 0.5969671875 0.3609125 0.5449437500000001 0.4466671875 0.5337078125 0.5566671875 0.53558125 0.5900000000000001 0.5411984375000001 0.6033328124999999 0.552434375 0.6799999999999999 0.5318359375 0.8 0.5617984375 0.8033328125000001 0.567415625 0.7966671875 0.567415625 0.77 0.5823968749999999 0.75 0.580525 0.7366671874999999 0.5898875 0.7266671875
3 0.2859375 0.4125 0.2734375 0.4375 0.2734375 0.4671875 0.296875 0.4796875 0.3171875 0.4734375 0.31875 0.465625 0.2984375 0.4171875 0.2859375 0.4125