3 0.16 0.68343125 0.146 0.6213015625 0.148 0.5473375 0.132 0.47633125 0.154 0.38165625 0.188 0.34023593750000003 0.198 0.3076921875 0.192 0.23964531249999999 0.156 0.257396875 0.13999999999999999 0.301775 0.142 0.3313609375 0.13 0.3786984375 0.086 0.40532500000000005 0.048 0.491125 0.046 0.5473375 0.074 0.594675 0.078 0.6508875 0.092 0.6804734375 0.092 0.8727812500000001 0.07380624999999999 0.9970421875 0.16399999999999998 0.9970421875 0.16799999999999998 0.8520703125000001 0.146 0.757396875 0.16 0.68343125
3 0.1663859375 0.9970421875 0.29 0.9970421875 0.3118703125 0.8785125 0.3234421875 0.8418078124999999 0.31848125 0.7488171875 0.306 0.6420125 0.296 0.559171875 0.3 0.5147921875 0.274 0.3579875 0.292 0.301775 0.298 0.218934375 0.27799999999999997 0.1686390625 0.268 0.1597640625 0.22999999999999998 0.162721875 0.20600000000000002 0.1923078125 0.198 0.22189375 0.202 0.24260312499999998 0.192 0.33431875 0.1465484375 0.403771875 0.1349765625 0.4771859375 0.15315937500000001 0.5432609375 0.1515078125 0.621565625 0.1614265625 0.6949796874999999 0.1498546875 0.75615625 0.1597734375 0.7928640625 0.1713453125 0.8540421874999999 0.1713453125 0.9347953125 0.1663859375 0.9970421875
3 0.3656546875 0.695265625 0.3556546875 0.49704218750000007 0.3396546875 0.4260359375 0.3816546875 0.33431875 0.3656546875 0.23076875000000002 0.3476546875 0.2159765625 0.3096546875 0.22189375 0.2953375 0.252009375 0.29037812500000004 0.3205265625 0.2738453125 0.35968125 0.28872343749999996 0.4282453125 0.30029531249999997 0.48693125000000004 0.296990625 0.5799203125 0.32765468750000004 0.8106515625 0.30195 0.9617156250000001 0.3016546875 0.9970421875 0.3376546875 0.9970421875 0.3616546875 0.8431953125 0.3656546875 0.695265625
3 0.518 0.6449703125 0.522 0.6331359375 0.54 0.630178125 0.544 0.6094671875000001 0.524 0.5532546875000001 0.5334 0.5310234375 0.518521875 0.4845296875 0.49868125 0.43558593749999996 0.524 0.360946875 0.514 0.3076921875 0.49400000000000005 0.2751484375 0.466 0.27218906249999997 0.44400000000000006 0.301775 0.438 0.34023593750000003 0.44800000000000006 0.3905328125 0.44000000000000006 0.42011875 0.4 0.4497046875 0.394 0.4733734375 0.38791875 0.5187875 0.392 0.5739640625 0.40199999999999997 0.6242609375 0.41600000000000004 0.6360953125 0.422 0.662721875 0.41600000000000004 0.7011828125 0.414 0.9970421875 0.538 0.9970421875 0.536 0.76923125 0.518 0.6449703125
3 0.8140000000000001 0.9970421875 0.8673500000000001 0.9970421875 0.8524703125 0.9250093749999999 0.87065625 0.8344640625 0.8805734375000001 0.7708406250000001 0.8805734375000001 0.702321875 0.87726875 0.6338015625 0.875615625 0.5432609375 0.8590843749999999 0.45026875000000005 0.8342859375 0.411115625 0.8194062499999999 0.3744078125 0.8119999999999999 0.34023593750000003 0.818 0.266271875 0.808 0.23668593750000003 0.782 0.21301718749999998 0.742 0.218934375 0.722 0.266271875 0.712 0.31656875 0.724 0.3224859375 0.738 0.393490625 0.76 0.40532500000000005 0.77 0.4260359375 0.732 0.6360953125 0.724 0.8224859375 0.75 0.8579874999999999 0.75 0.9970421875 0.8140000000000001 0.9970421875
3 0.924 0.9970421875 0.9199999999999999 0.92011875 0.944 0.7633140625 0.9380000000000001 0.6775140625 0.944 0.6508875 0.9460000000000001 0.4585796875 0.9359999999999999 0.42011875 0.898 0.3639046875 0.9 0.32544375 0.9119999999999999 0.31656875 0.914 0.2929 0.906 0.233728125 0.8880000000000001 0.210059375 0.8539999999999999 0.2071 0.8320000000000001 0.23964531249999999 0.8220000000000001 0.27218906249999997 0.828 0.36686406250000003 0.8640000000000001 0.42307656250000003 0.86 0.4378703125 0.874 0.5118343750000001 0.876 0.8343187500000001 0.858 0.884615625 0.858 0.9615390625 0.866 0.9970421875 0.924 0.9970421875
0 0.196 0.23964531249999999 0.162 0.2485203125 0.146 0.27810625 0.13999999999999999 0.29881718749999997 0.146 0.31656875 0.2 0.3076921875 0.196 0.23964531249999999
0 0.196 0.2278109375 0.20400000000000001 0.2514796875 0.262 0.2455625 0.298 0.2633140625 0.296 0.20414218750000002 0.288 0.1804734375 0.266 0.1568046875 0.22200000000000003 0.16568125 0.2 0.210059375 0.196 0.2278109375
0 0.368 0.3195265625 0.382 0.31656875 0.358 0.22189375 0.33999999999999997 0.21301718749999998 0.304 0.22189375 0.3 0.3076921875 0.35 0.304734375 0.368 0.3195265625
0 0.524 0.3639046875 0.516 0.31065156250000003 0.49400000000000005 0.27218906249999997 0.45999999999999996 0.2751484375 0.438 0.31656875 0.442 0.35502968749999997 0.48600000000000004 0.369821875 0.524 0.3639046875
0 0.72 0.27218906249999997 0.712 0.3195265625 0.754 0.3076921875 0.782 0.3224859375 0.8119999999999999 0.3195265625 0.82 0.2958578125 0.82 0.26923125 0.806 0.23076875000000002 0.774 0.210059375 0.74 0.218934375 0.72 0.27218906249999997
0 0.8240000000000001 0.2869828125 0.874 0.289940625 0.9099999999999999 0.31656875 0.9119999999999999 0.2485203125 0.89 0.210059375 0.852 0.2071 0.834 0.233728125 0.8220000000000001 0.26923125 0.8240000000000001 0.2869828125
3 0.96 0.57988125 0.95 0.62721875 0.9480000000000001 0.6597640625000001 0.96 0.662721875 0.96855625 0.6639171875 0.98178125 0.6639171875 0.98839375 0.6590234374999999 0.998 0.6480125 0.998 0.6213015625 0.998 0.5207609375 0.9826078125000001 0.542784375 0.96 0.57988125
0 0.998 0.5650890625 0.998 0.5177515625 0.99 0.5266265625 0.9880000000000001 0.5473375 0.998 0.5650890625