3 0.7125 0.6921875 0.796875 0.3453125 0.7796875 0.334375 0.76875 0.2171875 0.7671875 0.1890625 0.778125 0.178125 0.7828125 0.153125 0.7640625 0.1375 0.7484375 0.1375 0.7269515625 0.138371875 0.7102875 0.1742109375 0.7061203125 0.21421874999999999 0.711953125 0.25172500000000003 0.7152859375 0.2833984375 0.72111875 0.299234375 0.74375 0.28125 0.74375 0.303125 0.728125 0.3234375 0.6984375 0.4734375 0.6890625 0.559375 0.6875 0.6703125 0.6786234375 0.7484828125 0.68945625 0.8059937500000001 0.6977890625 0.9318500000000001 0.7077875 0.9984375 0.7125 0.6921875
0 0.182 0.2349390625 0.16599999999999998 0.1987953125 0.13999999999999999 0.1927703125 0.118 0.20180781250000002 0.11000000000000001 0.21084375 0.10400000000000001 0.21987968750000003 0.10400000000000001 0.268071875 0.10800000000000001 0.2861453125 0.118 0.29518125 0.154 0.271084375 0.16 0.271084375 0.16799999999999998 0.26506093750000004 0.188 0.2620484375 0.194 0.25 0.182 0.2349390625
3 0.194 0.9457828125000001 0.186 0.9277109375 0.2 0.7349390625 0.192 0.54216875 0.21600000000000003 0.5030125 0.21600000000000003 0.48192812500000004 0.194 0.4668671875 0.176 0.40662656249999996 0.192 0.2981921875 0.186 0.2861453125 0.19 0.25 0.16399999999999998 0.20481875 0.148 0.19578281250000001 0.122 0.20180781250000002 0.10600000000000001 0.2228921875 0.11599999999999999 0.3463859375 0.08399999999999999 0.39156562500000003 0.074 0.43373437499999995 0.08 0.54216875 0.096 0.5993968749999999 0.098 0.9969875 0.22000000000000003 0.9849390625 0.22799999999999998 0.975903125 0.22599999999999998 0.9578312499999999 0.194 0.9457828125000001
2 0.322 0.20481875 0.314 0.1927703125 0.304 0.186746875 0.286 0.186746875 0.282 0.189759375 0.274 0.20180781250000002 0.272 0.20783125 0.27 0.225903125 0.274 0.2379515625 0.282 0.228915625 0.286 0.21385468749999997 0.29 0.21084375 0.32 0.225903125 0.322 0.2349390625 0.324 0.23192812499999998 0.324 0.21385468749999997 0.322 0.20481875
3 0.304 0.8403609375000001 0.344 0.8584343750000001 0.35 0.852409375 0.33999999999999997 0.83735 0.32799999999999996 0.7349390625 0.33999999999999997 0.37650625 0.33599999999999997 0.32530156250000003 0.312 0.30421718750000004 0.324 0.23192812499999998 0.318 0.1987953125 0.292 0.186746875 0.27799999999999997 0.19578281250000001 0.272 0.21385468749999997 0.27599999999999997 0.268071875 0.256 0.30421718750000004 0.22400000000000003 0.32530156250000003 0.20800000000000002 0.40662656249999996 0.20800000000000002 0.45180781249999996 0.22799999999999998 0.49096406249999996 0.23399999999999999 0.5722890625 0.23199999999999998 0.8403609375000001 0.238 0.8795187500000001 0.246 0.894578125 0.264 0.8915656249999999 0.27 0.8042171874999999 0.294 0.8072296874999999 0.304 0.8403609375000001
0 0.33199999999999996 0.566265625 0.33199999999999996 0.5481921875 0.33399999999999996 0.54518125 0.33399999999999996 0.5301203125 0.32799999999999996 0.521084375 0.316 0.5120484375000001 0.296 0.5120484375000001 0.27799999999999997 0.5150609375 0.268 0.524096875 0.266 0.5271078124999999 0.266 0.54518125 0.274 0.566265625 0.274 0.5783125 0.282 0.5903609375000001 0.282 0.5933734375 0.29 0.5993968749999999 0.31 0.5993968749999999 0.32599999999999996 0.58735 0.33199999999999996 0.566265625
3 0.376 0.7469875 0.382 0.7379515624999999 0.37 0.6144578125 0.394 0.3433734375 0.368 0.28915625 0.376 0.2771078125 0.3686609375 0.229221875 0.35 0.21987968750000003 0.33199999999999996 0.2469875 0.32599999999999996 0.3072296875 0.346 0.32530156250000003 0.372828125 0.390084375 0.374 0.40060312500000006 0.354 0.43975937500000006 0.356 0.46084375 0.348 0.46987968750000003 0.344 0.5 0.34199999999999997 0.6957828125 0.348 0.725903125 0.376 0.7469875
0 0.364 0.2228921875 0.358 0.21987968750000003 0.348 0.21987968750000003 0.33999999999999997 0.225903125 0.33399999999999996 0.2349390625 0.33199999999999996 0.24397656250000002 0.33199999999999996 0.2530125 0.32999999999999996 0.2590359375 0.33199999999999996 0.2620484375 0.33199999999999996 0.271084375 0.33399999999999996 0.274096875 0.376 0.268071875 0.376 0.2469875 0.37 0.2349390625 0.37 0.23192812499999998 0.364 0.2228921875
0 0.43 0.225903125 0.426 0.2379515625 0.426 0.2590359375 0.42800000000000005 0.2620484375 0.47000000000000003 0.2620484375 0.47400000000000003 0.25 0.46799999999999997 0.2228921875 0.462 0.21385468749999997 0.45599999999999996 0.21084375 0.44000000000000006 0.21084375 0.43 0.225903125
3 0.49800000000000005 0.3343375 0.46399999999999997 0.29216875 0.472 0.25 0.462 0.21686718749999997 0.442 0.21385468749999997 0.43 0.228915625 0.43 0.30421718750000004 0.41 0.316265625 0.4 0.34036093749999996 0.398 0.39156562500000003 0.40800000000000003 0.44578281249999996 0.4 0.4939765625 0.398 0.7530125 0.466 0.7650609375 0.476 0.7530125 0.48 0.6897593750000001 0.484 0.4781625 0.504 0.39156562500000003 0.49800000000000005 0.3343375
3 0.53 0.70481875 0.536 0.725903125 0.554 0.7439765625 0.5559999999999999 0.6114453125 0.548 0.4969875 0.554 0.4668671875 0.5559999999999999 0.3222890625 0.54 0.28915625 0.542 0.24096406250000002 0.536 0.228915625 0.512 0.2228921875 0.5 0.25 0.512 0.310240625 0.502 0.3283125 0.506 0.418675 0.496 0.45481875 0.49800000000000005 0.521084375 0.492 0.5331328125 0.48200000000000004 0.7379515624999999 0.496 0.7409640625 0.512 0.70783125 0.53 0.70481875
0 0.522 0.2228921875 0.52 0.21987968750000003 0.516 0.21987968750000003 0.508 0.225903125 0.502 0.2349390625 0.5 0.24397656250000002 0.5 0.26506093750000004 0.502 0.268071875 0.54 0.268071875 0.542 0.26506093750000004 0.542 0.2379515625 0.54 0.23192812499999998 0.538 0.23192812499999998 0.532 0.2228921875 0.522 0.2228921875
2 0.62 0.25 0.632 0.2469875 0.634 0.24397656250000002 0.63 0.225903125 0.616 0.21084375 0.596 0.21084375 0.5860000000000001 0.21686718749999997 0.5820000000000001 0.228915625 0.5820000000000001 0.2469875 0.5860000000000001 0.2469875 0.588 0.2379515625 0.596 0.228915625 0.608 0.228915625 0.612 0.23192812499999998 0.618 0.24096406250000002 0.618 0.2469875 0.62 0.25
3 0.628 0.683734375 0.666 0.37349375 0.6599999999999999 0.33735 0.6519999999999999 0.33735 0.63 0.29216875 0.632 0.2379515625 0.614 0.21084375 0.584 0.2228921875 0.592 0.30421718750000004 0.564 0.331325 0.554 0.4096390625 0.5519999999999999 0.5271078124999999 0.564 0.668675 0.5559999999999999 0.7560234375 0.54 0.816265625 0.558 0.8192765625 0.5820000000000001 0.7831328125 0.596 0.7831328125 0.608 0.8283125 0.626 0.83735 0.628 0.683734375
2 0.692 0.2620484375 0.6940000000000001 0.26506093750000004 0.712 0.2620484375 0.712 0.24397656250000002 0.71 0.24096406250000002 0.7 0.24096406250000002 0.696 0.24397656250000002 0.692 0.25 0.692 0.2620484375
3 0.6611265625 0.6901390625 0.6494609375 0.702640625 0.6444609375 0.7226453125 0.6769578125 0.7268125000000001 0.693621875 0.4650984375 0.7136203125 0.4000859375 0.7152859375 0.36757968750000003 0.7244515625 0.335075 0.722 0.3072296875 0.712 0.24096406250000002 0.708 0.2349390625 0.7 0.2349390625 0.6900000000000001 0.2530125 0.6940000000000001 0.2771078125 0.6940000000000001 0.30120468749999996 0.6900000000000001 0.310240625 0.678 0.31927656249999997 0.67 0.33735 0.6727921875 0.4009203125 0.6652921875 0.42925781250000006 0.6586265625000001 0.46926562499999996 0.666125 0.6134578125 0.6611265625 0.6901390625
2 0.7819453125 0.15920937500000001 0.776 0.147590625 0.772 0.141565625 0.764 0.1355421875 0.732 0.1355421875 0.724 0.141565625 0.718 0.1536140625 0.7177859375 0.1717109375 0.74695 0.15920937500000001 0.748615625 0.1775453125 0.7502828125 0.1892140625 0.753615625 0.22588750000000002 0.768 0.1807234375 0.776 0.1746984375 0.7819453125 0.15920937500000001
0 0.9199999999999999 0.20783125 0.916 0.1325296875 0.9099999999999999 0.105421875 0.8960000000000001 0.0843375 0.882 0.0753015625 0.842 0.0722890625 0.8240000000000001 0.08132500000000001 0.8099999999999999 0.09638593749999999 0.79 0.1325296875 0.784 0.1656625 0.778 0.186746875 0.772 0.189759375 0.774 0.1927703125 0.784 0.186746875 0.826 0.189759375 0.8800000000000001 0.21084375 0.8880000000000001 0.21987968750000003 0.916 0.21385468749999997 0.9199999999999999 0.20783125
3 0.719453125 0.8993437500000001 0.7169531250000001 0.9984375 0.7402828125 0.9984375 0.7586140625 0.9984375 0.7985 0.9984375 0.8465 0.9984375 0.9164999999999999 0.8463859375 0.9164999999999999 0.6204828124999999 0.9285 0.45783125 0.9164999999999999 0.3493984375 0.8905 0.3102421875 0.9185000000000001 0.21385625 0.9164999999999999 0.13253125 0.9085000000000001 0.105421875 0.8865000000000001 0.08132500000000001 0.8425 0.0783140625 0.8025 0.1174703125 0.7765 0.19277187499999998 0.7865 0.30421718750000004 0.8145 0.3493984375 0.7925 0.4096390625 0.7905 0.436746875 0.7805 0.44277187500000004 0.7725 0.4879515625 0.72611875 0.62429375 0.6977890625 0.8176625 0.7027875 0.87600625 0.719453125 0.8993437500000001
0 0.968 0.25 0.96 0.2379515625 0.954 0.2349390625 0.9400000000000001 0.23192812499999998 0.9279999999999999 0.2379515625 0.9199999999999999 0.24397656250000002 0.9119999999999999 0.2590359375 0.908 0.2771078125 0.908 0.2861453125 0.9099999999999999 0.28915625 0.9179999999999999 0.28915625 0.9259999999999999 0.28012031249999997 0.966 0.2831328125 0.97 0.28915625 0.9720000000000001 0.2861453125 0.9720000000000001 0.2620484375 0.968 0.25
3 0.9880000000000001 0.4156625 0.9880000000000001 0.37650625 0.97 0.32530156250000003 0.97 0.2620484375 0.96 0.24096406250000002 0.9400000000000001 0.2349390625 0.922 0.24397656250000002 0.9099999999999999 0.268071875 0.908 0.29216875 0.9179999999999999 0.31927656249999997 0.9279999999999999 0.3825296875 0.924 0.5903609375000001 0.9185953124999999 0.6142921875 0.9152625000000001 0.7918234375 0.9377593750000001 0.7951578125000001 0.97 0.5963859375 0.968 0.5030125 0.9880000000000001 0.4156625