0 0.356 0.6119875 0.358 0.6088328125 0.358 0.5962140625 0.356 0.5930593749999999 0.346 0.5930593749999999 0.344 0.59936875 0.344 0.6088328125 0.356 0.6119875
3 0.354 0.72870625 0.356 0.7255515625 0.358 0.7034703125 0.364 0.675078125 0.364 0.65930625 0.366 0.6561515625000001 0.366 0.6498421875 0.356 0.62460625 0.356 0.6056781250000001 0.352 0.59936875 0.346 0.59936875 0.33599999999999997 0.6372234375 0.33599999999999997 0.6687703125 0.33799999999999997 0.671925 0.33799999999999997 0.687696875 0.33999999999999997 0.6908515625 0.33199999999999996 0.741325 0.33399999999999996 0.747634375 0.346 0.7507890625 0.346 0.747634375 0.354 0.7381703125 0.354 0.72870625
0 0.396 0.5394328125000001 0.394 0.5268140625 0.386 0.523659375 0.382 0.52996875 0.382 0.5394328125000001 0.386 0.5425875 0.396 0.5394328125000001
0 0.4 0.6088328125 0.40599999999999997 0.6025234375 0.40599999999999997 0.5930593749999999 0.404 0.5899046875 0.398 0.5899046875 0.396 0.5962140625 0.396 0.6056781250000001 0.4 0.6088328125
3 0.392 0.523659375 0.384 0.523659375 0.378 0.5394328125000001 0.374 0.5552046875000001 0.374 0.5772875 0.376 0.583596875 0.384 0.5930593749999999 0.392 0.5930593749999999 0.398 0.5867515625 0.4 0.55205 0.398 0.545740625 0.398 0.536278125 0.392 0.523659375
3 0.40599999999999997 0.7192421875 0.404 0.7160890625 0.40599999999999997 0.7066250000000001 0.40599999999999997 0.700315625 0.404 0.6971609375 0.40599999999999997 0.687696875 0.40599999999999997 0.6687703125 0.41200000000000003 0.6498421875 0.41200000000000003 0.62460625 0.40199999999999997 0.5930593749999999 0.4 0.5930593749999999 0.386 0.618296875 0.384 0.6277609375 0.384 0.640378125 0.386 0.6435328124999999 0.386 0.6687703125 0.388 0.671925 0.386 0.7318609375 0.388 0.7350156250000001 0.398 0.7350156250000001 0.404 0.72870625 0.40599999999999997 0.7192421875
0 0.49400000000000005 0.6214515625 0.496 0.618296875 0.496 0.6056781250000001 0.488 0.6056781250000001 0.48600000000000004 0.6088328125 0.484 0.618296875 0.48600000000000004 0.6214515625 0.49400000000000005 0.6214515625
0 0.522 0.62460625 0.522 0.6151421874999999 0.516 0.6151421874999999 0.512 0.6214515625 0.512 0.62460625 0.514 0.6277609375 0.522 0.62460625
0 0.532 0.6309140625 0.536 0.63406875 0.54 0.63406875 0.542 0.6309140625 0.542 0.6214515625 0.538 0.618296875 0.53 0.6214515625 0.528 0.62460625 0.532 0.6309140625
0 0.562 0.671925 0.5700000000000001 0.671925 0.572 0.6687703125 0.572 0.652996875 0.568 0.6466875 0.564 0.652996875 0.562 0.652996875 0.5599999999999999 0.65930625 0.562 0.671925
3 0.49400000000000005 0.6056781250000001 0.49000000000000005 0.6056781250000001 0.48600000000000004 0.618296875 0.48200000000000004 0.62460625 0.48 0.63406875 0.48 0.722396875 0.48200000000000004 0.7318609375 0.48600000000000004 0.72870625 0.496 0.7318609375 0.49800000000000005 0.72870625 0.492 0.722396875 0.49800000000000005 0.7097796875 0.5 0.6309140625 0.49400000000000005 0.6056781250000001
3 0.518 0.652996875 0.522 0.63406875 0.522 0.6214515625 0.52 0.618296875 0.516 0.618296875 0.512 0.62460625 0.512 0.6435328124999999 0.51 0.6466875 0.51 0.675078125 0.512 0.7192421875 0.516 0.7318609375 0.524 0.7160890625 0.522 0.6845421875000001 0.52 0.6813875 0.52 0.6561515625000001 0.518 0.652996875
3 0.542 0.7034703125 0.54 0.700315625 0.54 0.687696875 0.542 0.6845421875000001 0.542 0.6561515625000001 0.54 0.6214515625 0.534 0.618296875 0.53 0.62460625 0.528 0.62460625 0.524 0.6372234375 0.524 0.6845421875000001 0.528 0.687696875 0.526 0.6971609375 0.528 0.7097796875 0.528 0.7318609375 0.532 0.7318609375 0.54 0.7255515625 0.54 0.7066250000000001 0.542 0.7034703125
3 0.5860000000000001 0.7066250000000001 0.5860000000000001 0.6971609375 0.58 0.6845421875000001 0.5700000000000001 0.652996875 0.564 0.652996875 0.5599999999999999 0.665615625 0.5599999999999999 0.675078125 0.558 0.6782328125 0.558 0.7066250000000001 0.5599999999999999 0.7097796875 0.5599999999999999 0.72870625 0.564 0.7350156250000001 0.5660000000000001 0.7350156250000001 0.5780000000000001 0.72870625 0.5820000000000001 0.722396875 0.5860000000000001 0.7066250000000001
3 0.696 0.6309140625 0.682 0.6466875 0.6559999999999999 0.7097796875 0.662 0.8548890625000001 0.674 0.9305999999999999 0.67 0.9968453125 0.706 0.9968453125 0.712 0.958990625 0.714 0.815984375 0.722 0.687696875 0.71 0.6372234375 0.696 0.6309140625
0 0.724 0.6845421875000001 0.718 0.665615625 0.718 0.6561515625000001 0.72 0.652996875 0.708 0.63406875 0.704 0.6309140625 0.6940000000000001 0.6309140625 0.6900000000000001 0.63406875 0.682 0.6466875 0.678 0.65930625 0.686 0.675078125 0.686 0.6782328125 0.688 0.6782328125 0.6940000000000001 0.6908515625 0.708 0.700315625 0.712 0.6971609375 0.72 0.6971609375 0.724 0.6908515625 0.724 0.6845421875000001