3 0.29 0.615615625 0.27799999999999997 0.47147187500000004 0.284 0.4234234375 0.26 0.3633640625 0.262 0.303303125 0.254 0.28828906249999997 0.22000000000000003 0.29129062499999997 0.21200000000000002 0.315315625 0.21400000000000002 0.3633640625 0.16599999999999998 0.4354359375 0.16399999999999998 0.6006 0.172 0.6366359375 0.186 0.6486484375 0.192 0.6861859375 0.194 0.840840625 0.21600000000000003 0.8678671874999999 0.23199999999999998 0.8438437499999999 0.27799999999999997 0.828828125 0.282 0.633634375 0.29 0.615615625
3 0.404 0.5375375 0.404 0.46846875 0.4 0.4384390625 0.39 0.4324328125 0.388 0.396396875 0.364 0.372371875 0.366 0.32732656250000003 0.354 0.3003 0.33799999999999997 0.297296875 0.32599999999999996 0.309309375 0.322 0.3633640625 0.288 0.4234234375 0.282 0.46546562500000005 0.282 0.528528125 0.3 0.6006 0.304 0.708709375 0.298 0.7867875 0.314 0.8378375 0.354 0.8138140625 0.378 0.8228234375 0.388 0.7867875 0.384 0.684684375 0.404 0.5375375
3 0.49000000000000005 0.5855859375 0.47223125 0.5360203125 0.46561874999999997 0.4764078125 0.47223125 0.4441171875 0.48545625000000003 0.40437500000000004 0.472 0.366365625 0.48 0.3303296875 0.476 0.30630625 0.45570000000000005 0.3000546875 0.4375140625 0.319925 0.4309 0.3671171875 0.4242875 0.4093453125 0.40610156249999996 0.4192796875 0.412715625 0.5881796875 0.41602187500000004 0.6751171874999999 0.40940937499999996 0.7968265625 0.43600000000000005 0.8078078124999999 0.44400000000000006 0.78078125 0.458 0.78078125 0.462 0.7927921875 0.488 0.8018015625 0.49400000000000005 0.777778125 0.49000000000000005 0.5855859375
3 0.5780000000000001 0.678678125 0.5900000000000001 0.5585578124999999 0.5900000000000001 0.396396875 0.564 0.3633640625 0.5559999999999999 0.297296875 0.536 0.28828906249999997 0.524 0.3003 0.522 0.3393390625 0.492 0.38138125 0.48 0.384384375 0.48200000000000004 0.4174171875 0.47000000000000003 0.44444375 0.47000000000000003 0.5165171875000001 0.49800000000000005 0.6456453125 0.496 0.8168171875000001 0.508 0.828828125 0.528 0.7957953125 0.542 0.8048046875000001 0.548 0.8258265625 0.568 0.828828125 0.576 0.8078078124999999 0.5780000000000001 0.678678125
3 0.6940000000000001 0.852853125 0.702 0.75675625 0.6980000000000001 0.6546546875 0.724 0.4864859375 0.712 0.40840781249999997 0.702 0.384384375 0.6719999999999999 0.375375 0.666 0.297296875 0.6559999999999999 0.2732734375 0.638 0.2642640625 0.62 0.29429375 0.634 0.366365625 0.596 0.38138125 0.5900000000000001 0.4144140625 0.5900000000000001 0.534534375 0.612 0.6486484375 0.62 0.7987984375 0.61 0.840840625 0.622 0.8438437499999999 0.636 0.828828125 0.642 0.8018015625 0.67 0.8138140625 0.6759999999999999 0.8438437499999999 0.6940000000000001 0.852853125
3 0.806 0.864865625 0.8119999999999999 0.8768765625 0.826 0.8768765625 0.834 0.771771875 0.8300000000000001 0.5765765625 0.8640000000000001 0.5015015625 0.8619999999999999 0.4294296875 0.8460000000000001 0.3873875 0.82 0.3633640625 0.796 0.2852859375 0.778 0.2732734375 0.756 0.29129062499999997 0.756 0.321321875 0.726 0.4384390625 0.726 0.53153125 0.738 0.6006 0.74 0.8198203124999999 0.724 0.8438437499999999 0.764 0.8438437499999999 0.769809375 0.7968265625 0.779728125 0.7074046875 0.7929546875 0.7198265625 0.8012203124999999 0.781921875 0.806 0.864865625
2 0.788 0.2702703125 0.774 0.2672671875 0.758 0.2822828125 0.756 0.3003 0.788 0.2852859375 0.8 0.30630625 0.788 0.2702703125
0 0.626 0.2732734375 0.622 0.321321875 0.6559999999999999 0.3003 0.666 0.309309375 0.65 0.2672671875 0.626 0.2732734375
0 0.524 0.3003 0.522 0.3303296875 0.55 0.31831875 0.562 0.32732656250000003 0.55 0.28828906249999997 0.524 0.3003
0 0.47800000000000004 0.3363359375 0.48200000000000004 0.32732656250000003 0.46399999999999997 0.29129062499999997 0.44800000000000006 0.29429375 0.434 0.31831875 0.43600000000000005 0.3483484375 0.45599999999999996 0.3303296875 0.47800000000000004 0.3363359375
0 0.362 0.3453453125 0.368 0.3393390625 0.356 0.3003 0.33799999999999997 0.297296875 0.324 0.3123125 0.322 0.3483484375 0.344 0.3303296875 0.362 0.3453453125
0 0.23399999999999999 0.3123125 0.252 0.3123125 0.262 0.32732656250000003 0.252 0.2852859375 0.22000000000000003 0.29129062499999997 0.21200000000000002 0.315315625 0.21600000000000003 0.3393390625 0.23399999999999999 0.3123125