3 0.238 0.6997 0.24 0.6696703125 0.262 0.6666671875 0.27 0.6426421875 0.244 0.5675671875 0.21000000000000002 0.540540625 0.2 0.46546562500000005 0.182 0.45945937499999995 0.16599999999999998 0.46846875 0.156 0.522521875 0.096 0.5855859375 0.08 0.7207203125 0.078 0.858859375 0.118 0.8618625 0.13 0.8798796875000001 0.13999999999999999 0.9489484375 0.13799999999999998 0.996996875 0.20600000000000002 0.996996875 0.22000000000000003 0.8858859375 0.23399999999999999 0.84985 0.262 0.834834375 0.238 0.6997
2 0.20800000000000002 0.51951875 0.20600000000000002 0.48048124999999997 0.194 0.45945937499999995 0.172 0.4624625 0.158 0.4864859375 0.162 0.51951875 0.196 0.528528125 0.20800000000000002 0.51951875
3 0.1 0.909909375 0.092 0.903903125 0.092 0.8768765625 0.076 0.8678671874999999 0.064 0.828828125 0.094 0.5825828125 0.12 0.55555625 0.10400000000000001 0.5375375 0.1 0.46846875 0.08399999999999999 0.45945937499999995 0.068 0.46846875 0.062 0.522521875 0.04 0.5375375 0.026000000000000002 0.5645640625 0.022 0.61861875 0.036 0.675675 0.044 0.777778125 0.04 0.9009015625 0.048 0.921921875 0.06 0.915915625 0.06999999999999999 0.933934375 0.08399999999999999 0.933934375 0.098 0.924925 0.1 0.909909375
2 0.098 0.46546562500000005 0.08199999999999999 0.45945937499999995 0.066 0.47147187500000004 0.06999999999999999 0.5105109375 0.09 0.5105109375 0.10200000000000001 0.4924921875 0.098 0.46546562500000005
3 0.33399999999999996 0.522521875 0.33199999999999996 0.474475 0.306 0.48048124999999997 0.29 0.5585578124999999 0.288 0.7267265625 0.302 0.7387390625 0.3 0.840840625 0.312 0.8618625 0.33999999999999997 0.8438437499999999 0.348 0.7957953125 0.348 0.708709375 0.356 0.678678125 0.354 0.552553125 0.33399999999999996 0.522521875
2 0.308 0.48048124999999997 0.306 0.5045046875 0.324 0.5105109375 0.33399999999999996 0.5015015625 0.32999999999999996 0.474475 0.308 0.48048124999999997
3 0.51 0.53153125 0.47800000000000004 0.47747812500000003 0.476 0.4324328125 0.458 0.4294296875 0.446 0.4414421875 0.45 0.48348281249999997 0.446 0.5015015625 0.42400000000000004 0.522521875 0.41600000000000004 0.5765765625 0.434 0.8708703124999999 0.44400000000000006 0.8948953124999999 0.462 0.9009015625 0.466 0.921921875 0.47800000000000004 0.921921875 0.484 0.9129125 0.496 0.7297296875 0.518 0.6456453125 0.518 0.5855859375 0.51 0.53153125
2 0.44800000000000006 0.4384390625 0.446 0.45945937499999995 0.458 0.48048124999999997 0.48 0.474475 0.476 0.4324328125 0.44800000000000006 0.4384390625
3 0.5860000000000001 0.684684375 0.5900000000000001 0.5735734375 0.5820000000000001 0.522521875 0.558 0.5045046875 0.558 0.474475 0.544 0.4624625 0.53 0.47147187500000004 0.532 0.5015015625 0.51 0.522521875 0.52 0.5795796875 0.516 0.69369375 0.536 0.8258265625 0.536 0.8798796875000001 0.5559999999999999 0.8888890625 0.5740000000000001 0.840840625 0.5740000000000001 0.7357359375 0.5860000000000001 0.684684375
2 0.558 0.4864859375 0.554 0.46546562500000005 0.532 0.46546562500000005 0.532 0.4954953125 0.558 0.4864859375
3 0.43200000000000005 0.5015015625 0.41600000000000004 0.45045 0.398 0.45345312499999996 0.388 0.5045046875 0.37 0.528528125 0.364 0.5825828125 0.378 0.597596875 0.392 0.8078078124999999 0.40199999999999997 0.8558562500000001 0.418 0.8558562500000001 0.42400000000000004 0.84985 0.42800000000000005 0.7417421875 0.41200000000000003 0.615615625 0.418 0.54354375 0.43200000000000005 0.5015015625
2 0.42000000000000004 0.48348281249999997 0.42000000000000004 0.45645625 0.40199999999999997 0.45045 0.396 0.47747812500000003 0.42000000000000004 0.48348281249999997
3 0.868 0.6666671875 0.866 0.528528125 0.8400000000000001 0.4624625 0.8160000000000001 0.4624625 0.8160000000000001 0.5105109375 0.796 0.5615609375 0.8099999999999999 0.783784375 0.806 0.8138140625 0.79 0.8378375 0.818 0.8438437499999999 0.828 0.8108109375 0.86 0.840840625 0.8859999999999999 0.8378375 0.876 0.75675625 0.8619999999999999 0.708709375 0.868 0.6666671875
2 0.8160000000000001 0.46546562500000005 0.8160000000000001 0.4924921875 0.8320000000000001 0.5015015625 0.8460000000000001 0.4954953125 0.8400000000000001 0.46546562500000005 0.8160000000000001 0.46546562500000005
3 0.9480000000000001 0.8228234375 0.942 0.684684375 0.954 0.6396390625 0.966 0.624625 0.968 0.5165171875000001 0.9279999999999999 0.44744687499999997 0.908 0.45045 0.906 0.4984984375 0.8960000000000001 0.5165171875000001 0.89 0.5825828125 0.898 0.597596875 0.8960000000000001 0.6366359375 0.9039999999999999 0.6426421875 0.906 0.684684375 0.9199999999999999 0.7357359375 0.9199999999999999 0.7627625 0.9099999999999999 0.7897890624999999 0.9179999999999999 0.8168171875000001 0.9480000000000001 0.8228234375
2 0.9096046875000001 0.482846875 0.9200953125 0.482846875 0.9347843749999999 0.4754921875 0.934084375 0.46078125 0.9307000000000001 0.45045 0.9193953125000001 0.44921875 0.9103046875 0.451321875 0.9082062499999999 0.46603281250000006 0.9096046875000001 0.482846875