3 0.31875 0.56875 0.3125 0.553125 0.31875 0.475 0.3041671875 0.4625 0.3020828125 0.446875 0.3104171875 0.434375 0.3125 0.403125 0.31875 0.403125 0.3229171875 0.3625 0.2854171875 0.3375 0.2916671875 0.290625 0.2708328125 0.265625 0.2479171875 0.271875 0.2458328125 0.3125 0.2583328125 0.35 0.23125 0.384375 0.2229171875 0.50625 0.2208328125 0.56875 0.2416671875 0.596875 0.2520828125 0.765625 0.2333328125 0.80625 0.26875 0.8 0.3041671875 0.765625 0.3145828125 0.803125 0.3375 0.809375 0.325 0.753125 0.31875 0.56875
3 0.3756125 0.8354250000000001 0.3708765625 0.676678125 0.3850828125 0.799884375 0.3866625 0.847271875 0.3977125 0.868596875 0.42296875 0.802253125 0.41034218750000007 0.586640625 0.41349843750000004 0.5084531250000001 0.4150765625 0.45632812500000003 0.35666875 0.47291249999999996 0.3282546875 0.432634375 0.41458281250000006 0.403125 0.425 0.365625 0.4125 0.3375 0.3854171875 0.321875 0.3875 0.26875 0.3666671875 0.23125 0.35 0.228125 0.3375 0.253125 0.3520828125 0.33125 0.3291671875 0.359375 0.31246874999999996 0.461065625 0.31720468749999997 0.558209375 0.3314125 0.702740625 0.34088281249999997 0.7833 0.34088281249999997 0.818840625 0.3282546875 0.823578125 0.3282546875 0.842534375 0.3756125 0.8354250000000001
3 0.9979171875 0.309375 0.975 0.296875 0.9875 0.20625 0.96875 0.1625 0.93125 0.159375 0.9104171875 0.18125 0.9041671875 0.246875 0.9208328124999999 0.2875 0.91875 0.3 0.8583328124999999 0.35 0.8520828125 0.403125 0.8604171875000001 0.434375 0.86875 0.61875 0.88125 0.703125 0.8791671875 0.93125 0.8916671875000001 0.975 0.8895828124999999 0.996875 0.9875 0.996875 0.9979171875 0.965625 0.9979171875 0.309375
3 0.85 0.390625 0.8708328125 0.28125 0.8541671875000001 0.25625 0.8333328124999999 0.25625 0.8208328125 0.275 0.825 0.321875 0.8166671875 0.36875 0.85 0.390625
3 0.85 0.675 0.8666671875 0.578125 0.85 0.396875 0.8020828124999999 0.365625 0.7833328125000001 0.340625 0.79375 0.265625 0.7708328125 0.23125 0.7395828125 0.23125 0.7229171875 0.25625 0.7208328125000001 0.3 0.7375 0.359375 0.6958328125000001 0.40625 0.6854171874999999 0.521875 0.6833328125 0.609375 0.6895828125000001 0.65 0.7104171874999999 0.684375 0.7354171875 0.94375 0.7125 0.996875 0.81875 0.996875 0.825 0.98125 0.8270828124999999 0.703125 0.8333328124999999 0.684375 0.85 0.675
3 0.6333328125000001 0.95 0.6520828125 0.834375 0.6520828125 0.60625 0.6354171875 0.521875 0.6666671875 0.503125 0.6770828125 0.484375 0.6770828125 0.4625 0.6416671875 0.384375 0.6104171875 0.371875 0.60625 0.3125 0.5875 0.3 0.5770828125 0.275 0.5520828125 0.28125 0.54375 0.303125 0.5479171875 0.346875 0.5666671875 0.384375 0.5395828125000001 0.425 0.53125 0.53125 0.53125 0.65 0.5416671875 0.646875 0.5604171874999999 0.6640625 0.5708328125000001 0.790625 0.56875 0.878125 0.5479171875 0.91875 0.5625 0.928125 0.5916671874999999 0.9125 0.61875 0.95 0.6333328125000001 0.95
3 0.42291718749999996 0.4625 0.42083281250000004 0.565625 0.4375 0.596875 0.4479171875 0.68125 0.44375 0.85625 0.425 0.875 0.43541718749999997 0.884375 0.4791671875 0.86875 0.49166718749999994 0.903125 0.5041671875 0.90625 0.5375 0.871875 0.5395828125000001 0.78125 0.5270828125 0.5625 0.5395828125000001 0.415625 0.5541671874999999 0.390625 0.5354171875 0.321875 0.49583281250000005 0.290625 0.48541718749999996 0.225 0.46458281250000005 0.203125 0.44166718749999995 0.215625 0.43541718749999997 0.265625 0.4479171875 0.31875 0.43125 0.353125 0.425 0.390625 0.41458281250000006 0.4125 0.3416671875 0.43125 0.34375 0.45 0.35625 0.4625 0.4166671875 0.4375 0.42291718749999996 0.4625
0 0.9041671875 0.2375 0.9541671875000001 0.203125 0.98125 0.203125 0.98125 0.21875 0.9875 0.2125 0.975 0.16875 0.9604171875 0.15625 0.9291671875 0.159375 0.90625 0.190625 0.9041671875 0.2375
0 0.8208328125 0.271875 0.8208328125 0.303125 0.8729171875 0.284375 0.85625 0.25625 0.8395828125 0.253125 0.8208328125 0.271875
0 0.7229171875 0.290625 0.7625 0.26875 0.7958328125 0.28125 0.7854171875 0.240625 0.7520828125000001 0.225 0.7333328125 0.234375 0.7208328125000001 0.2625 0.7229171875 0.303125 0.7229171875 0.290625
0 0.5791671875 0.271875 0.55 0.278125 0.54375 0.29375 0.5458328125 0.3375 0.5791671875 0.309375 0.60625 0.309375 0.5791671875 0.271875
0 0.4625 0.2 0.44583281250000006 0.20625 0.4375 0.23125 0.43541718749999997 0.259375 0.4479171875 0.246875 0.49375 0.240625 0.4625 0.2
0 0.3375 0.24375 0.3354171875 0.275 0.3875 0.26875 0.3729171875 0.23125 0.3479171875 0.228125 0.3375 0.24375
0 0.2458328125 0.275 0.24375 0.3 0.29375 0.29375 0.26875 0.2625 0.2520828125 0.2625 0.2458328125 0.275