3 0.944 0.996996875 0.95 0.9639640625 0.9880000000000001 0.9639640625 0.998 0.996996875 0.998 0.135134375 0.966 0.135134375 0.9400000000000001 0.159159375 0.9259999999999999 0.24024062499999999 0.9359999999999999 0.321321875 0.868 0.3873875 0.8460000000000001 0.45945937499999995 0.8300000000000001 0.55555625 0.8380000000000001 0.6126125 0.8140000000000001 0.7117109375 0.794 0.7417421875 0.8019999999999999 0.777778125 0.823334375 0.777778125 0.842 0.7957953125 0.8 0.8798796875000001 0.8220000000000001 0.990990625 0.944 0.996996875
2 0.96 0.1381375 0.952 0.14414375 0.9460000000000001 0.153153125 0.944 0.153153125 0.9339999999999999 0.16816875 0.932 0.1771765625 0.932 0.1951953125 0.9359999999999999 0.2042046875 0.9560000000000001 0.2042046875 0.962 0.2072078125 0.994 0.20120156250000001 0.998 0.1951953125 0.998 0.135134375 0.986 0.1291296875 0.96 0.1381375
0 0.098 0.15615625 0.078 0.1291296875 0.064 0.1291296875 0.062 0.1261265625 0.052000000000000005 0.1261265625 0.05 0.1291296875 0.044 0.1291296875 0.038 0.1381375 0.036 0.1381375 0.034 0.14414375 0.028000000000000004 0.15015 0.032 0.165165625 0.046 0.165165625 0.048 0.16216250000000001 0.057999999999999996 0.16216250000000001 0.06 0.159159375 0.09 0.159159375 0.098 0.16216250000000001 0.098 0.15615625
3 0 0.396396875 0.057999999999999996 0.3333328125 0.062 0.32432500000000003 0.064 0.24324374999999998 0.08 0.21921875000000002 0.09 0.21321249999999997 0.098 0.1771765625 0.098 0.159159375 0.086 0.147146875 0.08 0.1291296875 0.05 0.1261265625 0.03 0.147146875 0.026000000000000002 0.1831828125 0.022 0.1891890625 0.038 0.21321249999999997 0.038 0.23123125 0.006 0.2582578125 0 0.2702703125 0 0.396396875
0 0.136 0.24925000000000003 0.128 0.234234375 0.11599999999999999 0.225225 0.10400000000000001 0.222221875 0.10200000000000001 0.21921875000000002 0.086 0.21921875000000002 0.078 0.225225 0.064 0.24624687500000003 0.062 0.2672671875 0.064 0.2702703125 0.064 0.2822828125 0.068 0.29429375 0.09 0.28828906249999997 0.098 0.29429375 0.12 0.3003 0.132 0.309309375 0.142 0.303303125 0.136 0.24925000000000003
3 0 0.5645640625 0.012 0.6126125 0.048 0.69369375 0.054000000000000006 0.7927921875 0.076 0.852853125 0.074 0.8978984375 0.092 0.9189187499999999 0.10600000000000001 0.9129125 0.10600000000000001 0.8858859375 0.142 0.864865625 0.148 0.903903125 0.16599999999999998 0.903903125 0.172 0.8678671874999999 0.136 0.6726734375000001 0.136 0.5825828125 0.124 0.522521875 0.136 0.45645625 0.126 0.378378125 0.13799999999999998 0.303303125 0.136 0.2552546875 0.126 0.234234375 0.10200000000000001 0.21921875000000002 0.06999999999999999 0.2372375 0.057999999999999996 0.3393390625 0.018 0.375375 0 0.4054046875 0 0.5645640625
0 0.16399999999999998 0.153153125 0.142 0.153153125 0.13799999999999998 0.15615625 0.124 0.1801796875 0.12 0.1921921875 0.12 0.1981984375 0.122 0.20120156250000001 0.122 0.21621562499999997 0.13799999999999998 0.222221875 0.18 0.225225 0.188 0.21921875000000002 0.188 0.2102109375 0.182 0.1771765625 0.16399999999999998 0.153153125
3 0.196 0.3333328125 0.20600000000000002 0.309309375 0.20600000000000002 0.3003 0.202 0.2822828125 0.19 0.2702703125 0.182 0.234234375 0.188 0.222221875 0.184 0.1861859375 0.16999999999999998 0.159159375 0.162 0.153153125 0.13799999999999998 0.15615625 0.122 0.1861859375 0.122 0.21621562499999997 0.13999999999999999 0.2612609375 0.142 0.29129062499999997 0.142 0.303303125 0.13 0.3363359375 0.128 0.372371875 0.136 0.39940000000000003 0.136 0.4144140625 0.146 0.4204203125 0.196 0.3333328125
0 0.27999999999999997 0.21321249999999997 0.252 0.20120156250000001 0.23199999999999998 0.2102109375 0.21800000000000003 0.23123125 0.20800000000000002 0.2702703125 0.20800000000000002 0.2822828125 0.21200000000000002 0.29129062499999997 0.272 0.3123125 0.3 0.309309375 0.306 0.3003 0.308 0.2822828125 0.298 0.2702703125 0.296 0.24624687500000003 0.27999999999999997 0.21321249999999997
3 0.254 0.996996875 0.254 0.9759765625 0.268 0.9669671875000001 0.27999999999999997 0.915915625 0.274 0.7867875 0.26 0.6997 0.27 0.6366359375 0.258 0.546546875 0.256 0.38138125 0.286 0.30630625 0.294 0.24925000000000003 0.27999999999999997 0.21621562499999997 0.242 0.2042046875 0.22000000000000003 0.228228125 0.20800000000000002 0.2732734375 0.21200000000000002 0.30630625 0.192 0.3513515625 0.192 0.5015015625 0.21000000000000002 0.621621875 0.21200000000000002 0.70570625 0.21000000000000002 0.753753125 0.192 0.834834375 0.192 0.9309312500000001 0.20400000000000001 0.996996875 0.254 0.996996875
0 0.32599999999999996 0.1861859375 0.32999999999999996 0.1831828125 0.32999999999999996 0.1741734375 0.33199999999999996 0.171171875 0.33199999999999996 0.153153125 0.32999999999999996 0.147146875 0.322 0.135134375 0.314 0.1291296875 0.3 0.1291296875 0.294 0.1321328125 0.27999999999999997 0.15615625 0.27799999999999997 0.16216250000000001 0.27799999999999997 0.1741734375 0.282 0.1771765625 0.286 0.1771765625 0.288 0.1741734375 0.302 0.1741734375 0.304 0.1771765625 0.312 0.1771765625 0.314 0.1801796875 0.32599999999999996 0.1861859375
3 0.32999999999999996 0.2552546875 0.32 0.234234375 0.32 0.225225 0.32599999999999996 0.2042046875 0.32599999999999996 0.1951953125 0.32999999999999996 0.1861859375 0.32999999999999996 0.171171875 0.33199999999999996 0.16816875 0.33199999999999996 0.15615625 0.32799999999999996 0.14414375 0.314 0.1291296875 0.3 0.1291296875 0.292 0.135134375 0.27999999999999997 0.153153125 0.27799999999999997 0.1741734375 0.284 0.1951953125 0.284 0.21321249999999997 0.298 0.24925000000000003 0.298 0.2642640625 0.312 0.2822828125 0.314 0.29429375 0.32599999999999996 0.28828906249999997 0.32999999999999996 0.2762765625 0.32999999999999996 0.2552546875
0 0.394 0.21621562499999997 0.384 0.2072078125 0.36 0.2102109375 0.34199999999999997 0.234234375 0.33599999999999997 0.24624687500000003 0.33599999999999997 0.2552546875 0.34199999999999997 0.2702703125 0.34199999999999997 0.2792796875 0.392 0.3123125 0.41200000000000003 0.30630625 0.41600000000000004 0.29429375 0.41200000000000003 0.2612609375 0.404 0.23123125 0.394 0.21621562499999997
3 0.39 0.3453453125 0.4 0.3123125 0.41 0.309309375 0.41600000000000004 0.297296875 0.40800000000000003 0.24324374999999998 0.4 0.222221875 0.386 0.2072078125 0.358 0.2102109375 0.33599999999999997 0.24925000000000003 0.33399999999999996 0.321321875 0.34199999999999997 0.378378125 0.33999999999999997 0.4054046875 0.32999999999999996 0.4234234375 0.32999999999999996 0.54354375 0.33999999999999997 0.546546875 0.34199999999999997 0.55555625 0.354 0.546546875 0.362 0.552553125 0.376 0.546546875 0.384 0.53153125 0.392 0.4354359375 0.394 0.3543546875 0.39 0.3453453125
0 0.49400000000000005 0.234234375 0.492 0.222221875 0.48600000000000004 0.2072078125 0.47000000000000003 0.1921921875 0.45 0.1921921875 0.434 0.2042046875 0.43 0.21621562499999997 0.43 0.225225 0.42800000000000005 0.228228125 0.42800000000000005 0.24624687500000003 0.434 0.2582578125 0.442 0.2642640625 0.48600000000000004 0.2612609375 0.488 0.2582578125 0.496 0.2582578125 0.504 0.24925000000000003 0.49400000000000005 0.234234375
3 0.518 0.54354375 0.496 0.522521875 0.496 0.4954953125 0.484 0.48048124999999997 0.496 0.39940000000000003 0.518 0.40240312500000003 0.526 0.372371875 0.502 0.3123125 0.49000000000000005 0.297296875 0.502 0.24624687500000003 0.49000000000000005 0.21621562499999997 0.47000000000000003 0.1921921875 0.45199999999999996 0.1921921875 0.434 0.2042046875 0.42800000000000005 0.228228125 0.43 0.4054046875 0.41600000000000004 0.47147187500000004 0.418 0.53153125 0.434 0.546546875 0.43200000000000005 0.55555625 0.454 0.5585578124999999 0.458 0.546546875 0.47400000000000003 0.546546875 0.51 0.5585578124999999 0.518 0.54354375
0 0.834 0.32732656250000003 0.8320000000000001 0.29129062499999997 0.8140000000000001 0.2582578125 0.8 0.2522515625 0.78 0.2522515625 0.77 0.2582578125 0.756 0.2762765625 0.74 0.31831875 0.742 0.3303296875 0.752 0.3453453125 0.792 0.3543546875 0.808 0.3603609375 0.8140000000000001 0.366365625 0.8300000000000001 0.366365625 0.8400000000000001 0.3573578125 0.8400000000000001 0.3423421875 0.834 0.32732656250000003
3 0.646 0.939940625 0.678 0.8708703124999999 0.6799999999999999 0.8558562500000001 0.696 0.8318312499999999 0.718 0.783784375 0.716 0.774775 0.6719999999999999 0.771771875 0.642 0.8228234375 0.632 0.8798796875000001 0.62 0.8948953124999999 0.622 0.9069062499999999 0.618 0.921921875 0.624 0.921921875 0.624 0.9459453124999999 0.618 0.9489484375 0.622 0.9639640625 0.638 0.9879875 0.654 0.984984375 0.6559999999999999 0.9699703124999999 0.646 0.939940625
3 0.8300000000000001 0.6006 0.8140000000000001 0.5705703125 0.828 0.552553125 0.844 0.45945937499999995 0.842 0.4354359375 0.8160000000000001 0.390390625 0.8220000000000001 0.366365625 0.8400000000000001 0.3513515625 0.826 0.2792796875 0.8099999999999999 0.2582578125 0.792 0.2522515625 0.762 0.2672671875 0.742 0.315315625 0.752 0.3453453125 0.75 0.372371875 0.688 0.40840781249999997 0.658 0.46546562500000005 0.648 0.5105109375 0.658 0.546546875 0.654 0.624625 0.71 0.6456453125 0.72 0.6576578125 0.746 0.6456453125 0.752 0.6576578125 0.75 0.684684375 0.794 0.684684375 0.8300000000000001 0.6006