0 0.1675 0.36329531249999997 0.16 0.3707859375 0.1575 0.3782765625 0.1575 0.411984375 0.16 0.4157296875 0.175 0.4157296875 0.1975 0.4082390625 0.2 0.40449375 0.1975 0.382021875 0.1875 0.367040625 0.1825 0.36329531249999997 0.1675 0.36329531249999997
0 0.2875 0.37453125 0.27999999999999997 0.37453125 0.2725 0.3857671875 0.2725 0.4082390625 0.275 0.411984375 0.2875 0.411984375 0.29 0.4157296875 0.305 0.411984375 0.3075 0.397003125 0.3025 0.3782765625 0.2925 0.3707859375 0.2875 0.37453125
0 0.3975 0.382021875 0.38 0.382021875 0.3775 0.3857671875 0.375 0.3932578125 0.375 0.411984375 0.3775 0.419475 0.3825 0.4232203125 0.385 0.419475 0.40750000000000003 0.419475 0.41 0.40449375 0.40750000000000003 0.3932578125 0.4025 0.3857671875 0.3975 0.382021875
0 0.475 0.3932578125 0.46749999999999997 0.40449375 0.46749999999999997 0.4232203125 0.47000000000000003 0.42696562499999996 0.49749999999999994 0.42696562499999996 0.5 0.419475 0.49749999999999994 0.4157296875 0.49749999999999994 0.40449375 0.495 0.397003125 0.485 0.38951250000000004 0.475 0.3932578125
0 0.5475 0.3782765625 0.5425 0.3932578125 0.5425 0.4007484375 0.545 0.40449375 0.5700000000000001 0.40449375 0.5725 0.397003125 0.5700000000000001 0.3932578125 0.5700000000000001 0.3782765625 0.5675 0.37453125 0.5525 0.37453125 0.5475 0.3782765625
0 0.5974999999999999 0.382021875 0.5825 0.382021875 0.5775 0.3857671875 0.575 0.38951250000000004 0.575 0.4157296875 0.5775 0.419475 0.585 0.419475 0.5875 0.4157296875 0.605 0.4157296875 0.6075 0.397003125 0.6025 0.38951250000000004 0.6025 0.3857671875 0.5974999999999999 0.382021875
3 0.2125 0.7265921875 0.22749999999999998 0.6142328125 0.2225 0.5767796875 0.22749999999999998 0.5168546875 0.24 0.50561875 0.24 0.49438125 0.2125 0.4681640625 0.1925 0.37453125 0.16999999999999998 0.36329531249999997 0.1575 0.382021875 0.1625 0.43820156250000003 0.1525 0.47190937499999996 0.1525 0.5093640625 0.17250000000000001 0.8689140625 0.20750000000000002 0.8801500000000001 0.21000000000000002 0.8651687499999999 0.23500000000000001 0.8389515624999999 0.2125 0.8239703125 0.205 0.7415734375 0.2125 0.7265921875
3 0.3275 0.456928125 0.305 0.4082390625 0.305 0.38951250000000004 0.2975 0.37453125 0.275 0.382021875 0.2725 0.4082390625 0.27749999999999997 0.419475 0.2725 0.441946875 0.2625 0.4494375 0.24500000000000002 0.50561875 0.2425 0.5767796875 0.25 0.6104875 0.26749999999999996 0.6292140625 0.28500000000000003 0.77528125 0.28250000000000003 0.8014984374999999 0.3025 0.7940078125000001 0.34500000000000003 0.7977531250000001 0.3325 0.6516859375 0.3375 0.513109375 0.3275 0.456928125
3 0.43499999999999994 0.4906359375 0.3975 0.382021875 0.3825 0.382021875 0.3775 0.38951250000000004 0.375 0.411984375 0.38 0.4232203125 0.375 0.4456921875 0.365 0.4531828125 0.3625 0.48314531250000003 0.375 0.5206000000000001 0.37 0.53558125 0.375 0.7340828125 0.38 0.7640453125 0.395 0.7677906250000001 0.42750000000000005 0.7415734375 0.4225 0.53558125 0.43499999999999994 0.50561875 0.43499999999999994 0.4906359375
3 0.515 0.602996875 0.52 0.5543078125 0.53 0.528090625 0.5275000000000001 0.49438125 0.52 0.47190937499999996 0.5075000000000001 0.46441875 0.495 0.4007484375 0.49000000000000005 0.3932578125 0.47000000000000003 0.4007484375 0.47000000000000003 0.43820156250000003 0.45 0.5168546875 0.45 0.53558125 0.45999999999999996 0.558053125 0.45999999999999996 0.5917609374999999 0.4725 0.6591765625 0.48 0.7603 0.5125 0.7640453125 0.51 0.6966296875 0.515 0.602996875
3 0.5650000000000001 0.4531828125 0.5725 0.441946875 0.5725 0.38951250000000004 0.5675 0.37453125 0.5549999999999999 0.37453125 0.545 0.38951250000000004 0.5475 0.4232203125 0.53 0.4456921875 0.53 0.47565468749999995 0.5349999999999999 0.486890625 0.5375 0.56554375 0.5475 0.632959375 0.5475 0.7303375 0.5599999999999999 0.7303375 0.5675 0.7078656249999999 0.5650000000000001 0.4531828125
3 0.6224999999999999 0.5880156249999999 0.625 0.5468171875000001 0.6325000000000001 0.5243453125 0.6325000000000001 0.4906359375 0.6224999999999999 0.4531828125 0.615 0.4456921875 0.605 0.3932578125 0.5974999999999999 0.382021875 0.58 0.3857671875 0.575 0.40449375 0.5775 0.4456921875 0.5650000000000001 0.4606734375 0.5675 0.5617984375 0.5775 0.6741578125000001 0.585 0.7078656249999999 0.58 0.7640453125 0.5900000000000001 0.7677906250000001 0.6075 0.752809375 0.625 0.752809375 0.6375 0.7677906250000001 0.65 0.7677906250000001 0.6224999999999999 0.5880156249999999
0 0.7575000000000001 0.411984375 0.75 0.4007484375 0.7375 0.397003125 0.73 0.4007484375 0.73 0.411984375 0.735 0.411984375 0.7424999999999999 0.4232203125 0.7424999999999999 0.43071093749999995 0.745 0.43071093749999995 0.7474999999999999 0.43820156250000003 0.755 0.43820156250000003 0.7575000000000001 0.43445625000000004 0.7575000000000001 0.411984375
3 0.7775000000000001 0.7490640625 0.7675 0.68539375 0.7725 0.5243453125 0.77 0.486890625 0.76 0.456928125 0.7575000000000001 0.411984375 0.7525000000000001 0.40449375 0.73 0.4007484375 0.7224999999999999 0.4157296875 0.72 0.47565468749999995 0.71 0.5168546875 0.7075 0.5393265625 0.7175 0.5767796875 0.72 0.647940625 0.73 0.7041203125 0.7224999999999999 0.7677906250000001 0.7275 0.7715359375 0.7375 0.7640453125 0.7575000000000001 0.7790265625 0.77 0.7790265625 0.7775000000000001 0.7490640625
0 0.7975 0.3782765625 0.7975 0.4007484375 0.8 0.40449375 0.8324999999999999 0.40449375 0.835 0.397003125 0.835 0.382021875 0.825 0.36329531249999997 0.805 0.36329531249999997 0.8 0.3707859375 0.7975 0.3782765625
3 0.8425 0.5468171875000001 0.8525 0.4606734375 0.8324999999999999 0.39887656250000003 0.8300000000000001 0.3707859375 0.8074999999999999 0.36329531249999997 0.7975 0.3782765625 0.8025 0.4606734375 0.7875 0.5318359375 0.7875 0.5917609374999999 0.8099999999999999 0.7303375 0.7975 0.7790265625 0.79 0.782771875 0.8074999999999999 0.8089890625 0.835 0.8089890625 0.85 0.7977531250000001 0.8425 0.5468171875000001
0 0.8625 0.352059375 0.8550000000000001 0.3558046875 0.8474999999999999 0.3707859375 0.8474999999999999 0.382021875 0.845 0.3857671875 0.85 0.4007484375 0.89 0.397003125 0.8925000000000001 0.3932578125 0.8925000000000001 0.3782765625 0.89 0.367040625 0.8875 0.367040625 0.8775000000000001 0.352059375 0.8625 0.352059375
3 0.875 0.352059375 0.8574999999999999 0.3558046875 0.8474999999999999 0.37453125 0.85 0.43445625000000004 0.8625 0.4531828125 0.845 0.5505625000000001 0.86 0.8239703125 0.8800000000000001 0.842696875 0.875 0.8764046875 0.8875 0.8801500000000001 0.9 0.8689140625 0.8925000000000001 0.382021875 0.875 0.352059375
3 0.975 0.7340828125 0.985 0.6666671875 0.985 0.5206000000000001 0.95 0.3782765625 0.9175000000000001 0.3782765625 0.905 0.411984375 0.9199999999999999 0.5243453125 0.9 0.5880156249999999 0.8925000000000001 0.6516859375 0.9099999999999999 0.7191015625 0.9099999999999999 0.8913859375 0.9199999999999999 0.9250937499999999 0.9025000000000001 0.9775281250000001 0.9199999999999999 0.9962546874999999 0.975 0.9962546874999999 0.975 0.7340828125
0 0.9275 0.3707859375 0.9125 0.382021875 0.905 0.4007484375 0.905 0.419475 0.9025000000000001 0.4232203125 0.905 0.43071093749999995 0.9625 0.42696562499999996 0.9650000000000001 0.4232203125 0.9650000000000001 0.411984375 0.9574999999999999 0.38951250000000004 0.9475 0.37453125 0.9425000000000001 0.3707859375 0.9275 0.3707859375