0 0 0.546546875 0.054000000000000006 0.5375375 0.074 0.5375375 0.08399999999999999 0.53153125 0.074 0.4894890625 0.052000000000000005 0.45345312499999996 0.048 0.45045 0.022 0.45045 0.02 0.45345312499999996 0.014000000000000002 0.45345312499999996 0 0.4624625 0 0.546546875
0 0.134 0.5105109375 0.11399999999999999 0.4894890625 0.10400000000000001 0.4894890625 0.086 0.5045046875 0.08199999999999999 0.5105109375 0.08199999999999999 0.5165171875000001 0.086 0.528528125 0.08 0.540540625 0.08 0.5735734375 0.08199999999999999 0.5765765625 0.08199999999999999 0.5915921875000001 0.086 0.597596875 0.142 0.6006 0.142 0.534534375 0.134 0.5105109375
3 0 0.996996875 0.086 0.996996875 0.086 0.9489484375 0.08 0.921921875 0.064 0.8978984375 0.06 0.852853125 0.062 0.8138140625 0.09 0.7267265625 0.08199999999999999 0.6997 0.08399999999999999 0.528528125 0.072 0.4864859375 0.05 0.45345312499999996 0.012 0.45645625 0 0.46546562500000005 0 0.996996875
3 0.154 0.6696703125 0.13799999999999998 0.5765765625 0.142 0.5375375 0.11200000000000002 0.4924921875 0.08399999999999999 0.5135140625 0.08399999999999999 0.68168125 0.098 0.69369375 0.094 0.708709375 0.11200000000000002 0.8888890625 0.11399999999999999 0.996996875 0.182 0.996996875 0.162 0.8708703124999999 0.16399999999999998 0.8018015625 0.178 0.75075 0.154 0.6696703125
3 0.27599999999999997 0.996996875 0.282 0.9369375 0.27999999999999997 0.903903125 0.272 0.8518531250000001 0.272 0.8138140625 0.254 0.8048046875000001 0.252 0.8078078124999999 0.22599999999999998 0.8018015625 0.22400000000000003 0.8048046875000001 0.22599999999999998 0.8198203124999999 0.23399999999999999 0.8318312499999999 0.238 0.846846875 0.23399999999999999 0.8948953124999999 0.236 0.927928125 0.24 0.9579578124999999 0.244 0.9669671875000001 0.246 0.996996875 0.27599999999999997 0.996996875
3 0.314 0.5645640625 0.308 0.525525 0.312 0.48048124999999997 0.302 0.45645625 0.266 0.45345312499999996 0.254 0.46846875 0.244 0.4924921875 0.24 0.525525 0.246 0.528528125 0.248 0.5795796875 0.238 0.609609375 0.20800000000000002 0.6456453125 0.21000000000000002 0.7477484375000001 0.22799999999999998 0.771771875 0.238 0.774775 0.246 0.75075 0.248 0.696696875 0.258 0.6576578125 0.27799999999999997 0.621621875 0.29 0.615615625 0.312 0.5795796875 0.314 0.5645640625
0 0.314 0.47747812500000003 0.306 0.45645625 0.294 0.45345312499999996 0.292 0.45045 0.268 0.45045 0.26 0.45645625 0.252 0.46846875 0.242 0.4894890625 0.242 0.4954953125 0.236 0.5045046875 0.23399999999999999 0.5015015625 0.22799999999999998 0.5015015625 0.22599999999999998 0.5105109375 0.24 0.525525 0.252 0.522521875 0.26 0.5135140625 0.302 0.5135140625 0.306 0.5165171875000001 0.31 0.5135140625 0.31 0.5015015625 0.314 0.4894890625 0.314 0.47747812500000003
0 0.392 0.546546875 0.398 0.546546875 0.40199999999999997 0.540540625 0.388 0.48348281249999997 0.376 0.4624625 0.362 0.45045 0.348 0.45045 0.32999999999999996 0.45945937499999995 0.316 0.48348281249999997 0.312 0.5015015625 0.312 0.5135140625 0.31 0.5165171875000001 0.318 0.525525 0.316 0.540540625 0.318 0.546546875 0.35 0.540540625 0.36 0.528528125 0.376 0.528528125 0.388 0.5375375 0.392 0.546546875
3 0.316 0.8678671874999999 0.316 0.8918921875000001 0.32799999999999996 0.915915625 0.32799999999999996 0.9429421874999999 0.318 0.9939937499999999 0.43 0.996996875 0.40199999999999997 0.8888890625 0.40599999999999997 0.852853125 0.392 0.771771875 0.398 0.675675 0.378 0.61861875 0.39 0.55555625 0.4 0.54354375 0.392 0.5015015625 0.38 0.46846875 0.356 0.45045 0.324 0.46846875 0.314 0.4984984375 0.32 0.5855859375 0.312 0.60660625 0.32799999999999996 0.621621875 0.33999999999999997 0.6726734375000001 0.33599999999999997 0.708709375 0.324 0.7357359375 0.32999999999999996 0.7477484375000001 0.322 0.78078125 0.32799999999999996 0.84985 0.316 0.8678671874999999
0 0.5559999999999999 0.45345312499999996 0.55 0.4354359375 0.532 0.4204203125 0.516 0.4204203125 0.512 0.4234234375 0.49800000000000005 0.44444375 0.496 0.45045 0.496 0.4624625 0.492 0.474475 0.492 0.48348281249999997 0.49800000000000005 0.4924921875 0.508 0.4924921875 0.51 0.4894890625 0.55 0.4864859375 0.5599999999999999 0.474475 0.558 0.47147187500000004 0.5559999999999999 0.45345312499999996
3 0.596 0.633634375 0.584 0.5825828125 0.5519999999999999 0.5615609375 0.542 0.525525 0.558 0.47747812500000003 0.548 0.4354359375 0.52 0.4204203125 0.5 0.44444375 0.49400000000000005 0.48348281249999997 0.502 0.5585578124999999 0.472 0.5795796875 0.462 0.6126125 0.458 0.753753125 0.47000000000000003 0.8558562500000001 0.48200000000000004 0.858859375 0.49000000000000005 0.8858859375 0.49800000000000005 0.996996875 0.5820000000000001 0.996996875 0.588 0.8858859375 0.602 0.846846875 0.592 0.6876875 0.596 0.633634375
0 0.6980000000000001 0.4354359375 0.6940000000000001 0.4234234375 0.6940000000000001 0.4144140625 0.6900000000000001 0.40840781249999997 0.686 0.39339375 0.6719999999999999 0.378378125 0.6519999999999999 0.378378125 0.636 0.40240312500000003 0.632 0.4174171875 0.628 0.4384390625 0.628 0.44444375 0.63 0.44744687499999997 0.658 0.44444375 0.6599999999999999 0.4414421875 0.67 0.4414421875 0.6719999999999999 0.4384390625 0.6900000000000001 0.4384390625 0.692 0.4414421875 0.6980000000000001 0.4354359375
3 0.674 0.38138125 0.654 0.378378125 0.638 0.39940000000000003 0.628 0.44444375 0.646 0.5165171875000001 0.618 0.5375375 0.61 0.5585578124999999 0.63 0.7207203125 0.632 0.9879875 0.634 0.996996875 0.6719999999999999 0.996996875 0.704 0.8018015625 0.6940000000000001 0.696696875 0.7 0.5945953125 0.686 0.4864859375 0.696 0.4294296875 0.674 0.38138125
0 0.74 0.39339375 0.728 0.372371875 0.714 0.3633640625 0.706 0.3633640625 0.7 0.366365625 0.6940000000000001 0.375375 0.6940000000000001 0.378378125 0.688 0.3873875 0.688 0.39339375 0.6940000000000001 0.4144140625 0.728 0.4114109375 0.734 0.4174171875 0.736 0.4234234375 0.744 0.4174171875 0.744 0.4054046875 0.74 0.39339375
3 0.76 0.834834375 0.76 0.8108109375 0.758 0.8078078124999999 0.756 0.8108109375 0.742 0.8108109375 0.74 0.8048046875000001 0.738 0.8048046875000001 0.738 0.8168171875000001 0.736 0.8198203124999999 0.736 0.8558562500000001 0.738 0.8708703124999999 0.74 0.8708703124999999 0.744 0.8888890625 0.752 0.8888890625 0.758 0.8708703124999999 0.762 0.840840625 0.76 0.834834375
3 0.748 0.75075 0.748 0.7207203125 0.746 0.7177171875 0.746 0.70570625 0.74 0.6997 0.74 0.675675 0.738 0.6726734375000001 0.738 0.6636640625 0.732 0.6516515625 0.73 0.6546546875 0.728 0.6636640625 0.728 0.684684375 0.73 0.6876875 0.73 0.6997 0.732 0.702703125 0.734 0.7207203125 0.74 0.7387390625 0.74 0.753753125 0.744 0.759759375 0.748 0.75075
3 0.75 0.984984375 0.748 0.9879875 0.75 0.996996875 0.752 0.996996875 0.754 0.990990625 0.752 0.984984375 0.752 0.9759765625 0.754 0.9729734375 0.752 0.9489484375 0.756 0.939940625 0.756 0.9069062499999999 0.754 0.9069062499999999 0.754 0.8978984375 0.75 0.8948953124999999 0.75 0.9009015625 0.752 0.903903125 0.75 0.915915625 0.744 0.933934375 0.748 0.9369375 0.748 0.9519515625 0.746 0.9549546875000001 0.746 0.9639640625 0.75 0.9699703124999999 0.75 0.984984375
3 0.758 0.51951875 0.76 0.5015015625 0.754 0.5015015625 0.746 0.4894890625 0.736 0.45945937499999995 0.736 0.4294296875 0.742 0.4174171875 0.742 0.40240312500000003 0.736 0.384384375 0.718 0.366365625 0.702 0.366365625 0.696 0.372371875 0.6900000000000001 0.390390625 0.7 0.46846875 0.6980000000000001 0.5045046875 0.7 0.5105109375 0.736 0.534534375 0.75 0.5705703125 0.758 0.60660625 0.762 0.5855859375 0.762 0.540540625 0.758 0.51951875
0 0.8220000000000001 0.4414421875 0.826 0.4384390625 0.8240000000000001 0.4264265625 0.8099999999999999 0.40240312500000003 0.806 0.39940000000000003 0.798 0.39940000000000003 0.796 0.396396875 0.786 0.396396875 0.778 0.40240312500000003 0.77 0.4264265625 0.77 0.44744687499999997 0.772 0.45045 0.772 0.46546562500000005 0.774 0.46846875 0.778 0.46546562500000005 0.78 0.45345312499999996 0.8099999999999999 0.4354359375 0.8119999999999999 0.4324328125 0.8220000000000001 0.4414421875
3 0.8119999999999999 0.8108109375 0.828 0.76876875 0.8140000000000001 0.6006 0.8380000000000001 0.528528125 0.8220000000000001 0.4984984375 0.818 0.4174171875 0.79 0.396396875 0.772 0.4204203125 0.772 0.45945937499999995 0.784 0.48348281249999997 0.792 0.5615609375 0.792 0.6516515625 0.782 0.7207203125 0.786 0.821321875 0.776 0.8888890625 0.8 0.996996875 0.834 0.996996875 0.8119999999999999 0.8108109375
3 0.97 0.996996875 0.958 0.8192187499999999 0.978 0.783784375 0.97 0.7117109375 0.978 0.621621875 0.958 0.5585578124999999 0.9019999999999999 0.5015015625 0.914 0.4324328125 0.9 0.39940000000000003 0.868 0.390390625 0.8480000000000001 0.4294296875 0.8640000000000001 0.525525 0.834 0.5615609375 0.82 0.6126125 0.82 0.6456453125 0.8300000000000001 0.76876875 0.85 0.7897890624999999 0.8560000000000001 0.8618625 0.8619999999999999 0.864865625 0.8619999999999999 0.996996875 0.97 0.996996875
0 0.9099999999999999 0.44444375 0.916 0.44444375 0.9179999999999999 0.4414421875 0.916 0.4294296875 0.9119999999999999 0.4234234375 0.9039999999999999 0.39940000000000003 0.9 0.39339375 0.8880000000000001 0.390390625 0.8859999999999999 0.3873875 0.8720000000000001 0.3873875 0.8699999999999999 0.390390625 0.8640000000000001 0.390390625 0.8539999999999999 0.4054046875 0.85 0.4174171875 0.8460000000000001 0.4354359375 0.8480000000000001 0.4384390625 0.8480000000000001 0.45045 0.852 0.45645625 0.8800000000000001 0.45345312499999996 0.882 0.45045 0.8880000000000001 0.45045 0.89 0.44744687499999997 0.908 0.44744687499999997 0.9099999999999999 0.44444375