3 0.179075 0.869775 0.16391875 0.9979171875 0.2208328125 0.9979171875 0.24221718750000001 0.74968125 0.2520828125 0.6395828125 0.2770828125 0.6229171874999999 0.2791671875 0.5770828125 0.2729171875 0.5041671875 0.2270828125 0.49375 0.2104171875 0.4625 0.2145828125 0.45208281250000004 0.2156984375 0.44764375 0.21875 0.44583281250000006 0.2229171875 0.41458281250000006 0.2125 0.39375 0.175 0.3854171875 0.15 0.40208281250000005 0.1416671875 0.42916718749999994 0.1479171875 0.4625 0.1375 0.4791671875 0.08333281249999999 0.5020828125000001 0.05625 0.5770828125 0.05625 0.6270828125000001 0.08057031249999999 0.6789390625 0.0931984375 0.6953671875 0.07804375 0.74465 0.1058265625 0.7686578125 0.10416718750000001 0.8208328125 0.0958328125 0.9979171875 0.1563421875 0.9979171875 0.17781093750000002 0.7901640624999999 0.179075 0.869775
3 0.4139953125 0.7082359375 0.4166671875 0.74613125 0.425 0.9270828124999999 0.4375 0.9979171875 0.491225 0.9979171875 0.47883906249999997 0.9386234375000001 0.47446875000000005 0.8591578125 0.49049531249999995 0.7826109375 0.5006984375 0.8518546875 0.5087109375 0.9167515625 0.5072546874999999 0.9634109375 0.51016875 0.9903859374999999 0.5312984375 0.9911140625 0.5429546875 0.9979171875 0.58125 0.9979171875 0.55625 0.9583328124999999 0.5520828125 0.9375 0.5541671874999999 0.81875 0.5604171874999999 0.75 0.5708328125000001 0.7208328125000001 0.5833328125 0.7125 0.6 0.5645828125000001 0.5958328125000001 0.5270828125 0.5833328125 0.5083328125000001 0.5479171875 0.49166718749999994 0.53125 0.46458281250000005 0.5357609375 0.44659843749999995 0.5350953125 0.43030468749999995 0.5297796875 0.41766718750000004 0.5198078125000001 0.4073578125 0.5104171875 0.40208281250000005 0.4912296875 0.40203749999999994 0.47708281250000006 0.40625 0.46696875000000004 0.4153390625 0.46458281250000005 0.42291718749999996 0.45998906249999993 0.4346265625 0.4566671875 0.44526875 0.4589921875 0.4522515625 0.4563328125 0.4569078125 0.4560015625 0.46355781250000005 0.4560015625 0.4718703125 0.45866093750000003 0.48085000000000006 0.46065468750000005 0.4875015625 0.44603125 0.4865046875 0.43074375 0.48450781249999997 0.4131484375 0.4820875 0.3878921875 0.4909328125 0.3479171875 0.49166718749999994 0.28433593749999997 0.47008124999999995 0.2641296875 0.4593421875 0.2458328125 0.45416718749999996 0.2230859375 0.4448078125 0.20856249999999998 0.44607343750000006 0.20856249999999998 0.4504953125 0.226875 0.45618125000000004 0.2186671875 0.46945 0.22119218749999997 0.48082343749999995 0.22813750000000002 0.48903749999999996 0.2791671875 0.5041671875 0.3145828125 0.53125 0.3416671875 0.53125 0.39375 0.5479171875 0.3929421875 0.59834375 0.375 0.7145828125 0.3950515625 0.7446875000000001 0.4139953125 0.7082359375
3 0.7047984375 0.8264515625 0.73188125 0.8639515624999999 0.7464640625000001 0.8660359375000001 0.7527140625000001 0.8535359375 0.7422984375 0.8347859375000001 0.7339640625 0.74936875 0.7360484375 0.66186875 0.7413703125 0.6284671875 0.7485484375 0.6222859374999999 0.7470515625 0.5722328125 0.7375812500000001 0.5608609375 0.73813125 0.5472859375 0.7489484375 0.528625 0.7464640625000001 0.48895156249999994 0.7312671875000001 0.4692234375 0.7135875 0.4666953125 0.71313125 0.45561875 0.7243203125 0.4426859375 0.7214640625000001 0.42645156249999994 0.71674375 0.4142546875 0.7047984375 0.4097859375 0.6860484375 0.40770156249999995 0.6714640625 0.41811875 0.6668609375 0.45342656249999996 0.67254375 0.4692234375 0.6589640625000001 0.47020156249999995 0.6402140625 0.48686875 0.6360484375000001 0.5202015624999999 0.64438125 0.5577015624999999 0.6297984375000001 0.59936875 0.6485484375 0.7327015625 0.6422984375 0.7924234375 0.6235484375 0.8535359375 0.6422984375 0.85561875 0.6605453125 0.8496421875 0.66938125 0.83061875 0.6757 0.7896171875 0.6902234375 0.6979921874999999 0.7009578125 0.7776125 0.7047984375 0.8264515625
3 0.8254265625 0.8459234375 0.8283875 0.8885703125 0.8266109374999999 0.90398125 0.8153640624999999 0.9217515625000001 0.8129953125 0.9448546875 0.7940515625 0.9578859375000001 0.78055625 0.9583328124999999 0.7583328125000001 0.9583328124999999 0.7583328125000001 0.9666671875 0.7708328125 0.98125 0.8520828125 0.9979171875 0.86875 0.9208328124999999 0.8541671875000001 0.8166671875 0.8541671875000001 0.7354171875 0.8583328124999999 0.7041671875 0.9125 0.5833328125 0.9166671875000001 0.54375 0.8916671875000001 0.5229171874999999 0.8833328125 0.46875 0.9104171875 0.40416718749999997 0.9307984375 0.39329843750000004 0.9136312500000001 0.3802671875 0.89375 0.3791671875 0.8763375 0.3802671875 0.8645828124999999 0.3916671875 0.8585765625 0.40573750000000003 0.8541671875000001 0.43333281250000005 0.8562109375 0.4537265625 0.8604171875000001 0.47291718749999995 0.8609453125 0.4851234375 0.8375 0.50625 0.8166671875 0.5708328125000001 0.8023390625 0.5840640625 0.78695 0.5899875 0.77806875 0.6059812499999999 0.7839890625 0.6231578125 0.7970125 0.6326359375 0.8206921875000001 0.64270625 0.8058921874999999 0.7540875 0.82601875 0.7463875 0.821875 0.7955734375 0.8254265625 0.8459234375
3 0.56875 0.89375 0.6145828125 0.9145828125 0.61875 0.9083328125 0.5958328125000001 0.8770828125 0.5958328125000001 0.76875 0.6011921874999999 0.7504203125 0.6145828125 0.7395828125 0.61875 0.5895828125 0.63125 0.5833328125 0.6416046875 0.5633874999999999 0.6375 0.5333328125000001 0.6291671875 0.5 0.6020828125000001 0.475 0.6043484375 0.43701093750000003 0.5992984375 0.40857968749999996 0.5854171874999999 0.4 0.5666671875 0.3979171875 0.5458328125 0.41458281250000006 0.5418359374999999 0.4471078125 0.5323640625 0.47490781249999997 0.54878125 0.4938640625 0.5875 0.5125 0.5980328125 0.5241921875 0.6 0.5645828125000001 0.5854171874999999 0.7166671874999999 0.56961875 0.7251484375 0.5625 0.7520828125000001 0.56875 0.89375
3 0.9284296875000001 0.5455515625 0.9136312500000001 0.55859375 0.9201421875 0.5763640624999999 0.9059359375 0.6077578124999999 0.8958703124999999 0.6302671875 0.8911359375 0.6427171875 0.8763375 0.6729265625 0.8662734375 0.6835875 0.8585765625 0.7066890625 0.8562109375 0.7475734375 0.85625 0.8041671875 0.8604171875000001 0.8708328125 0.88125 0.9354171875 0.8875 0.9979171875 0.9979171875 0.9979171875 0.9979171875 0.4166671875 0.9905875 0.4016125 0.9666671875 0.39375 0.9354171875 0.39375 0.9112625 0.40398125 0.9 0.425 0.8982390625000001 0.43596874999999996 0.8893609375 0.44959218749999996 0.8852171875 0.45788593750000006 0.8798875 0.4602546875 0.8798875 0.4709171875 0.8852171875 0.4792109375 0.8893609375 0.4975734375 0.89054375 0.5177125 0.8979171875 0.5291671874999999 0.9284296875000001 0.5455515625
2 0.9895828124999999 0.4791671875 0.9979171875 0.49375 0.9979171875 0.41458281250000006 0.9916671875 0.41041718749999995 0.9854171875000001 0.4 0.9770828125 0.4 0.9666671875 0.39375 0.9354171875 0.39375 0.9229171875000001 0.4 0.91875 0.40625 0.9125 0.40833281250000003 0.9041671875 0.4166671875 0.9 0.42291718749999996 0.9020828125 0.4270828125 0.9354171875 0.425 0.9458328125 0.43125 0.95 0.43541718749999997 0.9520828124999999 0.45416718749999996 0.9604171875 0.4625 0.9854171875000001 0.45625 0.9895828124999999 0.4625 0.9895828124999999 0.4791671875
2 0.9229171875000001 0.3958328125 0.925 0.3958328125 0.9270828124999999 0.3916671875 0.9229171875000001 0.3875 0.9229171875000001 0.3854171875 0.9145828125 0.38125 0.9083328125 0.38125 0.90625 0.3791671875 0.8895828124999999 0.3791671875 0.8875 0.38125 0.88125 0.38125 0.8708328125 0.3854171875 0.8645828124999999 0.3916671875 0.8583328124999999 0.40416718749999997 0.8583328124999999 0.40833281250000003 0.8604171875000001 0.41041718749999995 0.86875 0.40625 0.8791671875 0.40625 0.88125 0.40833281250000003 0.8916671875000001 0.40833281250000003 0.9 0.4125 0.9145828125 0.40416718749999997 0.9229171875000001 0.3958328125
2 0.7153796875 0.4522953125 0.71875 0.44375 0.7208328125000001 0.43958281250000003 0.7208328125000001 0.4270828125 0.7166671874999999 0.41875 0.7125 0.41458281250000006 0.6979171875 0.40833281250000003 0.6833328125 0.41041718749999995 0.675 0.41458281250000006 0.66875 0.42083281250000004 0.66875 0.43125 0.6801515625000001 0.4303484375 0.6901234374999999 0.42669218750000004 0.6897890624999999 0.43500468750000004 0.69843125 0.4379984375 0.6997609375 0.44498125 0.7057421875000001 0.44664374999999995 0.71371875 0.4389953125 0.7153796875 0.4522953125
2 0.6020828125000001 0.43333281250000005 0.5979171875 0.4125 0.59375 0.40833281250000003 0.59375 0.40625 0.5916671874999999 0.40625 0.5854171874999999 0.4 0.58125 0.3979171875 0.5666671875 0.3979171875 0.55 0.40625 0.5458328125 0.41458281250000006 0.5458328125 0.42291718749999996 0.5470703125 0.43423125 0.55 0.41875 0.5626921874999999 0.4109546875 0.58125 0.41458281250000006 0.5895828125 0.425 0.5895828125 0.43125 0.5945953125 0.4365578125 0.6020828125000001 0.43333281250000005
2 0.5231328125 0.44260781250000003 0.5271203125 0.4406125 0.5333328125000001 0.43958281250000003 0.5333328125000001 0.43125 0.5291671874999999 0.42083281250000004 0.5229171874999999 0.41458281250000006 0.5229171874999999 0.4125 0.5125 0.40416718749999997 0.50625 0.40208281250000005 0.49166718749999994 0.40208281250000005 0.47708281250000006 0.40833281250000003 0.47083281250000003 0.41458281250000006 0.46464218749999997 0.4203265625 0.46131875000000006 0.4306375 0.4762734375 0.42598125 0.4869078125 0.4266453125 0.4982078125 0.4269796875 0.50551875 0.4296390625 0.50950625 0.4369546875 0.5125 0.44375 0.5174828125000001 0.4509203125 0.5231328125 0.44260781250000003
2 0.21875 0.43541718749999997 0.21875 0.43958281250000003 0.2208328125 0.43958281250000003 0.225 0.42916718749999994 0.225 0.41875 0.2229171875 0.4166671875 0.2229171875 0.41041718749999995 0.21875 0.4 0.2104171875 0.3916671875 0.2020828125 0.3875 0.1958328125 0.3875 0.19375 0.3854171875 0.1708328125 0.3854171875 0.1625 0.3895828125 0.1541671875 0.3979171875 0.1519609375 0.40804999999999997 0.1572765625 0.40140000000000003 0.1695734375 0.3990734375 0.1875 0.40625 0.19715625 0.4220359375 0.19616093750000002 0.43101406249999996 0.20181093749999998 0.437 0.2145828125 0.43125 0.21875 0.43541718749999997