3 0 0.996996875 0.466 0.996996875 0.47800000000000004 0.9879875 0.466 0.927928125 0.45199999999999996 0.9069062499999999 0.41600000000000004 0.9129125 0.398 0.9459453124999999 0.27999999999999997 0.903903125 0.2312421875 0.897778125 0.2369859375 0.8834 0.25325625 0.8848375 0.262 0.8708703124999999 0.27799999999999997 0.846846875 0.292 0.7927921875 0.2944125 0.7453218749999999 0.3049421875 0.6964296875 0.3 0.675675 0.256 0.624625 0.202 0.615615625 0.176 0.63063125 0.156 0.6666671875 0.13935781249999998 0.7064953125 0.1384015625 0.7525140625 0.12308749999999999 0.76976875 0.1259578125 0.8143484375 0.08 0.8228234375 0.05600000000000001 0.858859375 0 0.9699703124999999 0 0.996996875
3 0.706428125 0.646990625 0.7044984375000001 0.6643875 0.7168984375 0.6846734375 0.73370625 0.6813609375 0.743090625 0.6802890625 0.753009375 0.68153125 0.76430625 0.6836 0.7739499999999999 0.6852578125 0.7866515625 0.6741953125 0.7960203124999999 0.6775078125 0.7973984375 0.690753125 0.7723234375 0.6957203125 0.762 0.7117109375 0.7530359375 0.72801875 0.75028125 0.7445796875 0.757721875 0.753684375 0.7687421875 0.756996875 0.780590625 0.7565828125 0.7924375 0.749546875 0.7987765625 0.734228125 0.808 0.7237234375 0.8406578124999999 0.7371203125 0.8699999999999999 0.7357359375 0.9039999999999999 0.708709375 0.924 0.6666671875 0.9199999999999999 0.609609375 0.9153281249999999 0.5768953125 0.9018265624999999 0.55536875 0.876 0.540540625 0.8698640624999999 0.5185171875 0.8698640624999999 0.480846875 0.8615984375 0.4531109375 0.8400000000000001 0.4414421875 0.82 0.4414421875 0.8031843750000001 0.45309687500000007 0.78830625 0.47751875000000005 0.7921640625 0.4924234375 0.79491875 0.51436875 0.7907859375 0.5462546875000001 0.7940484375 0.5613 0.79 0.5645640625 0.777515625 0.5848953125 0.7620859375 0.603940625 0.73 0.633634375 0.7237859375 0.6453359375 0.706428125 0.646990625
3 0.703309375 0.6613390625 0.7068921875 0.6427109375 0.718740625 0.6447812500000001 0.72700625 0.63815625 0.75318125 0.605453125 0.7509765625 0.5938625 0.7347203125 0.559915625 0.72121875 0.5408734374999999 0.708 0.525525 0.7 0.46846875 0.6948640625 0.45274843750000004 0.6799999999999999 0.44444375 0.662 0.44744687499999997 0.648 0.46546562500000005 0.646 0.515015625 0.64885 0.528090625 0.6510546875000001 0.5450625 0.6427875000000001 0.5446515625 0.6144078125 0.569075 0.602559375 0.5839796875000001 0.5987015625 0.6071625 0.6000796875 0.62330625 0.6066921875 0.62993125 0.6168875 0.6361375 0.6403078125 0.64814375 0.66280625 0.6580359375 0.6787859375 0.66383125 0.690909375 0.661759375 0.703309375 0.6613390625
3 0.6020078125 0.5835640625 0.6144078125 0.56783125 0.6226734375 0.56038125 0.6325937500000001 0.5512734375 0.6361765625 0.5376125 0.6430640624999999 0.5210546875000001 0.6427875000000001 0.5152578125 0.6356234374999999 0.5111171875 0.6292859375 0.5094624999999999 0.6303875 0.49704218750000007 0.6306078125 0.4620265625 0.624 0.45045 0.614 0.4414421875 0.6000234375 0.4413265625 0.5900000000000001 0.44744687499999997 0.58404375 0.46161250000000004 0.5815640625 0.48438125000000004 0.5837687500000001 0.5174984375 0.5867984374999999 0.529090625 0.5768796875 0.5307484375 0.570265625 0.5464781249999999 0.558 0.5645640625 0.5562140624999999 0.5692468749999999 0.5308640625 0.5729734375 0.5187421875 0.5750421875 0.514 0.5855859375 0.5096484375 0.5986390625 0.512128125 0.6127140625 0.5248046875 0.6156125 0.5429875 0.61436875 0.5592453125 0.6131296875000001 0.5856953125000001 0.62099375 0.59726875 0.6251328125 0.5958921875 0.6139546874999999 0.5980953125 0.5978109375 0.6020078125 0.5835640625
3 0 0.9609609375 0.072 0.828828125 0.088 0.8138140625 0.126 0.8048046875000001 0.126 0.76876875 0.16 0.6456453125 0.198 0.609609375 0.21400000000000002 0.60660625 0.22000000000000003 0.5885890625 0.22195937500000001 0.55255 0.21600000000000003 0.51951875 0.20182656250000003 0.4891234375 0.1764984375 0.4783875 0.15636406249999998 0.48131562499999997 0.13817812499999998 0.4920484375 0.124 0.5075078125 0.11544531250000001 0.5671859375 0.10600000000000001 0.5945953125 0.10635468749999999 0.615 0.0855703125 0.6130484375 0.07193125 0.611096875 0.048 0.627628125 0 0.6876875 0 0.9609609375
3 0.5110281249999999 0.583390625 0.5519999999999999 0.5675671875 0.5553874999999999 0.534540625 0.55 0.5075078125 0.5416125 0.4840359375 0.5283859375 0.47906562499999994 0.53279375 0.4567109375 0.528 0.4354359375 0.5181921875 0.4235953125 0.508 0.4144140625 0.491740625 0.4182125 0.484 0.4324328125 0.49000000000000005 0.4894890625 0.482921875 0.5163249999999999 0.47245156250000003 0.5304 0.457021875 0.5515140625 0.4520625 0.556065625 0.45316406249999996 0.5689015625 0.45481875 0.5784203125 0.4719015625 0.5780062499999999 0.492 0.5795796875 0.5110281249999999 0.583390625
3 0 0.6837093750000001 0.0180234375 0.6657421875 0.040106249999999996 0.633540625 0.068 0.6116359375 0.090765625 0.6159765625 0.10600000000000001 0.60563125 0.10440624999999999 0.58475 0.1134984375 0.571090625 0.11739375 0.5447421875 0.12713593750000002 0.496928125 0.10400000000000001 0.4825078125 0.072 0.4825078125 0.06 0.49451875 0.05 0.5215468750000001 0.04985 0.5691375 0.044 0.59361875 0.008 0.6326578125 0 0.650675 0 0.6837093750000001
3 0 0.649134375 0.027765625 0.6120546874999999 0.044 0.5885890625 0.0492 0.5730234375000001 0.0492 0.55155625 0.048549999999999996 0.5252109375 0.0582921875 0.49495781250000004 0.07063125 0.4793640625 0.066 0.45045 0.0585703125 0.441165625 0.041999999999999996 0.4384390625 0.0222 0.4445796875 0.014000000000000002 0.45945937499999995 0.0135625 0.48693125000000004 0.0131078125 0.5108374999999999 0.01 0.5165171875000001 0 0.534534375 0 0.649134375
3 0.414865625 0.538678125 0.42698749999999996 0.5490296875 0.4369078125 0.5523390625 0.454 0.552553125 0.4650125 0.5419906250000001 0.48200000000000004 0.5105109375 0.48843437500000003 0.49024375 0.484 0.47747812500000003 0.47493125 0.4740984375 0.4782375 0.46416562499999997 0.48154375 0.447603125 0.47851406250000006 0.42814687500000004 0.47000000000000003 0.4204203125 0.4482046875 0.4177984375 0.44000000000000006 0.4264265625 0.43938750000000004 0.45009062499999997 0.4385625 0.470371875 0.44297031249999996 0.4873453125 0.43608125 0.4939703125 0.4319484375 0.5026640625 0.41955 0.515084375 0.40935468750000004 0.521290625 0.40659999999999996 0.5324687499999999 0.41018125000000005 0.537853125 0.414865625 0.538678125
3 0.3797984375 0.5080484375000001 0.388 0.4864859375 0.3961265625 0.475709375 0.39 0.4624625 0.3849921875 0.43889843749999996 0.3794265625 0.42216875 0.37 0.40840781249999997 0.358 0.4054046875 0.346 0.4204203125 0.352 0.45645625 0.352334375 0.47626718749999997 0.344 0.4864859375 0.33192187500000003 0.497453125 0.3278375 0.504703125 0.34268437500000004 0.51139375 0.35047812500000003 0.5080484375000001 0.3579 0.5069343749999999 0.37051875 0.5097203125 0.3797984375 0.5080484375000001
3 0.2236140625 0.4103 0.21600000000000003 0.39940000000000003 0.20920156250000002 0.3974109375 0.2033703125 0.39844375 0.2 0.40840781249999997 0.20268437499999997 0.42473593750000005 0.2013125 0.430921875 0.191359375 0.43246874999999996 0.18758593750000002 0.4505109375 0.176 0.46546562500000005 0.1745484375 0.47886562499999996 0.19410624999999998 0.48092499999999994 0.2194953125 0.47937812500000004 0.2404265625 0.4762859375 0.244 0.46846875 0.2421421875 0.4525734375 0.23733749999999998 0.44432499999999997 0.235965625 0.43246874999999996 0.22395625 0.42628281250000005 0.2236140625 0.4103
3 0.3481859375 0.5113578125 0.347634375 0.5208796875 0.35204375 0.5341265625 0.3666453125 0.5328828125 0.3795953125 0.5283296875 0.3944765625 0.5308140625 0.4013640625 0.5337109375 0.40522187499999995 0.5308140625 0.4110078125 0.51798125 0.42000000000000004 0.5135140625 0.4217546875 0.5059765625 0.4267140625 0.49935156249999996 0.4333265625 0.494384375 0.438 0.4894890625 0.43883593750000005 0.46457031249999997 0.437459375 0.456290625 0.4305703125 0.4496609375 0.42340625000000004 0.453384375 0.42395781250000003 0.4397234375 0.42395781250000003 0.42026718750000003 0.41600000000000004 0.4144140625 0.41200000000000003 0.4114109375 0.40199999999999997 0.4114109375 0.392 0.4234234375 0.3911703125 0.44179218750000004 0.396128125 0.45339375000000004 0.3994359375 0.4612578125 0.398884375 0.468709375 0.3917203125 0.48486250000000003 0.382 0.4984984375 0.3806984375 0.5101140625 0.36471875 0.510528125 0.3570015625 0.5084593749999999 0.3481859375 0.5113578125
2 0.826 0.522521875 0.826 0.53153125 0.834 0.53153125 0.844 0.525525 0.852 0.540540625 0.8619999999999999 0.540540625 0.8640000000000001 0.5375375 0.868 0.528528125 0.868 0.48048124999999997 0.8640000000000001 0.46546562500000005 0.858 0.45645625 0.8400000000000001 0.4414421875 0.8220000000000001 0.4414421875 0.8119999999999999 0.44744687499999997 0.8039999999999999 0.45645625 0.8 0.46846875 0.794 0.47147187500000004 0.792 0.47747812500000003 0.796 0.47747812500000003 0.798 0.48048124999999997 0.8140000000000001 0.48048124999999997 0.8220000000000001 0.4924921875 0.8220000000000001 0.5045046875 0.82 0.5075078125 0.826 0.522521875
2 0.6980000000000001 0.5165171875000001 0.702 0.5105109375 0.704 0.5045046875 0.702 0.474475 0.696 0.4624625 0.696 0.45945937499999995 0.6900000000000001 0.45045 0.686 0.44744687499999997 0.6799999999999999 0.44744687499999997 0.678 0.44444375 0.67 0.44444375 0.6679999999999999 0.44744687499999997 0.662 0.44744687499999997 0.658 0.45045 0.658 0.45345312499999996 0.6519999999999999 0.45945937499999995 0.65 0.47147187500000004 0.6559999999999999 0.47147187500000004 0.658 0.46846875 0.668965625 0.4701375 0.67 0.4864859375 0.6719999999999999 0.5015015625 0.678 0.5015015625 0.6799999999999999 0.4984984375 0.6940000000000001 0.5165171875000001 0.6980000000000001 0.5165171875000001
2 0.628 0.5015015625 0.628 0.4624625 0.624 0.45045 0.612 0.4414421875 0.6 0.4414421875 0.592 0.44744687499999997 0.5860000000000001 0.45645625 0.5838953124999999 0.4678046875 0.59715 0.4668796875 0.597765625 0.479384375 0.606 0.4924921875 0.618 0.4984984375 0.618 0.5015015625 0.622 0.5075078125 0.626 0.5045046875 0.628 0.5015015625
2 0.522 0.474475 0.526 0.474475 0.528 0.47147187500000004 0.53 0.46546562500000005 0.53 0.4414421875 0.524 0.4264265625 0.508 0.4144140625 0.4982421875 0.4171984375 0.4905375 0.42229374999999997 0.4852984375 0.43294531249999996 0.4834484375 0.4417453125 0.48683750000000003 0.453784375 0.4914625 0.44267031250000005 0.49515937499999996 0.43896406250000003 0.5056406250000001 0.4403546875 0.51 0.45045 0.5139625 0.4588765625 0.52166875 0.4611921875 0.522 0.474475
2 0.47400000000000003 0.46546562500000005 0.47800000000000004 0.45945937499999995 0.4821578125 0.4458375 0.47800000000000004 0.4324328125 0.47000000000000003 0.4204203125 0.466 0.4174171875 0.45999999999999996 0.4174171875 0.4553453125 0.41676250000000004 0.44800000000000006 0.4204203125 0.44112343750000005 0.42621875 0.44205625 0.43848125 0.45 0.4414421875 0.4544125 0.45109062499999997 0.45581250000000006 0.4640515625 0.4597765625 0.4640515625 0.4618734375 0.45494218750000004 0.46886875000000006 0.4570453125 0.46799999999999997 0.46546562500000005 0.47400000000000003 0.46546562500000005
2 0.422 0.4294296875 0.4236375 0.42412031250000004 0.42000000000000004 0.4174171875 0.41600000000000004 0.4144140625 0.41 0.4114109375 0.40199999999999997 0.4114109375 0.398 0.4144140625 0.392 0.4234234375 0.3909984375 0.43778125 0.394028125 0.43883124999999995 0.39589375000000004 0.430775 0.40199999999999997 0.4264265625 0.40918124999999994 0.4234171875 0.414 0.4294296875 0.41600000000000004 0.4324328125 0.42000000000000004 0.4324328125 0.422 0.4294296875
2 0.38 0.45945937499999995 0.382 0.4624625 0.388 0.4624625 0.388 0.45345312499999996 0.384 0.4384390625 0.378 0.4204203125 0.372 0.4114109375 0.368 0.40840781249999997 0.356 0.40840781249999997 0.352 0.4114109375 0.35 0.4174171875 0.3453 0.42445625 0.35719218750000004 0.430059375 0.35835625000000004 0.44162187499999994 0.366515625 0.4426734375 0.3730453125 0.4398671875 0.3728125 0.4507265625 0.368 0.45345312499999996 0.37 0.45945937499999995 0.38 0.45945937499999995
2 0.198 0.4054046875 0.2 0.4114109375 0.20400000000000001 0.4114109375 0.21200000000000002 0.4054046875 0.22000000000000003 0.4114109375 0.22200000000000003 0.4054046875 0.21800000000000003 0.39940000000000003 0.20400000000000001 0.39940000000000003 0.2 0.40240312500000003 0.198 0.4054046875
2 0.057999999999999996 0.47747812500000003 0.064 0.46546562500000005 0.064 0.45345312499999996 0.054000000000000006 0.4414421875 0.034 0.4414421875 0.022 0.44744687499999997 0.016 0.45345312499999996 0.014000000000000002 0.45945937499999995 0.014000000000000002 0.4894890625 0.016 0.4924921875 0.016 0.5015015625 0.022 0.5015015625 0.024 0.5045046875 0.036 0.4954953125 0.052000000000000005 0.4924921875 0.05600000000000001 0.4864859375 0.057999999999999996 0.47747812500000003
2 0.11200000000000002 0.552553125 0.1142484375 0.5399093749999999 0.118 0.522521875 0.12170937500000001 0.5139875 0.12 0.5015015625 0.11399999999999999 0.4894890625 0.10400000000000001 0.48348281249999997 0.08 0.48348281249999997 0.078 0.4864859375 0.06999999999999999 0.4864859375 0.057999999999999996 0.5015015625 0.05 0.525525 0.05 0.552553125 0.048 0.55555625 0.05 0.5675671875 0.052000000000000005 0.5705703125 0.06 0.5705703125 0.066 0.5765765625 0.08090937499999999 0.58054375 0.0834734375 0.5668828125 0.09000156249999999 0.5581234375 0.11200000000000002 0.552553125
2 0.196 0.60660625 0.20800000000000002 0.609609375 0.22000000000000003 0.5885890625 0.22200000000000003 0.5645640625 0.21600000000000003 0.51951875 0.2009375 0.49913281249999997 0.188 0.4954953125 0.1794875 0.48792187499999995 0.158271875 0.48546875 0.13999999999999999 0.4954953125 0.124 0.5135140625 0.11599999999999999 0.534534375 0.11000000000000001 0.5825828125 0.11000000000000001 0.60660625 0.12 0.615615625 0.12586406249999998 0.6280359375 0.134 0.63063125 0.14521562500000001 0.6462515625 0.156640625 0.65290625 0.1594375 0.6413484375 0.176690625 0.6280359375 0.196 0.60660625
2 0.27778749999999997 0.828159375 0.286 0.7867875 0.302 0.678678125 0.262 0.627628125 0.21200000000000002 0.615615625 0.174 0.633634375 0.146 0.696696875 0.13 0.765765625 0.1255703125 0.826134375 0.1370203125 0.8494109375000001 0.17002343749999999 0.8706609375 0.2104359375 0.87875625 0.23872343749999997 0.8625640625000001 0.251521875 0.8433390624999999 0.25758125 0.8099453125 0.268359375 0.80185 0.27778749999999997 0.828159375