3 0.998 0.8841812499999999 0.9880000000000001 0.813559375 0.9880000000000001 0.6836156250000001 0.998 0.62146875 0.992 0.6073453125 0.998 0.5875703125 0.998 0.4689265625 0.99 0.451978125 0.998 0.4067796875 0.992 0.4011296875 0.99 0.34745781249999996 0.998 0.302259375 0.9560000000000001 0.2598875 0.9400000000000001 0.2288140625 0.9460000000000001 0.14971718750000002 0.9359999999999999 0.12994375 0.906 0.11864375 0.8880000000000001 0.12994375 0.8720000000000001 0.1581921875 0.874 0.2288140625 0.89 0.2768359375 0.868 0.319209375 0.858 0.36158125 0.842 0.6468921875 0.866 0.7033890625 0.876 0.88135625 0.9 0.997175 0.998 0.997175 0.998 0.8841812499999999
3 0.558 0.6101687499999999 0.562 0.5903953125 0.5900000000000001 0.5903953125 0.5940000000000001 0.5734468749999999 0.63 0.556496875 0.634 0.5423734375 0.6639999999999999 0.548021875 0.6679999999999999 0.6525421875 0.682 0.7203390625 0.6940000000000001 0.997175 0.776 0.997175 0.794 0.7514125 0.792 0.677965625 0.8300000000000001 0.5790953125 0.8400000000000001 0.49717500000000003 0.794 0.36158125 0.746 0.29943437500000003 0.772 0.21468906250000003 0.756 0.172315625 0.714 0.14971718750000002 0.6900000000000001 0.16384218749999999 0.674 0.189265625 0.6639999999999999 0.2401125 0.67 0.2824859375 0.688 0.319209375 0.686 0.35028281250000004 0.624 0.5 0.61 0.502825 0.562 0.562146875 0.532 0.5790953125 0.532 0.62146875 0.558 0.6101687499999999
3 0.32999999999999996 0.7118640625 0.33199999999999996 0.550846875 0.35 0.5423734375 0.40800000000000003 0.5903953125 0.496 0.62146875 0.512 0.61864375 0.522 0.5960453125 0.48200000000000004 0.548021875 0.462 0.550846875 0.426 0.5282484375000001 0.362 0.4548015625 0.33799999999999997 0.38418125000000003 0.32 0.3587578125 0.32 0.319209375 0.346 0.22316406249999998 0.33599999999999997 0.1581921875 0.306 0.11299375 0.26 0.12146874999999999 0.24 0.1553671875 0.23199999999999998 0.2175140625 0.242 0.2881359375 0.196 0.34180781250000003 0.176 0.38135625 0.16799999999999998 0.41525468749999994 0.16999999999999998 0.5875703125 0.186 0.692090625 0.186 0.7994343749999999 0.20600000000000002 0.8841812499999999 0.196 0.997175 0.33799999999999997 0.997175 0.344 0.8418078124999999 0.33999999999999997 0.7485875 0.32999999999999996 0.7118640625
3 0.002 0.997175 0.08 0.997175 0.062 0.822034375 0.088 0.7937859375 0.046 0.6016953125 0.038 0.5310734375 0.008 0.440678125 0 0.42937812500000005 0.002 0.997175
3 0.982 0.177965625 0.95 0.175140625 0.9359999999999999 0.19491562499999998 0.9480000000000001 0.24293749999999997 0.998 0.2937859375 0.998 0.2175140625 0.982 0.177965625
3 0.5206703125 0.586434375 0.56333125 0.71116875 0.568071875 0.8091156249999999 0.5497046875 0.9966390625000001 0.6113265625000001 0.997175 0.6125093749999999 0.899528125 0.6231765625000001 0.7329343749999999 0.639765625 0.8760875 0.634434375 0.997175 0.6865765625 0.9966390625000001 0.691315625 0.33194375 0.6421359375 0.293434375 0.651615625 0.25325156249999997 0.6528015625 0.228975 0.6593203125 0.2046953125 0.6451 0.18041875000000002 0.6373953125 0.1486078125 0.609778125 0.139359375 0.58999375 0.15279375 0.58110625 0.176234375 0.5728125000000001 0.2080453125 0.5757734375 0.2214375 0.5834765625 0.26999375 0.5876234375 0.30096875 0.56629375 0.3252453125 0.5325203125 0.3595671875 0.5105953125 0.5203015625 0.5206703125 0.586434375
3 0.4175703125 0.6375031250000001 0.408684375 0.6760109375 0.4347546875 0.6994484375 0.4489734375 0.65591875 0.4471953125 0.623271875 0.44008593749999997 0.6073640625000001 0.44067968750000003 0.5563 0.43949375 0.503559375 0.4270515625 0.45751406250000004 0.4264578125 0.41816875 0.4240875 0.3855203125 0.4223125 0.32022343750000004 0.41105468749999996 0.280875 0.3915 0.2540875 0.39801875 0.2515765625 0.408684375 0.24320624999999998 0.4163859375 0.218090625 0.41875625000000005 0.196325 0.4134234375 0.176234375 0.41105468749999996 0.157815625 0.4317921875 0.1628390625 0.420534375 0.1444203125 0.4152 0.1226546875 0.4092765625 0.0992140625 0.3944625 0.08080000000000001 0.38794375 0.0665671875 0.36128125 0.06321718750000001 0.3518015625 0.0741015625 0.33995000000000003 0.0883328125 0.33165625 0.1100984375 0.33051875000000003 0.1414515625 0.3423203125 0.2247875 0.31506406249999996 0.3252453125 0.3381734375 0.997175 0.3695765625 0.997175 0.37846406250000003 0.8811109374999999 0.402165625 0.6801953125 0.39860937500000004 0.590621875 0.40453593750000005 0.47844375 0.4175703125 0.6375031250000001
2 0.8720000000000001 0.1581921875 0.8720000000000001 0.186440625 0.8859999999999999 0.1610171875 0.9039999999999999 0.14971718750000002 0.914 0.14971718750000002 0.93 0.19209062500000001 0.9480000000000001 0.1694921875 0.9380000000000001 0.12994375 0.9179999999999999 0.11864375 0.884 0.13276875 0.8720000000000001 0.1581921875
2 0.71 0.2203390625 0.738 0.2824859375 0.748 0.2881359375 0.77 0.2316390625 0.77 0.20621406250000002 0.752 0.1666671875 0.714 0.14971718750000002 0.706 0.19209062500000001 0.71 0.2203390625
2 0.9460000000000001 0.183615625 0.9640000000000001 0.2288140625 0.998 0.23446250000000002 0.982 0.175140625 0.96 0.172315625 0.9460000000000001 0.183615625
0 0.654 0.21468906250000003 0.64 0.16384218749999999 0.614 0.13841874999999998 0.5940000000000001 0.14971718750000002 0.576 0.180790625 0.5740000000000001 0.2175140625 0.618 0.197740625 0.654 0.21468906250000003
0 0.426 0.1553671875 0.41 0.1045203125 0.386 0.067796875 0.352 0.070621875 0.33199999999999996 0.11016875 0.32999999999999996 0.1412421875 0.33799999999999997 0.1581921875 0.426 0.1553671875
0 0.244 0.1440671875 0.23199999999999998 0.189265625 0.22999999999999998 0.2175140625 0.24 0.24858750000000002 0.272 0.24576250000000002 0.288 0.2259890625 0.33399999999999996 0.2372875 0.352 0.2316390625 0.32799999999999996 0.12994375 0.31 0.11299375 0.26 0.11864375 0.244 0.1440671875