1 0.3540984375 0.5137875000000001 0.3609984375 0.5199140625 0.36505624999999997 0.51715625 0.3674921875 0.5113359375 0.3672890625 0.5058203125 0.36241875 0.493565625 0.3612015625 0.4862125 0.35957812499999997 0.4825375 0.3573453125 0.46844374999999994 0.3545046875 0.46415468750000005 0.34760625 0.43658125 0.3421265625 0.42738906249999997 0.33806875000000003 0.42463281249999996 0.3299515625 0.4237125 0.32406718749999996 0.429228125 0.3196015625 0.4368875 0.31513749999999996 0.4497546875 0.31189062500000003 0.4552703125 0.3078328125 0.47457031250000004 0.30641250000000003 0.4862125 0.306615625 0.490809375 0.318384375 0.4895828125 0.32426875 0.491421875 0.33380624999999997 0.4960171875 0.3364453125 0.5 0.3417203125 0.5036765625 0.34435937499999997 0.5027578125 0.3484171875 0.5045953125 0.35328750000000003 0.5110296875 0.3540984375 0.5137875000000001
1 0.6540171875 0.49417968749999996 0.65320625 0.4705875 0.6487421875 0.44852968750000005 0.646509375 0.444546875 0.6379875 0.4381125 0.6306812500000001 0.43841875 0.6278406249999999 0.44117656250000004 0.6235796875 0.4417890625 0.6209421875000001 0.44761093750000003 0.618303125 0.4509796875 0.6150562500000001 0.460171875 0.6144484375 0.4656859375 0.6144484375 0.49417968749999996 0.6164765625 0.49969374999999994 0.6189125 0.5018374999999999 0.621753125 0.5024515625 0.64448125 0.5021453124999999 0.6501625 0.5049015625 0.652596875 0.5024515625 0.65239375 0.4978546875 0.6540171875 0.49417968749999996
1 0.674309375 0.43290468750000005 0.6708609375 0.43382343749999996 0.6665984375 0.4381125 0.6619312500000001 0.446078125 0.659496875 0.45588281249999996 0.6590906249999999 0.4638484375 0.6623375 0.47334531249999995 0.6661937499999999 0.47426406249999997 0.6854703125 0.4712015625 0.6866890625 0.467525 0.6870937500000001 0.4583328125 0.688109375 0.4549625 0.6858765625000001 0.43841875 0.680803125 0.4344359375 0.674309375 0.43290468750000005
1 0.6199265625 0.41421562500000003 0.614853125 0.40900781249999996 0.6114046875 0.40778125000000004 0.606128125 0.4080875 0.5982140625000001 0.4111515625 0.5953734374999999 0.414521875 0.5876625 0.4197296875 0.5862421875 0.4267765625 0.5862421875 0.44699687499999996 0.5876625 0.4509796875 0.59375 0.4549625 0.602678125 0.45404375 0.6112015625 0.4555765625 0.614853125 0.4549625 0.62114375 0.44301406249999997 0.622565625 0.42984062500000003 0.6221593750000001 0.4194234375 0.6199265625 0.41421562500000003
1 0.6721812500000001 0.57815 0.6975453125 0.6049640625 0.73813125 0.6298609374999999 0.7799828125 0.5570828125 0.7698375000000001 0.45749218750000004 0.7366109375 0.3757859375 0.6950093749999999 0.46515312499999995 0.6721812500000001 0.57815
1 0.260759375 0.404890625 0.2523875 0.436425 0.26887343750000003 0.4594078125 0.2878984375 0.447915625 0.2878984375 0.41727187499999996 0.260759375 0.404890625
1 0.5136484375 0.46706875 0.5263312499999999 0.447915625 0.5022359375 0.404890625 0.484478125 0.461321875 0.5136484375 0.46706875
3 0.7393984375 0.8845859375 0.7673 0.9056531250000001 0.7888609375 0.8711796875 0.793934375 0.62603125 0.8078843750000001 0.5628296875000001 0.78251875 0.4594078125 0.7406703125 0.38804062500000003 0.720375 0.3751375 0.6950093749999999 0.43259375 0.66964375 0.5398468750000001 0.6835953124999999 0.6011328125000001 0.6848640625 0.654759375 0.6950093749999999 0.8271296875 0.70261875 0.89033125 0.720375 0.9113984374999999 0.7393984375 0.8845859375
3 0.6899359375 0.6241156250000001 0.6772546875 0.5283546875 0.6929828125 0.44012343749999994 0.6709125 0.41918749999999994 0.662034375 0.446 0.6569625 0.49005 0.66964375 0.5206937500000001 0.6721812500000001 0.5743203125 0.664571875 0.66625 0.66964375 0.75818125 0.6848640625 0.800315625 0.696278125 0.75818125 0.6899359375 0.6241156250000001
3 0.6506203125 0.888415625 0.6683765625 0.8175531250000001 0.6607671875000001 0.7198765625 0.66964375 0.641353125 0.6721812500000001 0.5704906249999999 0.66964375 0.5130328125 0.6341359375 0.437059375 0.60623125 0.5034578125 0.59228125 0.5436765625 0.5694515625000001 0.6241156250000001 0.55930625 0.6949796874999999 0.5605734375 0.716046875 0.5631109375000001 0.7275375000000001 0.583403125 0.8079765625 0.60623125 0.8367046874999999 0.6214500000000001 0.9113984374999999 0.6506203125 0.888415625
3 0.599890625 0.3981203125 0.566915625 0.4555765625 0.55930625 0.518778125 0.5390140625 0.597303125 0.5453546874999999 0.656675 0.5555015625 0.7083859375 0.5859390624999999 0.5743203125 0.6075 0.47664375000000003 0.629059375 0.43259375 0.599890625 0.3981203125
3 0.5301359375 0.7639265625 0.5250625 0.6432687500000001 0.5377453125 0.6298609374999999 0.5301359375 0.5589984375 0.5301359375 0.478559375 0.5083234375 0.40642187500000004 0.5073078125 0.40003593750000005 0.45784531250000005 0.4689828125 0.4591125 0.5321859375 0.4591125 0.5953875 0.4489671875 0.729453125 0.45530781249999996 0.8252140625 0.49589218749999997 0.8213828124999999 0.5250625 0.8213828124999999 0.5301359375 0.7639265625
3 0.2942390625 0.84628125 0.3259453125 0.8654328124999999 0.372871875 0.8501125 0.36652968750000003 0.760096875 0.3589203125 0.65284375 0.38175 0.6164546875 0.372871875 0.5417609375 0.3741390625 0.4843046875 0.3272140625 0.41918749999999994 0.29804375 0.49388125 0.28155625 0.5111171875 0.28155625 0.5704906249999999 0.282825 0.6164546875 0.282825 0.6758265625 0.2714109375 0.760096875 0.2523875 0.8367046874999999 0.2726796875 0.8635187500000001 0.2942390625 0.84628125
3 0.1889734375 0.7964859375 0.19151093749999998 0.8635187500000001 0.20672968749999998 0.8788406249999999 0.2194125 0.8271296875 0.2460453125 0.8118078125 0.2638015625 0.78499375 0.28028906249999996 0.6739124999999999 0.2871390625 0.5044609375 0.28155625 0.4708984375 0.29043437499999997 0.430678125 0.27902031250000003 0.403865625 0.257459375 0.3981203125 0.243509375 0.4287640625 0.2194125 0.47664375000000003 0.21433906249999998 0.549421875 0.210534375 0.6241156250000001 0.216875 0.700725 0.1889734375 0.7964859375