3 0 0.8409578124999999 0.017259375 0.8422875 0.09906875000000001 0.840425 0.134621875 0.8417546874999999 0.17880625 0.8412234375000001 0.1936484375 0.8409578124999999 0.1967546875 0.8388296875 0.2019328125 0.837765625 0.20296875 0.8337765625 0.20400468749999998 0.82260625 0.205384375 0.8186171874999999 0.2033140625 0.8034578124999999 0.20365937500000003 0.7922875 0.2057296875 0.78696875 0.2057296875 0.78218125 0.20711093749999998 0.772075 0.2088375 0.76781875 0.2100453125 0.7619687500000001 0.21090781249999999 0.7515953125 0.21366875 0.740159375 0.2138421875 0.7337765625 0.2147046875 0.7308515625 0.2167765625 0.7287234375 0.217465625 0.71968125 0.21643125 0.7167546875 0.21763906249999998 0.71303125 0.21729375 0.7087765625 0.21832968749999998 0.70531875 0.21832968749999998 0.7024828125 0.22091875 0.6936171875 0.2200546875 0.68989375 0.220228125 0.6861703125 0.221521875 0.6808515625 0.2236796875 0.6800531249999999 0.224025 0.66968125 0.2273046875 0.6622343749999999 0.2266140625 0.6539890625 0.2231625 0.6492015624999999 0.218675 0.6468078125 0.21919218749999997 0.6417546875 0.2205734375 0.6393609375 0.2245421875 0.640159375 0.22557812500000002 0.6343078125 0.22885781249999998 0.6324468750000001 0.23127343749999998 0.6279250000000001 0.2362796875 0.6231390625000001 0.23696875 0.6186171875 0.240765625 0.610371875 0.24300937500000003 0.60718125 0.24611718749999997 0.59760625 0.24956874999999998 0.592553125 0.2507765625 0.587234375 0.2531921875 0.5837765625 0.25405625 0.58031875 0.2599234375 0.5760640625 0.2649296875 0.5702125 0.26958906250000003 0.568084375 0.27580312500000004 0.560371875 0.2749390625 0.55718125 0.2771828125 0.5489359375 0.27528437499999997 0.54468125 0.2733859375 0.5441484375 0.27252343749999997 0.54281875 0.27235 0.5409578125000001 0.26751874999999997 0.53218125 0.26165 0.5292546875 0.2575078125 0.5252656250000001 0.25422812499999997 0.525 0.25146718749999997 0.5268609375 0.248015625 0.524734375 0.24456406249999998 0.524734375 0.23990312500000002 0.5265953125 0.23593437499999997 0.525 0.22851249999999998 0.5191484375 0.22178124999999999 0.5167546875 0.20866406249999997 0.520478125 0.20503906249999998 0.517553125 0.20383125 0.514628125 0.2034859375 0.509575 0.20469374999999998 0.504521875 0.20780156249999998 0.49760625 0.21159843750000001 0.4906921875 0.217121875 0.484575 0.2216078125 0.47420156249999995 0.2245421875 0.46968125 0.2283390625 0.469415625 0.22902968750000002 0.4683515625 0.2304109375 0.4638296875 0.23230937499999998 0.4611703125 0.23403593749999999 0.45505312499999995 0.2335171875 0.4515953125 0.23610625000000002 0.44840468749999995 0.2373140625 0.4436171875 0.2373140625 0.4382984375 0.238178125 0.4332453125 0.2400765625 0.4308515625 0.24232031250000002 0.4236703125 0.2440453125 0.40824531249999996 0.248015625 0.3867015625 0.2478421875 0.3760640625 0.2455984375 0.3691484375 0.23679687500000002 0.35345781249999997 0.23230937499999998 0.347340625 0.22574999999999998 0.3412234375 0.224196875 0.33776562499999996 0.2198828125 0.3335109375 0.2062484375 0.325265625 0.193821875 0.3212765625 0.1807046875 0.3212765625 0.17604375 0.322075 0.16983125 0.3268609375 0.162409375 0.339628125 0.154125 0.35053125 0.15101875 0.3611703125 0.148775 0.365159375 0.14842968750000002 0.370478125 0.14704843750000002 0.3765953125 0.147221875 0.38856406250000003 0.14653125 0.39468125 0.1441140625 0.39973437500000003 0.14187031249999998 0.40797812499999997 0.1430796875 0.41914843749999997 0.142734375 0.42659531250000005 0.1441140625 0.43031874999999997 0.1448046875 0.43537187499999996 0.14653125 0.43803125 0.1506734375 0.4388296875 0.1532625 0.4436171875 0.153953125 0.447340625 0.154296875 0.4537234375 0.15377968749999998 0.45877656250000004 0.15481562499999998 0.462765625 0.1546421875 0.4715421875 0.1536078125 0.48191562499999996 0.1515359375 0.487234375 0.14704843750000002 0.49122343749999997 0.1423890625 0.49228750000000004 0.141353125 0.4938828125 0.1410078125 0.49760625 0.1363484375 0.5015953125 0.13375937499999999 0.5063828125 0.1303078125 0.5093078125 0.1289265625 0.5140953125000001 0.122540625 0.5172875 0.1190890625 0.51781875 0.1120125 0.52260625 0.1030375 0.52446875 0.097859375 0.5281921875 0.08422500000000001 0.5316484375 0.07525 0.5372343749999999 0.0643765625 0.5406921875 0.05868125 0.5460109375 0.054367187500000004 0.5486703125 0.0516046875 0.554521875 0.045046875 0.5593078125 0.0424578125 0.5659578125 0.040904687499999995 0.568084375 0.030721875 0.5957453125 0.027270312499999998 0.6117015625 0.025198437499999997 0.625265625 0.024853125 0.6444156249999999 0.0220921875 0.66196875 0.0222640625 0.6682984375000001 0.0200203125 0.6734046874999999 0.0189859375 0.6816484375 0.0153609375 0.6933515625 0.0132890625 0.7087765625 0.009665625 0.72553125 0.0093203125 0.7308515625 0.0070765624999999995 0.7367015625 0.0065578125 0.7447874999999999 0 0.756915625 0 0.8409578124999999
2 0.20141562500000001 0.37420156250000003 0.20866406249999997 0.377659375 0.2133234375 0.3781921875 0.22178124999999999 0.3811171875 0.22609531249999998 0.38856406250000003 0.22592343750000002 0.392553125 0.22851249999999998 0.397340625 0.2304109375 0.3984046875 0.231446875 0.40212812500000006 0.2357609375 0.405584375 0.240765625 0.40372343749999995 0.2438734375 0.4093078125 0.248015625 0.389628125 0.24870625 0.3813828125 0.248015625 0.372871875 0.24145625 0.360371875 0.2373140625 0.35319218750000003 0.23196406249999998 0.3462765625 0.22713125 0.34175468750000004 0.2245421875 0.3375 0.2204 0.3332453125 0.2055578125 0.3242015625 0.193821875 0.3207453125 0.17759687500000002 0.3210109375 0.1732828125 0.32260625 0.1701765625 0.325 0.164825 0.334840625 0.1536078125 0.35 0.148084375 0.365159375 0.1461859375 0.37579843749999997 0.14653125 0.39654218750000003 0.153953125 0.40292500000000003 0.157921875 0.3922875 0.1631 0.38696875 0.16620625 0.3784578125 0.1701765625 0.37260624999999997 0.173628125 0.370478125 0.1824296875 0.369946875 0.1967546875 0.37446875 0.20141562500000001 0.37420156250000003
2 0.33897187500000003 0.43111718750000005 0.344321875 0.4202125 0.34535781249999997 0.41489374999999995 0.34811875 0.40877656250000005 0.3491546875 0.4039890625 0.35346875 0.3962765625 0.35623125 0.3941484375 0.369175 0.38989375000000004 0.3757328125 0.39361718749999997 0.382809375 0.39468125 0.3921296875 0.3986703125 0.3969625 0.402659375 0.4100796875 0.4183515625 0.4118046875 0.427659375 0.4130140625 0.4433515625 0.41370312499999995 0.44521249999999996 0.41612031250000003 0.44654218749999997 0.4194 0.4457453125 0.42820156249999997 0.4313828125 0.42820156249999997 0.427128125 0.4290640625 0.4236703125 0.43234374999999997 0.4159578125 0.43130781249999994 0.41436093749999997 0.43010000000000004 0.40611718750000003 0.432171875 0.4013296875 0.4356234375 0.39973437500000003 0.43683125 0.39654218750000003 0.43683125 0.39361718749999997 0.4364859375 0.3922875 0.43234374999999997 0.38803125 0.432171875 0.38058437500000003 0.42889218749999997 0.36941562499999997 0.42474999999999996 0.365159375 0.4256125 0.3617015625 0.42733906250000003 0.359575 0.43148125000000004 0.3587765625 0.43165312499999997 0.35638281250000003 0.42958281249999997 0.35345781249999997 0.4252671875 0.34946875 0.42026250000000004 0.347340625 0.41594687500000005 0.342553125 0.4042109375 0.3460109375 0.40196718750000004 0.3438828125 0.3966171875 0.334840625 0.39230312500000003 0.331915625 0.387296875 0.334840625 0.3733171875 0.33909531249999997 0.3681390625 0.3441484375 0.3612359375 0.3438828125 0.35795625000000003 0.34707499999999997 0.35346875 0.3486703125 0.351915625 0.35239375 0.33620937500000003 0.372075 0.333965625 0.3734046875 0.33206718749999997 0.3760640625 0.329996875 0.380053125 0.3275796875 0.389628125 0.32568125000000003 0.392553125 0.3243015625 0.397340625 0.3243015625 0.4039890625 0.32568125000000003 0.4058515625 0.32930625 0.40797812499999997 0.3305140625 0.4125 0.330859375 0.42074531249999997 0.3303421875 0.427925 0.33379375 0.43404218749999995 0.33741875 0.4361703125 0.3381078125 0.43563906250000006 0.33897187500000003 0.43111718750000005
2 0.584225 0.440425 0.58785 0.43696875 0.5913015625 0.42978750000000004 0.5940624999999999 0.42606406249999995 0.5957890625 0.4188828125 0.5988953125 0.41303124999999996 0.6042453125 0.40824531249999996 0.6152921874999999 0.392553125 0.6192609375 0.389628125 0.622540625 0.38856406250000003 0.6268546875000001 0.3893609375 0.6341046875 0.39308437500000004 0.6397999999999999 0.39308437500000004 0.6461859375000001 0.3992015625 0.6496375 0.40425468750000004 0.654125 0.41622343749999996 0.6553328125 0.42446875000000006 0.6574046874999999 0.4313828125 0.6572312499999999 0.4433515625 0.661028125 0.44946875000000003 0.6627546875 0.44973437499999996 0.6641359375 0.447075 0.6729375 0.44095781250000005 0.6786328125 0.43191562499999997 0.6777703125000001 0.42845781250000003 0.678115625 0.41542500000000004 0.676734375 0.4125 0.673628125 0.40053124999999995 0.6693125 0.3941484375 0.6631 0.377925 0.6608562499999999 0.374734375 0.6572312499999999 0.3718078125 0.654296875 0.3667546875 0.6423890625 0.3611703125 0.6372109375 0.3606390625 0.6266828125 0.3617015625 0.6228859375 0.35691562499999996 0.6190890625 0.3561171875 0.6118390625 0.357978125 0.6071796875000001 0.36090468750000004 0.5952703125000001 0.37553125 0.58785 0.38696875 0.5823265625 0.397871875 0.5797375 0.400265625 0.5793921875 0.4031921875 0.5761125 0.4085109375 0.5747328125 0.415159375 0.5724890625 0.41968125 0.5749046875 0.4236703125 0.574559375 0.42606406249999995 0.5731796874999999 0.427659375 0.5747328125 0.4292546875 0.5771484375 0.43643593750000004 0.575940625 0.43936093749999994 0.5799109375 0.44228750000000006 0.584225 0.440425
2 0.7531921875 0.3686171875 0.75578125 0.375 0.759578125 0.3739359375 0.7599234375 0.3718078125 0.759234375 0.3688828125 0.7607875 0.3656921875 0.7628578125 0.357446875 0.7666546875 0.3510640625 0.7804625 0.34175468750000004 0.7927171875 0.331915625 0.801690625 0.3284578125 0.8058343750000001 0.3316484375 0.8080765624999999 0.3382984375 0.8099765624999999 0.3414890625 0.8134281250000001 0.34521250000000003 0.816534375 0.34707499999999997 0.8180875000000001 0.34946875 0.8260265625000001 0.35345781249999997 0.829996875 0.35319218750000003 0.8320671875000001 0.35691562499999996 0.8336203125000001 0.357978125 0.83741875 0.3590421875 0.8379359375 0.35824531249999997 0.8391437500000001 0.34946875 0.8386265625 0.33776562499999996 0.8358640625 0.332446875 0.833103125 0.3239359375 0.8268906250000001 0.319415625 0.8251640625000001 0.30718125 0.825509375 0.30239375 0.8222296874999999 0.2986703125 0.8198140625000001 0.3013296875 0.8175703125 0.30212812499999997 0.8144625 0.3010640625 0.8065234374999999 0.2952125 0.8025546875 0.29441562499999996 0.795478125 0.2968078125 0.7904734375 0.2960109375 0.7861578125 0.29760624999999996 0.778046875 0.29840468750000004 0.7680359375 0.302659375 0.7516390625 0.2992015625 0.74421875 0.305584375 0.742146875 0.31010624999999997 0.7414562499999999 0.3135640625 0.7414562499999999 0.3406921875 0.7400765625 0.3436171875 0.7378328125 0.34574531249999996 0.7362796875 0.34973437500000004 0.7373140625 0.35691562499999996 0.7423203125 0.36489375 0.7440453125000001 0.3736703125 0.746634375 0.3702125 0.7514671875000001 0.36755312500000004 0.7531921875 0.3686171875
3 0.5075937500000001 0.3561171875 0.5072484375 0.3577125 0.5086296875 0.3587765625 0.51294375 0.3577125 0.5184671875 0.3590421875 0.5205390624999999 0.357446875 0.5222640625 0.357446875 0.5238171875 0.3593078125 0.5308937499999999 0.3606390625 0.5321015625000001 0.3625 0.53175625 0.365159375 0.532965625 0.3664890625 0.534690625 0.3656921875 0.536071875 0.3625 0.5388328125 0.3640953125 0.5393515625 0.3664890625 0.5403859375 0.3672875 0.542975 0.3672875 0.543665625 0.36489375 0.545909375 0.36489375 0.5466 0.367021875 0.5507421875 0.3667546875 0.5597171875 0.3683515625 0.5605796875 0.36941562499999997 0.5614421875 0.3664890625 0.5664484375 0.3662234375 0.5680015625 0.3640953125 0.5711078125 0.3659578125 0.57386875 0.365425 0.5740421875 0.3640953125 0.5952703125000001 0.3640953125 0.595615625 0.365425 0.5995859375 0.3667546875 0.6040734375000001 0.36090468750000004 0.607525 0.3585109375 0.6197796875 0.355053125 0.6237484375 0.35664843749999997 0.6268546875000001 0.359840625 0.630134375 0.3585109375 0.6492921875000001 0.36143593749999997 0.656540625 0.3664890625 0.659303125 0.370478125 0.666034375 0.37446875 0.6706937500000001 0.3691484375 0.6681046875 0.3662234375 0.6679328124999999 0.3643609375 0.6689671875000001 0.3625 0.6703484375000001 0.3617015625 0.6713843749999999 0.359575 0.675871875 0.3593078125 0.6779421875 0.35718125 0.6801859375 0.3585109375 0.6822578125 0.35824531249999997 0.6831203125 0.357446875 0.682603125 0.3547875 0.68329375 0.35292500000000004 0.6855375 0.3539890625 0.687090625 0.35824531249999997 0.6893343749999999 0.36010624999999996 0.69761875 0.35824531249999997 0.7017609375 0.35531875 0.7024515625000001 0.35824531249999997 0.704521875 0.36010624999999996 0.7053843750000001 0.362765625 0.70435 0.3643609375 0.7048671875 0.3667546875 0.7071109375 0.367021875 0.7086640625 0.36941562499999997 0.70918125 0.3688828125 0.7088375 0.35824531249999997 0.7012421875 0.332978125 0.7010703125 0.33031875 0.6995171874999999 0.3281921875 0.6971 0.3188828125 0.695546875 0.317021875 0.69313125 0.3090421875 0.6893343749999999 0.300265625 0.686571875 0.2968078125 0.6853640624999999 0.292553125 0.6822578125 0.28696875 0.677425 0.280584375 0.670521875 0.27526562499999996 0.6486015625 0.269415625 0.6467031249999999 0.267553125 0.6379015625 0.2656921875 0.6358296875 0.26356406250000003 0.6266828125 0.2609046875 0.620125 0.25718125000000003 0.6170171875 0.2531921875 0.6170171875 0.239628125 0.6227125 0.222871875 0.630825 0.219946875 0.6322062500000001 0.2164890625 0.6327234374999999 0.2085109375 0.634621875 0.1984046875 0.6349671875 0.18537187500000002 0.6373828125000001 0.1691484375 0.6385921875 0.1659578125 0.6389375 0.16196875 0.6427343750000001 0.1563828125 0.6432515624999999 0.15 0.63928125 0.130584375 0.6335859375 0.1234046875 0.6272 0.10904218750000001 0.6228859375 0.1031921875 0.6173625 0.0981390625 0.607353125 0.0933515625 0.6037281250000001 0.0922875 0.58785 0.093084375 0.5831890625 0.0952125 0.5754234375 0.10079843749999999 0.572834375 0.1031921875 0.565584375 0.115159375 0.5604078125 0.130584375 0.5576453124999999 0.1460109375 0.55781875 0.1664890625 0.5567828125000001 0.17260625000000002 0.552640625 0.18537187500000002 0.552640625 0.197075 0.554021875 0.20452187500000002 0.555746875 0.20877656249999998 0.5566109375 0.21010625 0.5616156250000001 0.2125 0.56455 0.2191484375 0.5673109375000001 0.23351093750000002 0.5681734374999999 0.2561171875 0.5597171875 0.26356406250000003 0.5528125 0.27180781249999997 0.54884375 0.2742015625 0.545909375 0.27978749999999997 0.5410765625 0.28510625 0.5371078125000001 0.28803125 0.5343453125 0.293084375 0.5288234375 0.29760624999999996 0.52468125 0.2986703125 0.5215734375000001 0.3034578125 0.5170859375 0.3037234375 0.513634375 0.302659375 0.51294375 0.3063828125 0.514153125 0.31303125 0.514153125 0.317021875 0.5122546875 0.322075 0.5134624999999999 0.3289890625 0.51121875 0.34547812499999997 0.5093203125 0.34893593749999996 0.5094921875 0.35 0.5117359375 0.3510640625 0.511909375 0.3537234375 0.5075937500000001 0.3561171875
2 0.5800828124999999 0.1367015625 0.584915625 0.132978125 0.6071796875000001 0.14760625 0.609078125 0.14388281249999998 0.6116671874999999 0.142553125 0.612184375 0.140425 0.6137390625 0.1385640625 0.6228859375 0.139628125 0.6256468749999999 0.1462765625 0.6272 0.157978125 0.627028125 0.16196875 0.6292718749999999 0.1664890625 0.634621875 0.172075 0.6373828125000001 0.1659578125 0.63841875 0.16063906249999998 0.6425609375 0.16143593750000002 0.6442875 0.1507984375 0.6397999999999999 0.13085156250000002 0.6342765625 0.12393593750000001 0.630825 0.115159375 0.6266828125 0.10744687500000001 0.61960625 0.09946875 0.6151187499999999 0.0962765625 0.6037281250000001 0.0917546875 0.5875046875 0.09281875 0.5823265625 0.0952125 0.5724890625 0.1031921875 0.5642046875 0.1167546875 0.5628234375 0.122871875 0.5604078125 0.1292546875 0.5574734375 0.14228749999999998 0.5574734375 0.16063906249999998 0.5583359375 0.16702187500000001 0.5600625 0.16941562500000001 0.5621328125 0.1662234375 0.56230625 0.16196875 0.566965625 0.1558515625 0.56851875 0.149734375 0.5716265625 0.1433515625 0.575940625 0.13829843749999998 0.5800828124999999 0.1367015625
2 0.3695203125 0.1792546875 0.37055625000000003 0.17819218750000002 0.3710734375 0.175265625 0.3731453125 0.1736703125 0.3717640625 0.17101093750000002 0.373921875 0.16861718750000002 0.376596875 0.1683515625 0.37815 0.1662234375 0.3807390625 0.16489375 0.386434375 0.1537234375 0.39730781249999997 0.14148906249999998 0.4080078125 0.135371875 0.4154296875 0.1337765625 0.4199171875 0.13404218750000002 0.4275109375 0.1375 0.43220000000000003 0.144725 0.43786718750000003 0.1643609375 0.43769375000000005 0.17021250000000002 0.4389015625 0.1736703125 0.439246875 0.1867015625 0.4494296875 0.181915625 0.45115625000000004 0.182446875 0.45236406249999994 0.1813828125 0.45167343750000005 0.17819218750000002 0.45357343749999995 0.165425 0.455471875 0.16196875 0.45409062499999997 0.1577125 0.4551265625 0.156915625 0.45564375 0.1542546875 0.4551265625 0.14946874999999998 0.45201874999999997 0.14388281249999998 0.450984375 0.1388296875 0.450984375 0.1337765625 0.45253750000000004 0.1268609375 0.4530546875 0.1191484375 0.450984375 0.11808437499999999 0.44908593750000003 0.12180781249999999 0.44304375 0.12260625 0.43942031249999997 0.115425 0.4351046875 0.115425 0.43234374999999997 0.106915625 0.42716562500000005 0.0968078125 0.4169828125 0.0933515625 0.4080078125 0.0952125 0.40145 0.09946875 0.3959265625 0.105053125 0.3919578125 0.10744687500000001 0.37676875 0.12234062500000001 0.37590625 0.124734375 0.371590625 0.130584375 0.3610625 0.15345781249999998 0.35726562500000003 0.1577125 0.35709375 0.16196875 0.35485 0.1659578125 0.355540625 0.16888281249999998 0.3553671875 0.1765953125 0.35709375 0.17819218750000002 0.3591640625 0.17739375 0.359509375 0.1731390625 0.36244375 0.17101093750000002 0.367103125 0.1787234375 0.3695203125 0.1792546875
3 0.24611718749999997 0.6638296875 0.2468078125 0.667553125 0.2483609375 0.6688828124999999 0.2455984375 0.677659375 0.24663437500000002 0.6789890625 0.24697968750000002 0.6816484375 0.24991406249999998 0.6816484375 0.2651015625 0.749734375 0.259578125 0.752659375 0.258025 0.755053125 0.258715625 0.76010625 0.258025 0.7638296875 0.260096875 0.768084375 0.2606140625 0.772075 0.2571625 0.782978125 0.2606140625 0.790425 0.259234375 0.79468125 0.261478125 0.7957453125 0.2626859375 0.7992015625 0.2599234375 0.804521875 0.25509218749999996 0.8066484375 0.25578124999999996 0.8117015625 0.25474687500000004 0.8143609375 0.2583703125 0.8183515625 0.2613046875 0.81968125 0.26389375 0.8260640625000001 0.26389375 0.8313828125 0.2628578125 0.8353718750000001 0.259578125 0.8361703125 0.2588890625 0.8382984375 0.25975156250000003 0.840159375 0.263203125 0.8390953124999999 0.2657921875 0.8414890625 0.28011718750000003 0.8409578124999999 0.28305156249999996 0.8417546874999999 0.326371875 0.8406921875 0.3298234375 0.8414890625 0.3614078125 0.8414890625 0.3703828125 0.840425 0.37745937500000004 0.8414890625 0.3891953125 0.8393609375000001 0.3933375 0.8369687499999999 0.40369374999999996 0.8414890625 0.4169828125 0.8430843749999999 0.42164375 0.8414890625 0.4228515625 0.8398937500000001 0.424059375 0.8356390625 0.4245765625 0.8300531250000001 0.424059375 0.8257984374999999 0.4250953125 0.822340625 0.42544062499999996 0.8146281249999999 0.42699375 0.806915625 0.4268203125 0.7941484375 0.42802968750000003 0.7872343749999999 0.42785624999999994 0.774734375 0.4283734375 0.7718078125 0.4268203125 0.7630312499999999 0.426303125 0.752659375 0.42474999999999996 0.7409578125 0.4250953125 0.7364359375 0.43182656250000007 0.7117015624999999 0.43700312500000005 0.7010640625 0.43786718750000003 0.6904250000000001 0.437521875 0.6856390625000001 0.4399375 0.6731390625 0.44494375 0.66196875 0.44554687499999995 0.65678125 0.44753125000000005 0.6542546875 0.44753125000000005 0.6515953125 0.45805937500000005 0.634575 0.45875000000000005 0.634575 0.4599578125 0.62739375 0.45961406250000003 0.6231390625000001 0.46047656249999996 0.6175531249999999 0.46116718749999996 0.6156921875 0.46289218749999994 0.615159375 0.4615125 0.6135640625 0.46047656249999996 0.6087765625 0.46375625 0.5917546875 0.46306562500000004 0.5893609375 0.4644453125 0.5837765625 0.4635828125 0.5813828125 0.46254687499999997 0.5683515625 0.46116718749999996 0.567553125 0.460303125 0.5643609374999999 0.45650625 0.562765625 0.454953125 0.560371875 0.45029375 0.5611703125 0.445115625 0.5585109375 0.444253125 0.556915625 0.445115625 0.552925 0.444253125 0.5486703125 0.42319687500000003 0.544946875 0.42129843749999996 0.5409578125000001 0.41387656249999993 0.5375 0.4140484375 0.532978125 0.4123234375 0.5311171875 0.3961 0.532978125 0.392646875 0.531915625 0.3914390625 0.5297875000000001 0.3919578125 0.52446875 0.3943734375 0.5215421874999999 0.39454531249999997 0.51781875 0.3974796875 0.515159375 0.39937812500000003 0.5077125 0.4040390625 0.494946875 0.40645468749999997 0.48218125 0.40645468749999997 0.47819218750000003 0.40990624999999997 0.47446875000000005 0.41042500000000004 0.47074531249999996 0.41439375 0.4664890625 0.4145671875 0.4625 0.41801875 0.452659375 0.4194 0.445478125 0.42250624999999997 0.43537187499999996 0.4221609375 0.4335109375 0.42336875 0.4289890625 0.42647500000000005 0.427659375 0.427684375 0.4257984375 0.43010000000000004 0.4159578125 0.4297546875 0.4066484375 0.43148125000000004 0.3984046875 0.43320625 0.3962765625 0.43234374999999997 0.392553125 0.43130781249999994 0.39175468750000003 0.4292375 0.3859046875 0.4297546875 0.3808515625 0.42889218749999997 0.377128125 0.41594687500000005 0.3460109375 0.41215 0.35 0.40956093750000006 0.3486703125 0.405246875 0.34893593749999996 0.4017953125 0.34547812499999997 0.39385625 0.34202187500000003 0.38885000000000003 0.3375 0.3869515625 0.33723437500000003 0.382809375 0.33776562499999996 0.3795734375 0.3412234375 0.376596875 0.3412234375 0.37072812499999996 0.34468125 0.3610625 0.34574531249999996 0.3536421875 0.3513296875 0.3508796875 0.35691562499999996 0.3463921875 0.36090468750000004 0.33914374999999997 0.3718078125 0.3343109375 0.37446875 0.3324125 0.377128125 0.329996875 0.38244687499999996 0.3267171875 0.3957453125 0.3270625 0.40425468750000004 0.329996875 0.40797812499999997 0.329478125 0.41196875000000005 0.3312046875 0.41861718750000004 0.33068749999999997 0.425 0.3289609375 0.4313828125 0.3289609375 0.4414890625 0.3296515625 0.4531921875 0.33016875 0.4561171875 0.33206718749999997 0.46010625000000005 0.3327578125 0.4691484375 0.33189531250000004 0.48244687500000005 0.33293125 0.489628125 0.333103125 0.49760625 0.33155 0.5042546875 0.329996875 0.50718125 0.32222968750000003 0.5111703125 0.3177421875 0.517553125 0.316534375 0.522340625 0.314290625 0.52446875 0.312909375 0.5343078125 0.3099765625 0.53696875 0.310665625 0.53989375 0.3101484375 0.542553125 0.306178125 0.547340625 0.30600625 0.5550531249999999 0.3047984375 0.560371875 0.299275 0.5638296875 0.2949609375 0.5625 0.2915078125 0.5635640625 0.2868484375 0.56303125 0.2837421875 0.5654250000000001 0.27683749999999996 0.5683515625 0.2778734375 0.5715421875 0.2771828125 0.5742015625 0.274421875 0.5755312499999999 0.27286875 0.5781921875 0.267690625 0.5808515625 0.2633765625 0.579521875 0.259578125 0.58218125 0.25198437500000004 0.59281875 0.2500859375 0.59946875 0.25129375 0.6034578125000001 0.249740625 0.6082453125 0.2447359375 0.6111703125 0.24300937500000003 0.615159375 0.243528125 0.6172875 0.2416296875 0.622871875 0.24335468750000003 0.62446875 0.2438734375 0.6465421874999999 0.2462890625 0.6502656250000001 0.2455984375 0.6537234375 0.2440453125 0.6539890625 0.245253125 0.6577124999999999 0.2447359375 0.66196875 0.24611718749999997 0.6638296875
3 0.505178125 0.5563828125 0.5055234375000001 0.560371875 0.5101828125 0.56303125 0.5089750000000001 0.5763296875 0.509665625 0.5781921875 0.51208125 0.5763296875 0.515878125 0.582446875 0.5155328124999999 0.585371875 0.5131171875 0.5877656250000001 0.512771875 0.5914890625 0.5148421875 0.6007984375000001 0.5167421875 0.60239375 0.5177765625 0.605053125 0.515878125 0.607446875 0.5184671875 0.609575 0.5191578125 0.615159375 0.5207109375 0.6164890625 0.52191875 0.620478125 0.5214015625 0.6239359375 0.5191578125 0.6265953125 0.5189859375 0.642553125 0.5220921875 0.665425 0.5222640625 0.6765953125 0.5243359375 0.6837765625000001 0.5251984375000001 0.6960109375 0.52468125 0.7010640625 0.52554375 0.7042546875 0.52554375 0.7087765625 0.5265796875000001 0.7125 0.5276140625 0.72446875 0.52916875 0.732446875 0.5295140625 0.740159375 0.5308937499999999 0.7465421875 0.530721875 0.7563828125 0.531584375 0.7593078125 0.5319296875 0.7667546875 0.5314125 0.7715421874999999 0.5331375 0.77553125 0.532446875 0.7792546875 0.534690625 0.794946875 0.533828125 0.7992015625 0.5350359375 0.8103718750000001 0.5334828125 0.8140953124999999 0.5334828125 0.8162234375 0.535209375 0.822340625 0.5367625 0.8234046875000001 0.5448734375 0.824734375 0.55954375 0.82553125 0.6584390625000001 0.824734375 0.6738000000000001 0.8263296875 0.6822578125 0.824734375 0.68501875 0.8260640625000001 0.6989984375 0.8260640625000001 0.7005515625000001 0.8252656249999999 0.7026234375 0.8260640625000001 0.72575 0.8257984374999999 0.7392125 0.8242015625000001 0.7414562499999999 0.8220750000000001 0.7426640625 0.8186171874999999 0.7433546875 0.8093078125 0.745253125 0.802659375 0.7454265625 0.7984046874999999 0.7445640625000001 0.7933515625 0.74594375 0.7875 0.7468078125 0.772871875 0.74594375 0.7619687500000001 0.7464625 0.7587765625 0.74956875 0.7515953125 0.7500859375 0.7438828125 0.74421875 0.731915625 0.7440453125000001 0.715159375 0.7431828125 0.71303125 0.7424921875 0.7007984375 0.738178125 0.6736703125 0.736796875 0.6672875 0.7348984375 0.66303125 0.732309375 0.6518609375 0.730065625 0.6457453125 0.729203125 0.639628125 0.7285125 0.6375 0.7267859375 0.6359046875 0.724715625 0.622871875 0.7221265625 0.618084375 0.7164312500000001 0.59946875 0.7145328125 0.5960109375 0.7095265625 0.59281875 0.7069375 0.5890953125 0.7040046875 0.58696875 0.7003796875 0.5816484375 0.6953750000000001 0.5768609375 0.6924406249999999 0.572075 0.676734375 0.5614359375 0.6703484375000001 0.5558515625 0.6703484375000001 0.5406921875 0.6739734375 0.522075 0.672246875 0.5061171875 0.6724203125 0.5018609374999999 0.670521875 0.4968078125 0.6708671875000001 0.489628125 0.6725921875 0.4789890625 0.672246875 0.47446875000000005 0.673628125 0.47074531249999996 0.672765625 0.46675468750000004 0.6729375 0.46196875000000004 0.6738000000000001 0.45877656250000004 0.6732828125 0.45212812500000005 0.6738000000000001 0.447075 0.6729375 0.4390953125 0.6756984375 0.4313828125 0.6750093749999999 0.4234046875 0.6762171875 0.4159578125 0.6741453125 0.40797812499999997 0.66983125 0.397340625 0.6630421875 0.38555 0.6620640625 0.38031875 0.6561953125 0.37420156250000003 0.654125 0.36755312500000004 0.640490625 0.3611703125 0.626165625 0.36090468750000004 0.6190890625 0.3577125 0.6111500000000001 0.359575 0.607696875 0.362234375 0.596825 0.375265625 0.5926828125 0.3843078125 0.591646875 0.390159375 0.58785 0.390425 0.5821546875 0.4013296875 0.5769765625 0.40824531249999996 0.574559375 0.4159578125 0.5733515625 0.4234046875 0.5717984375 0.42739374999999996 0.57128125 0.4436171875 0.572834375 0.4468078125 0.5726609375 0.452659375 0.5711078125 0.45505312499999995 0.5681734374999999 0.45505312499999995 0.5702453125 0.4566484375 0.5704171875 0.45877656250000004 0.572315625 0.46170156249999994 0.5726609375 0.46675468750000004 0.5740421875 0.47047812499999997 0.573696875 0.47446875000000005 0.5762859375 0.477659375 0.57386875 0.48244687500000005 0.577321875 0.48563906250000005 0.57835625 0.490159375 0.5806 0.4941484375 0.58111875 0.49760625 0.58284375 0.5018609374999999 0.5830171875 0.5066484375 0.5814640625 0.5132984375 0.5809453125 0.519946875 0.5797375 0.51968125 0.578875 0.517021875 0.577321875 0.5162234375 0.5742140625000001 0.5167546875 0.5721437500000001 0.5186171875000001 0.5643765625 0.5172875 0.5626515624999999 0.5148937499999999 0.5614421875 0.509575 0.5602343750000001 0.5082453124999999 0.5585093750000001 0.509575 0.5574734375 0.514628125 0.5564375 0.5156921875 0.5531578125000001 0.5143609375 0.5505703125 0.5109046875 0.5486703125 0.5109046875 0.5410765625 0.5162234375 0.5334828125 0.5156921875 0.5308937499999999 0.512234375 0.52916875 0.5114359375 0.5251984375000001 0.512765625 0.5215734375000001 0.5159578125000001 0.5181218750000001 0.5167546875 0.509665625 0.5172875 0.505178125 0.5162234375 0.5017265625 0.5183515625 0.4994828125 0.5159578125000001 0.49689375 0.515425 0.4951671875 0.519946875 0.49413125 0.520478125 0.49395937500000003 0.5215421874999999 0.49689375 0.5234046875 0.49741093750000004 0.5265953125 0.49913749999999996 0.5289890625 0.49792812499999994 0.5308515625 0.497584375 0.5335109375 0.5018984375 0.5409578125000001 0.5010359375 0.5452125 0.50310625 0.552659375 0.505178125 0.5563828125
3 0.7599234375 0.387765625 0.7606140625 0.38989375000000004 0.7613046875 0.4031921875 0.759578125 0.40452187500000003 0.761478125 0.40797812499999997 0.761478125 0.41196875000000005 0.7630312499999999 0.4188828125 0.7671734375 0.4236703125 0.76751875 0.4316484375 0.77425 0.45079843750000004 0.77821875 0.4585109375 0.7844328125 0.46781875 0.7809796875 0.47313906250000004 0.7790812500000001 0.47207499999999997 0.7747671875 0.4739359375 0.7673453125 0.47446875000000005 0.7664828124999999 0.47872343749999996 0.7649296875 0.47978750000000003 0.7642390625 0.48191562499999996 0.7628578125 0.4827125 0.759578125 0.4808515625 0.75578125 0.482978125 0.7535375 0.48776562500000004 0.7518125 0.489628125 0.75095 0.4938828125 0.7478421875000001 0.5018609374999999 0.7478421875000001 0.5063828125 0.7455984375 0.5074468750000001 0.7443906250000001 0.51010625 0.7416296874999999 0.5106390625 0.740421875 0.5140953125000001 0.737659375 0.5148937499999999 0.73610625 0.51781875 0.73524375 0.51781875 0.7345531249999999 0.52358125 0.732309375 0.5292546875 0.7248875 0.5308515625 0.7190203125 0.5340421875 0.7164312500000001 0.5409578125000001 0.7153953125 0.5484046874999999 0.7160859375 0.549734375 0.7107359375 0.56489375 0.7105625 0.568084375 0.7128062500000001 0.5734046875 0.71194375 0.5760640625 0.7122890625 0.577659375 0.711425 0.5792546875 0.7088375 0.5784578125000001 0.7071109375 0.580053125 0.7088375 0.582446875 0.7103906249999999 0.582978125 0.714878125 0.58989375 0.71815625 0.590425 0.719365625 0.5938828125 0.7203999999999999 0.6007984375000001 0.72178125 0.602659375 0.7222984375 0.60718125 0.7245421875 0.612765625 0.7267859375 0.6085109375 0.7283390625 0.607446875 0.73248125 0.607978125 0.740421875 0.6062765625 0.741284375 0.6260640625 0.740765625 0.655053125 0.742146875 0.677659375 0.7440453125000001 0.685371875 0.7492234375 0.6968078125 0.74905 0.7010640625 0.751121875 0.7063828125 0.75095 0.7093078125 0.7523296875 0.7140953125 0.7523296875 0.7167546875 0.7559546874999999 0.725 0.7521578124999999 0.7292546875 0.75095 0.732446875 0.7518125 0.735371875 0.7554359374999999 0.737234375 0.7573359375 0.7337765625 0.7599234375 0.7332453125 0.764065625 0.73989375 0.762340625 0.7441484375 0.7654468750000001 0.74946875 0.7656203125000001 0.7566484375 0.764584375 0.7585109375 0.7621671875 0.759575 0.75940625 0.7635640625 0.7580250000000001 0.7672875 0.7607875 0.775 0.760959375 0.7789890625 0.7635484375 0.78218125 0.771315625 0.78031875 0.7768375 0.78696875 0.7771828125 0.79468125 0.7778734375 0.7960109375 0.7790812500000001 0.797340625 0.7837421875 0.7960109375 0.785121875 0.797340625 0.7861578125 0.800265625 0.7846046875 0.8103718750000001 0.782878125 0.8101062499999999 0.7792546875 0.8117015625 0.7783921874999999 0.8138296875 0.7790812500000001 0.822871875 0.7982390625 0.82553125 0.8018640625 0.825 0.8042796875 0.8239359374999999 0.8092859375 0.818084375 0.8146359375 0.8140953124999999 0.8180875000000001 0.8130312500000001 0.8341390625 0.815159375 0.8491546874999999 0.8210109375 0.85260625 0.8234046875000001 0.8567484375 0.8242015625000001 0.8731453124999999 0.8239359374999999 0.8753890625 0.8231390624999999 0.9470140625000001 0.822871875 0.9544359375000001 0.8239359374999999 0.9658265625 0.8234046875000001 0.97083125 0.824734375 0.9756640624999999 0.8220750000000001 0.9749734374999999 0.8093078125 0.9723859375 0.8047875 0.970659375 0.7992015625 0.9668625000000001 0.7957453125 0.9668625000000001 0.7936171875 0.9699687499999999 0.790425 0.976528125 0.78696875 0.9784265624999999 0.7843078125 0.9823953124999999 0.7832453125 0.9896437499999999 0.7789890625 0.9956859375 0.77260625 0.999828125 0.7712765625 0.999828125 0.630053125 0.997584375 0.629521875 0.990334375 0.6164890625 0.9896437499999999 0.6111703125 0.9860203125 0.602925 0.9851578125 0.5992015625 0.9848125 0.595478125 0.985675 0.5917546875 0.9832578125 0.5840421874999999 0.97894375 0.577659375 0.9741109375000001 0.564628125 0.972040625 0.562765625 0.9658265625 0.5492015625 0.9606484375000001 0.54281875 0.9589234375 0.5382984375000001 0.9546078124999999 0.5316484375 0.9528828125000001 0.518084375 0.9508109375 0.5138296875 0.9470140625000001 0.509575 0.9468421875 0.5061171875 0.9432171874999999 0.49654218749999995 0.94131875 0.495478125 0.936140625 0.489628125 0.9228515625 0.48563906250000005 0.9199171875 0.48164843749999997 0.9169828125 0.480584375 0.9152578124999999 0.4784578125 0.9092171875 0.477128125 0.8995515624999999 0.47686093749999997 0.8916124999999999 0.4734046875 0.8885046875 0.469415625 0.8847078125 0.46888281249999997 0.8812562500000001 0.46702187500000003 0.8771140624999999 0.4611703125 0.869175 0.45531875 0.8650328125 0.4468078125 0.8615812500000001 0.4457453125 0.8574390624999999 0.4414890625 0.8498453125 0.440159375 0.845875 0.43803125 0.8450124999999999 0.43510625 0.8439765625 0.415159375 0.8448390625 0.41196875000000005 0.8488093750000001 0.40425468750000004 0.8494999999999999 0.4010640625 0.850190625 0.38856406250000003 0.8494999999999999 0.3768609375 0.8455296875 0.3686171875 0.8417328124999999 0.365159375 0.8397484375 0.365159375 0.8372453125 0.36010624999999996 0.83828125 0.35053125 0.8379359375 0.34175468750000004 0.8341390625 0.3287234375 0.823265625 0.3186171875 0.821884375 0.315159375 0.8217125 0.310371875 0.8194687500000001 0.3063828125 0.8094578125 0.29840468750000004 0.80238125 0.295478125 0.799275 0.297340625 0.7904734375 0.297075 0.784259375 0.29893593749999997 0.778909375 0.2992015625 0.7671734375 0.3037234375 0.7561265625 0.3013296875 0.7518125 0.3013296875 0.7492234375 0.302659375 0.7478421875000001 0.30505312500000004 0.7440453125000001 0.3082453125 0.7423203125 0.3140953125 0.7418015625 0.3231390625 0.743009375 0.3382984375 0.740421875 0.35718125 0.7450812499999999 0.36090468750000004 0.7455984375 0.3659578125 0.7514671875000001 0.36941562499999997 0.7530203125 0.3715421875 0.7550921875000001 0.37579843749999997 0.7561265625 0.3808515625 0.7599234375 0.387765625
3 0.32292031250000003 0.35292500000000004 0.32292031250000003 0.3547875 0.32136718750000004 0.35718125 0.3220578125 0.3585109375 0.3237828125 0.357978125 0.3365546875 0.36090468750000004 0.345703125 0.35691562499999996 0.34950000000000003 0.3537234375 0.351225 0.35026562499999997 0.35709375 0.34760625 0.3610625 0.3438828125 0.3702109375 0.34281875 0.3772875 0.33723437500000003 0.3859171875 0.3337765625 0.47635468750000004 0.35664843749999997 0.478253125 0.3617015625 0.4837765625 0.359575 0.48567499999999997 0.3617015625 0.48688281250000004 0.3662234375 0.49033437500000004 0.36755312500000004 0.49275156249999996 0.36489375 0.4934421875 0.36143593749999997 0.5018984375 0.35718125 0.5018984375 0.35319218750000003 0.5034515625 0.34946875 0.50310625 0.34547812499999997 0.5043140625 0.3436171875 0.50586875 0.34228749999999997 0.509665625 0.3438828125 0.51035625 0.34202187500000003 0.5107 0.3297875 0.509665625 0.309840625 0.51035625 0.29468125 0.5062140625 0.27154218750000003 0.5065578125 0.2688828125 0.509665625 0.2672875 0.509665625 0.2632984375 0.5070765625 0.26303125 0.50673125 0.259840625 0.5056953125 0.2585109375 0.5006906250000001 0.2643609375 0.49413125 0.2643609375 0.4929234375 0.26781875 0.49119843750000003 0.2688828125 0.48619218750000004 0.2702125 0.48222343749999996 0.269946875 0.47687187499999995 0.27207499999999996 0.47531875 0.26968125 0.476528125 0.26808437500000004 0.47566406250000004 0.2672875 0.472040625 0.267553125 0.47014218750000003 0.2688828125 0.46927812500000005 0.267553125 0.465309375 0.2672875 0.4644453125 0.267553125 0.46410156249999995 0.2691484375 0.46013125 0.2672875 0.4513296875 0.2664890625 0.44822187500000005 0.267553125 0.44287187499999997 0.267553125 0.43683125 0.2710109375 0.4373484375 0.2757984375 0.43545 0.2811171875 0.433725 0.2816484375 0.432515625 0.280053125 0.4326890625 0.2789890625 0.4292375 0.2763296875 0.42647500000000005 0.2702125 0.42544062499999996 0.2662234375 0.42544062499999996 0.2625 0.426303125 0.2587765625 0.43527812499999996 0.24042500000000003 0.439075 0.222871875 0.4402828125 0.22234062500000001 0.4433890625 0.2239359375 0.44649687499999996 0.2202125 0.448740625 0.2191484375 0.450465625 0.21489375000000002 0.454953125 0.2111703125 0.4561609375 0.205584375 0.45581562499999995 0.20026562499999997 0.45633437499999996 0.1962765625 0.454953125 0.1856390625 0.4551265625 0.1765953125 0.45357343749999995 0.1667546875 0.453228125 0.157978125 0.4508109375 0.1537234375 0.4501203125 0.15 0.4508109375 0.1462765625 0.4456328125 0.13085156250000002 0.4432171875 0.1265953125 0.4408015625 0.125265625 0.43475937499999995 0.1191484375 0.4319984375 0.1106390625 0.42716562500000005 0.10079843749999999 0.42302343750000004 0.097340625 0.41594687500000005 0.09468125 0.40818125 0.0957453125 0.3885046875 0.1109046875 0.3771140625 0.122871875 0.376596875 0.124734375 0.372971875 0.1292546875 0.36071875000000003 0.1566484375 0.3589921875 0.1585109375 0.3557125 0.169946875 0.355540625 0.177925 0.35709375 0.184575 0.35623125 0.1888296875 0.3557125 0.2013296875 0.3574390625 0.21569218750000002 0.36002812500000003 0.2210109375 0.3612359375 0.22792500000000002 0.3641703125 0.23218125 0.37676875 0.2343078125 0.37780468749999996 0.2414890625 0.3764234375 0.25 0.3731453125 0.2518609375 0.371590625 0.25531875 0.369175 0.256915625 0.3612359375 0.259575 0.359509375 0.262765625 0.3543328125 0.264628125 0.34898125 0.26489375000000004 0.343459375 0.267553125 0.3417328125 0.270478125 0.3415609375 0.272871875 0.3387984375 0.27526562499999996 0.337590625 0.27526562499999996 0.33344843750000003 0.280053125 0.329996875 0.2811171875 0.326890625 0.285371875 0.322403125 0.28803125 0.3215390625 0.28989375 0.319640625 0.29095781249999997 0.3137734375 0.3018609375 0.30825 0.3164890625 0.3065234375 0.31808437500000003 0.30600625 0.32260625 0.3027265625 0.327128125 0.30117343750000003 0.33776562499999996 0.300828125 0.34202187500000003 0.3025546875 0.3460109375 0.3070421875 0.3433515625 0.31049375 0.343084375 0.3132546875 0.34468125 0.3163625 0.34468125 0.317225 0.3436171875 0.32033125 0.3460109375 0.3205046875 0.3507984375 0.32292031250000003 0.35292500000000004