3 0.8127734375 0.5928484375 0.8143046875 0.59383125 0.8202093749999999 0.5931765625 0.823271875 0.599409375 0.826771875 0.600721875 0.8278656249999999 0.60301875 0.8278656249999999 0.6049875 0.825240625 0.6112203125 0.8256781249999999 0.62303125 0.825021875 0.62696875 0.827428125 0.6686359375 0.8261156250000001 0.6735562500000001 0.827209375 0.67815 0.825896875 0.6814296875 0.827209375 0.6856953125 0.825459375 0.6893046875 0.8276468749999999 0.6906171875 0.828303125 0.6932421875 0.8261156250000001 0.697178125 0.826553125 0.701115625 0.825459375 0.7053812500000001 0.8263343750000001 0.7089890624999999 0.8239281249999999 0.7139109375 0.8206468750000001 0.7181765625 0.8175859375 0.7181765625 0.8143046875 0.7155515625 0.8121171875 0.720471875 0.8125546874999999 0.7326109375 0.8112421875000001 0.7355640625000001 0.8097109375 0.7362203125 0.8118984375 0.7381890624999999 0.8123359375 0.7404859375 0.8110234374999999 0.7431109375 0.8062125 0.7477031249999999 0.8064296875 0.75196875 0.8049 0.75590625 0.8064296875 0.7582015625 0.8066484375 0.7611546875 0.8051187499999999 0.7641078125 0.7979 0.7637796875 0.7965875 0.7604984375 0.795275 0.74934375 0.7909015625 0.7477031249999999 0.7928703125000001 0.75196875 0.7895890624999999 0.755578125 0.7887140625 0.7880578125000001 0.7898078125 0.7896984375 0.7880578125000001 0.7936359375 0.7839015625 0.8179140625000001 0.7843390625 0.821521875 0.7830265625 0.8251312499999999 0.7830265625 0.826771875 0.7854328125000001 0.829725 0.7845578125 0.8336609375 0.7867453125 0.8408796875 0.7856515625 0.8441593749999999 0.7865265625 0.870078125 0.7889328124999999 0.8884515625 0.7915578125 0.8907484374999999 0.79986875 0.8891078125 0.80205625 0.8874671875000001 0.8031499999999999 0.8881234375 0.805775 0.8914046875 0.80336875 0.89960625 0.8018375000000001 0.9002625 0.80336875 0.901246875 0.8049 0.90616875 0.8064296875 0.9071515625 0.8121171875 0.9048562499999999 0.8127734375 0.90616875 0.8149609375000001 0.9064953125 0.819771875 0.9042 0.823490625 0.9042 0.8261156250000001 0.9114171875 0.8248031250000001 0.925525 0.826771875 0.927821875 0.827209375 0.9360234374999999 0.8300531250000001 0.9393046875 0.8300531250000001 0.9429140625000001 0.8388015624999999 0.9438968750000001 0.8414265625 0.9432421874999999 0.8423015625 0.9416015625 0.84755 0.945865625 0.8473312500000001 0.947178125 0.85083125 0.9507875 0.8532375 0.9521000000000001 0.872046875 0.95538125 0.881234375 0.954725 0.8862640624999999 0.9511156250000001 0.8860453125 0.944553125 0.8873578125 0.9393046875 0.8862640624999999 0.9379921875000001 0.8849515625000001 0.9143703125 0.8858265624999999 0.899278125 0.8838578125 0.8894359375 0.8840765625 0.88025 0.8832015625 0.87696875 0.8823265625 0.8618765625 0.8829828125000001 0.8251312499999999 0.8821078124999999 0.8156171875 0.8821078124999999 0.7752625 0.881234375 0.7680453125 0.8810156250000001 0.7378609375 0.879484375 0.723096875 0.8821078124999999 0.7178484375 0.8875765624999999 0.7165359375 0.8891078125 0.7129265625000001 0.8891078125 0.6893046875 0.8867015625000001 0.6663390625 0.8886703125000001 0.654528125 0.8908578125 0.6210625000000001 0.8926078125 0.6135171875000001 0.8956687499999999 0.5879265625000001 0.89654375 0.576115625 0.896325 0.555775 0.8950125 0.551509375 0.8939187499999999 0.5410109375000001 0.8908578125 0.5314953124999999 0.8884515625 0.5160765625 0.8845140625000001 0.5095140625 0.8711718749999999 0.50065625 0.8661421875 0.47933125 0.870953125 0.4596453125 0.870078125 0.45013125 0.8674546875000001 0.43864843750000004 0.8615484375 0.42749375 0.8565171875 0.42355625 0.8471125 0.4229 0.8418640625 0.42486875 0.8337703125000001 0.43241406250000003 0.8324578125000001 0.4353671875 0.8328953125 0.4389765625 0.8313640625 0.451115625 0.8315828125 0.4632546875 0.8337703125000001 0.47539375 0.8392390625000001 0.494421875 0.8342078125000001 0.50459375 0.825459375 0.5144359374999999 0.823271875 0.51935625 0.8169296875000001 0.5223093750000001 0.8143046875 0.5275593749999999 0.8105859375 0.525590625 0.80293125 0.5324796875 0.8016187499999999 0.5367453125 0.8022750000000001 0.5419953125 0.80074375 0.546915625 0.79505625 0.548884375 0.7924328125 0.552821875 0.7909015625 0.556103125 0.7898078125 0.5666015625 0.7909015625 0.57185 0.7941812500000001 0.57185 0.79811875 0.569225 0.8070859374999999 0.570209375 0.8099296875 0.57185 0.8116796875000001 0.5771 0.8158359374999999 0.57906875 0.8162734374999999 0.5843171875000001 0.8129921875000001 0.5879265625000001 0.8127734375 0.5928484375
2 0.821740625 0.5364171875 0.820865625 0.5446187499999999 0.8134296875 0.5485562500000001 0.8171484375 0.555775 0.8171484375 0.5603671875 0.8182421874999999 0.5620078125 0.822178125 0.5610234375 0.820865625 0.55511875 0.8239281249999999 0.546915625 0.8414265625 0.5357609375 0.8458 0.5360890625 0.84951875 0.5331359375 0.85520625 0.5127953125 0.8576109375 0.5108265624999999 0.8597984375 0.5068890625 0.8667984375 0.50196875 0.8685484375 0.49803125000000004 0.8678921875000001 0.4931109375 0.8652671875 0.4904859375 0.8663609375 0.477690625 0.869203125 0.469159375 0.8711718749999999 0.4583328125 0.869203125 0.44488125 0.8646109375 0.4317578125 0.8619859375000001 0.42749375 0.8576109375 0.42355625 0.8471125 0.42224375 0.8418640625 0.423884375 0.8335515625 0.4314296875 0.8322390625 0.4353671875 0.8322390625 0.4422578125 0.830709375 0.44881875000000004 0.8315828125 0.4642390625 0.8339890625 0.47572187499999996 0.8392390625000001 0.4931109375 0.8350828124999999 0.50525 0.826990625 0.5164046875 0.822178125 0.5292 0.822834375 0.5337921875 0.821740625 0.5364171875
3 0.8099296875 0.99409375 0.8027124999999999 0.9583328124999999 0.79986875 0.9507875 0.79811875 0.9393046875 0.79549375 0.9353671875 0.7944 0.927821875 0.7889328124999999 0.9169953124999999 0.7874015625 0.9094484375 0.7869640625 0.90091875 0.7843390625 0.894684375 0.7830265625 0.8864828125 0.7797468750000001 0.881234375 0.7786531250000001 0.875328125 0.779090625 0.8723750000000001 0.778215625 0.8694218749999999 0.777340625 0.854003125 0.777778125 0.845471875 0.7764656249999999 0.8313640625 0.7723093750000001 0.8090546875 0.7677171875 0.7946187499999999 0.7650921875 0.776903125 0.7622484375 0.7673890625 0.7585296875 0.74409375 0.7563421875 0.7365484375 0.7565609375 0.7322828125 0.75459375 0.7250656249999999 0.75196875 0.7194875 0.75240625 0.7165359375 0.7502187499999999 0.704725 0.7436578125 0.679790625 0.7397203125 0.651575 0.7403765625000001 0.6351703125 0.7375328125 0.625328125 0.7362203125 0.6141734375000001 0.7333765624999999 0.6072828125 0.7322828125 0.598425 0.7224406250000001 0.5813640625 0.7171921875 0.5646328125 0.7167546875 0.5364171875 0.7176296875 0.528215625 0.720909375 0.5187015625 0.724409375 0.5147640625000001 0.728346875 0.50328125 0.731190625 0.4862203125 0.7331578125 0.4822828125 0.7331578125 0.469815625 0.730971875 0.4376640625 0.7322828125 0.425196875 0.7322828125 0.39895 0.7333765624999999 0.3937015625 0.7370953124999999 0.3877953125 0.7375328125 0.3845140625 0.7362203125 0.377625 0.7338140625 0.374671875 0.7322828125 0.36974999999999997 0.7250656249999999 0.3595796875 0.720471875 0.3497375 0.7180671875 0.3471125 0.7130359375 0.3346453125 0.7145671874999999 0.31725781249999996 0.7134734375 0.3090546875 0.7097546875 0.296915625 0.7088796875 0.28280781250000003 0.7058187499999999 0.2752625 0.7007875 0.2677171875 0.6815390625 0.22309687500000003 0.6622921875000001 0.228346875 0.6423890625 0.23622031250000003 0.628390625 0.24376562499999999 0.6128609375 0.2634515625 0.6093609375 0.27066875 0.6084859375 0.27591875 0.6071734375 0.277559375 0.60608125 0.2860890625 0.60608125 0.302821875 0.6067359375 0.30511875 0.5842078125 0.99409375 0.594925 0.995734375 0.6065171874999999 0.9954062499999999 0.6106734375 0.9977031249999999 0.6108921875 0.999671875 0.8066484375 0.999671875 0.8066484375 0.99803125 0.8099296875 0.99409375
1 0.6332015625 0.39895 0.6266406250000001 0.400590625 0.624671875 0.4042 0.626859375 0.40780781250000003 0.6369203125 0.40551250000000005 0.646325 0.4002625 0.65091875 0.394028125 0.6542 0.3927171875 0.6581359375 0.3835296875 0.6611984375 0.381234375 0.6629484375 0.3763125 0.670165625 0.37106249999999996 0.673665625 0.3651578125 0.673884375 0.3622046875 0.6854765625 0.3562984375 0.6867890625 0.3523625 0.6902890625 0.349409375 0.6913828125 0.34645625 0.6955375 0.344159375 0.70363125 0.3444875 0.7058187499999999 0.3471125 0.7056 0.349409375 0.7128171875 0.35301875 0.719378125 0.3608921875 0.720471875 0.3651578125 0.7250656249999999 0.37303125000000004 0.726596875 0.377625 0.7276906249999999 0.3871390625 0.726596875 0.3923890625 0.728346875 0.39566875 0.7318453125 0.3927171875 0.7362203125 0.3914046875 0.7381890624999999 0.3884515625 0.7384078125 0.3845140625 0.7362203125 0.377296875 0.7344703124999999 0.3763125 0.7322828125 0.369421875 0.729878125 0.3674546875 0.728565625 0.3635171875 0.7250656249999999 0.35990781250000003 0.720471875 0.349409375 0.7185046875000001 0.347440625 0.7130359375 0.3339890625 0.7135828125 0.32759218749999997 0.7154421875 0.32250625 0.7154421875 0.31725781249999996 0.7101921875 0.296915625 0.7086609375 0.2792 0.70494375 0.27230937499999996 0.70100625 0.2677171875 0.6819765624999999 0.222440625 0.676728125 0.22309687500000003 0.6614171875 0.228346875 0.6342953125 0.23982968750000003 0.628828125 0.24343906249999997 0.6104546875 0.26509218749999997 0.6062984375 0.277559375 0.60520625 0.28740156250000004 0.6049875 0.2992125 0.60608125 0.3103671875 0.6148296875 0.3425203125 0.623140625 0.3566265625 0.630578125 0.36122031250000003 0.6332015625 0.3641734375 0.6369203125 0.377296875 0.6384515625 0.38746718750000003 0.6369203125 0.39566875 0.6332015625 0.39895
3 0.7832453125 0.7870734374999999 0.7830265625 0.776903125 0.7854328125000001 0.7670609374999999 0.7895890624999999 0.7250656249999999 0.7891515625000001 0.6909453125 0.7863078125 0.6827421874999999 0.7865265625 0.6768375 0.7856515625 0.6735562500000001 0.779528125 0.6679796875 0.773184375 0.6646984375 0.770121875 0.646325 0.7674984375 0.6400921875 0.7635609375 0.6341859375000001 0.7563421875 0.63090625 0.74803125 0.6322171875 0.7421265625 0.6384515625 0.7412515625 0.6433734375 0.7405953125 0.651575 0.74496875 0.67815 0.7486875000000001 0.6925859375 0.7567796875 0.7378609375 0.7618109375000001 0.7588578125 0.7620296875 0.7637796875 0.7764656249999999 0.8261156250000001 0.779309375 0.829725 0.781059375 0.8261156250000001 0.7832453125 0.7870734374999999
2 0.7664046875 0.701115625 0.7679359375 0.69750625 0.770559375 0.69685 0.768809375 0.6889765625 0.770778125 0.6837265625 0.773621875 0.680446875 0.779528125 0.6853671875 0.779090625 0.6893046875 0.7834640625 0.698490625 0.7871828125 0.698490625 0.7878390625 0.6893046875 0.7858703125 0.6827421874999999 0.7860890625 0.673884375 0.779090625 0.6679796875 0.775153125 0.6679796875 0.772528125 0.6656828124999999 0.770340625 0.64698125 0.7683734375 0.6410765625 0.7637796875 0.6338578125 0.7583109375 0.63090625 0.7513124999999999 0.630578125 0.74475 0.6345140625 0.7419078125 0.6381234375 0.7405953125 0.6420609374999999 0.7408140624999999 0.653215625 0.74409375 0.6696187499999999 0.7451875 0.6689625 0.7464999999999999 0.671259375 0.7458437499999999 0.67749375 0.74671875 0.6843828125 0.75175 0.701771875 0.7618109375000001 0.7034125 0.7664046875 0.701115625
1 0.5483374999999999 0.4120734375 0.554025 0.42552500000000004 0.5588359374999999 0.429134375 0.569771875 0.4333984375 0.572178125 0.43635156249999996 0.573928125 0.43569531250000004 0.574365625 0.4317578125 0.572178125 0.425853125 0.5682421875 0.41929062500000003 0.5651796874999999 0.4173234375 0.5643046875 0.40780781250000003 0.5618984375 0.403871875 0.5592734375 0.38877968749999997 0.5608046875 0.3838578125 0.5653984375000001 0.377953125 0.5708656249999999 0.373359375 0.576115625 0.3631890625 0.5813640625 0.3497375 0.5870515625 0.326115625 0.5877078124999999 0.3139765625 0.5857390625 0.298884375 0.5824578125000001 0.2906828125 0.576553125 0.280840625 0.569553125 0.27066875 0.5603671875 0.2631234375 0.529090625 0.246390625 0.5220906249999999 0.24343906249999997 0.5174984375 0.24343906249999997 0.5142171875 0.251640625 0.5118109375000001 0.2618109375 0.49431250000000004 0.30249375 0.49365781249999996 0.3080703125 0.49212656250000003 0.3110234375 0.4914703125 0.3143046875 0.49387499999999995 0.32053750000000003 0.49474999999999997 0.3257875 0.49759374999999995 0.3346453125 0.500875 0.3369421875 0.49978125 0.3415359375 0.5021875 0.34383125 0.50525 0.349409375 0.5056875 0.3562984375 0.5483374999999999 0.4120734375
3 0.374671875 0.5334640625 0.372265625 0.555446875 0.370078125 0.5643046875 0.370734375 0.57250625 0.369421875 0.57775625 0.3674546875 0.580053125 0.369421875 0.5875984375 0.3674546875 0.5912078125 0.36898437500000003 0.595471875 0.36767343750000003 0.598753125 0.3685484375 0.604659375 0.3674546875 0.6066265625 0.3672359375 0.6174546875 0.3646109375 0.61909375 0.3637359375 0.621390625 0.3602359375 0.62040625 0.3578296875 0.6177828125 0.3565171875 0.618765625 0.35936093750000003 0.6233593749999999 0.3624234375 0.62565625 0.3628609375 0.629265625 0.3622046875 0.649278125 0.3624234375 0.6601046875 0.36395468750000004 0.673884375 0.3626421875 0.6916015625 0.36395468750000004 0.7792 0.3670171875 0.794290625 0.36920312499999997 0.798228125 0.376859375 0.805446875 0.3912953125 0.8123359375 0.396325 0.8175859375 0.40135624999999997 0.8293968749999999 0.40441874999999994 0.8412078125000001 0.40616874999999997 0.8444875 0.4076984375 0.8704062499999999 0.4070421875 0.87303125 0.4081359375 0.8743437500000001 0.41097968749999997 0.873359375 0.4160109375 0.874015625 0.4173234375 0.8727031249999999 0.4155734375 0.870734375 0.4162296875 0.8648296875 0.41491718750000006 0.8582671875000001 0.4160109375 0.8569546875 0.41404218750000005 0.854003125 0.4129484375 0.8471125 0.41316718750000003 0.8336609375 0.4120734375 0.8126640625 0.41097968749999997 0.8070859374999999 0.40966718750000003 0.775590625 0.427603125 0.595471875 0.43263281249999996 0.5846453125 0.4343828125 0.575459375 0.43088437500000004 0.5646328125 0.43110312500000003 0.5600390625 0.429134375 0.5538062499999999 0.425634375 0.549540625 0.423884375 0.545603125 0.42060312499999997 0.5292 0.4118546875 0.5111546875 0.40573125 0.503609375 0.40463750000000004 0.5 0.4042 0.4904859375 0.4072609375 0.47506562499999994 0.40747968749999997 0.46653593750000005 0.4070421875 0.4589890625 0.40485625000000003 0.453084375 0.40004375000000003 0.445209375 0.3967625 0.44258593749999997 0.3910765625 0.44192968749999995 0.38429531250000004 0.4432421875 0.379265625 0.44684999999999997 0.373359375 0.454725 0.370296875 0.46653593750000005 0.370734375 0.47014374999999997 0.369640625 0.47867499999999996 0.370515625 0.48195468750000003 0.374453125 0.4878609375 0.37707812500000004 0.49770312499999997 0.379921875 0.5022968750000001 0.38429531250000004 0.506234375 0.38604531249999996 0.5111546875 0.3832015625 0.519684375 0.374671875 0.5334640625
2 0.39698125 0.49114218750000005 0.4042 0.49179843749999996 0.4081359375 0.47506562499999994 0.4081359375 0.4596453125 0.40660468749999995 0.454725 0.40245 0.449146875 0.39960625 0.4432421875 0.39566875 0.44127343750000003 0.3847328125 0.4422578125 0.380359375 0.445209375 0.37292187499999996 0.453740625 0.369859375 0.46653593750000005 0.370296875 0.478346875 0.372484375 0.480971875 0.375765625 0.47539375 0.38079687500000003 0.4773625 0.3847328125 0.47342500000000004 0.3888890625 0.477034375 0.3897640625 0.4822828125 0.3884515625 0.4862203125 0.3926078125 0.4898296875 0.39698125 0.49114218750000005
2 0.4315390625 0.503609375 0.4315390625 0.5065609375 0.43372656249999997 0.505578125 0.43635156249999996 0.506234375 0.4378828125 0.5108265624999999 0.43941406250000004 0.5124671875 0.4407265625 0.5104984375 0.44116406250000006 0.50590625 0.44313281250000003 0.5013124999999999 0.4391953125 0.49803125000000004 0.4315390625 0.503609375
3 0.330928125 0.6617453125 0.32830312500000003 0.6656828124999999 0.328084375 0.669946875 0.326553125 0.673884375 0.326553125 0.677821875 0.32458437500000004 0.6853671875 0.323053125 0.6870078125 0.31736718750000004 0.6879921875 0.31539843749999996 0.6925859375 0.31364843750000004 0.6932421875 0.31539843749999996 0.694553125 0.3156171875 0.697834375 0.3103671875 0.70406875 0.3110234375 0.7086609375 0.3147421875 0.7125984375 0.31408593749999997 0.7168640625 0.3160546875 0.72145625 0.3149609375 0.7365484375 0.31364843750000004 0.7401578125 0.31408593749999997 0.74409375 0.3129921875 0.74671875 0.3121171875 0.756234375 0.3103671875 0.7591859375000001 0.3097109375 0.7792 0.3086171875 0.7824796875 0.3083984375 0.7946187499999999 0.3068671875 0.80249375 0.3075234375 0.8077421875 0.3064296875 0.8103671875 0.30774218750000004 0.8133203124999999 0.3064296875 0.8182421874999999 0.3079609375 0.819225 0.3092734375 0.8389109375 0.3101484375 0.8421921875 0.3086171875 0.8448156250000001 0.3081796875 0.8562984374999999 0.30205625 0.8618765625 0.30336875 0.8674546875000001 0.30511875 0.868765625 0.3088359375 0.86975 0.321959375 0.868765625 0.326115625 0.8795937500000001 0.33049062500000004 0.8795937500000001 0.33552031250000003 0.876640625 0.33442656249999997 0.868765625 0.330928125 0.8612203125000001 0.3313640625 0.8566265625 0.33049062500000004 0.8523624999999999 0.3337703125 0.8149609375000001 0.3361765625 0.8018375000000001 0.33770781250000004 0.798884375 0.34514374999999997 0.7946187499999999 0.34995625 0.7939625 0.3608921875 0.79724375 0.3643921875 0.796915625 0.36570468749999996 0.795275 0.3654859375 0.7906828124999999 0.3626421875 0.7778875000000001 0.3622046875 0.717028125 0.3611109375 0.6876640625 0.36176718750000003 0.67749375 0.3591421875 0.6735562500000001 0.3558625 0.6650265625 0.35476874999999997 0.653215625 0.3528 0.646653125 0.35126875 0.6338578125 0.34514374999999997 0.6227031249999999 0.34470625 0.6138453125 0.34623750000000003 0.6069546875 0.34426875 0.595471875 0.34623750000000003 0.5905515625 0.34776875 0.580709375 0.34908125 0.577428125 0.3567359375 0.573490625 0.36176718750000003 0.576115625 0.3641734375 0.57185 0.36898437500000003 0.5685703125 0.368765625 0.5600390625 0.370953125 0.551509375 0.374234375 0.5292 0.36898437500000003 0.519684375 0.3611109375 0.5124671875 0.35476874999999997 0.5085296875 0.35170625 0.500984375 0.353675 0.4898296875 0.35389375 0.48064375000000004 0.35345624999999997 0.473753125 0.34995625 0.4629265625 0.34601875 0.45866093750000003 0.3418640625 0.45636406249999995 0.327646875 0.4576765625 0.32589687500000003 0.4583328125 0.32480312499999997 0.4612859375 0.32130312499999997 0.4812984375 0.321959375 0.49179843749999996 0.32130312499999997 0.49803125000000004 0.32458437500000004 0.5016406250000001 0.325240625 0.5116468750000001 0.323928125 0.5154203125000001 0.3182421875 0.5187015625 0.31167968749999997 0.52985625 0.3068671875 0.5331359375 0.30468125 0.5393703125 0.3027125 0.5419953125 0.30205625 0.545275 0.3018375 0.548884375 0.3027125 0.552165625 0.3062125 0.555446875 0.3105859375 0.5567578125 0.329615625 0.5898953125 0.32830312500000003 0.5918640625 0.329178125 0.60433125 0.32830312500000003 0.6112203125 0.3313640625 0.65354375 0.330928125 0.6617453125
2 0.3405515625 0.546259375 0.34426875 0.5446187499999999 0.3433953125 0.5413390625 0.34405 0.5383859375 0.3493 0.52985625 0.3567359375 0.5324796875 0.3573921875 0.5374015625 0.3569546875 0.5328078125 0.3602359375 0.5292 0.3582671875 0.5252625 0.3576109375 0.520996875 0.3589234375 0.5134515625 0.353675 0.5091859375000001 0.35214375000000003 0.5016406250000001 0.35345624999999997 0.49803125000000004 0.35389375 0.47801875000000005 0.3532375 0.47244062500000006 0.34995625 0.4632546875 0.34601875 0.4583328125 0.34164531249999996 0.4560375 0.32589687500000003 0.4580046875 0.321084375 0.4822828125 0.321521875 0.49573437499999995 0.32086562500000004 0.49803125000000004 0.323053125 0.5 0.325678125 0.5337921875 0.33070937499999997 0.5354328125000001 0.3322390625 0.5370734374999999 0.3322390625 0.5406828124999999 0.3359578125 0.5426515625 0.33770781250000004 0.545603125 0.3405515625 0.546259375
3 0.2635609375 0.7299875 0.26377968749999997 0.7339234375 0.25787343749999997 0.7395015625 0.2615921875 0.743765625 0.2594046875 0.7477031249999999 0.26115468750000004 0.749015625 0.26115468750000004 0.778215625 0.2594046875 0.7792 0.2609359375 0.7801843749999999 0.26115468750000004 0.7847765625 0.2596234375 0.7851046875 0.2587484375 0.7870734374999999 0.26137343749999997 0.7896984375 0.26137343749999997 0.7919953125 0.2594046875 0.794946875 0.272965625 0.8356296875 0.272965625 0.8412078125000001 0.27099687499999997 0.8549875 0.273184375 0.8631890625 0.273621875 0.86975 0.27012187499999996 0.8845140625000001 0.27602812499999996 0.8848421875 0.27821562499999997 0.8838578125 0.2825890625 0.8756562499999999 0.28412031249999997 0.86909375 0.2869640625 0.8661421875 0.2898078125 0.8651578125 0.2909015625 0.8625328124999999 0.29374375 0.8608921875 0.29549375 0.8635171875 0.29549375 0.8651578125 0.29855624999999997 0.8681109375 0.30074375 0.8658140624999999 0.3000875 0.8615484375 0.29724375 0.8556437499999999 0.29636874999999996 0.8513781249999999 0.2948375 0.8497375 0.2906828125 0.848753125 0.2893703125 0.8375984375 0.2915578125 0.829725 0.2944 0.8257875 0.295275 0.82250625 0.2939625 0.8175859375 0.29593125 0.798884375 0.29593125 0.7857609375 0.30555625000000003 0.77329375 0.3064296875 0.774278125 0.3073046875 0.771325 0.3075234375 0.7516406250000001 0.3064296875 0.749015625 0.30315 0.750328125 0.3000875 0.7431109375 0.30118125 0.7391734375000001 0.30511875 0.7352359374999999 0.3103671875 0.7339234375 0.3110234375 0.728346875 0.3125546875 0.724409375 0.3101484375 0.7165359375 0.3092734375 0.7093171875000001 0.3099296875 0.6679796875 0.31146093750000003 0.6640421875 0.3145234375 0.6620734374999999 0.3156171875 0.6542 0.3158359375 0.6400921875 0.3147421875 0.6272968750000001 0.31364843750000004 0.62565625 0.3145234375 0.62434375 0.3143046875 0.6089234375 0.3160546875 0.603346875 0.3134296875 0.5958 0.3151796875 0.5918640625 0.3134296875 0.5869421874999999 0.3145234375 0.5839890624999999 0.31364843750000004 0.5833328125 0.3118984375 0.576115625 0.3053375 0.5672578125000001 0.2909015625 0.5147640625000001 0.2948375 0.502625 0.29505625 0.499015625 0.29461875000000004 0.4773625 0.29330781250000004 0.470471875 0.2909015625 0.4635828125 0.28740156250000004 0.4580046875 0.2823703125 0.45341250000000005 0.275153125 0.45275625 0.273184375 0.454725 0.273840625 0.46194218749999993 0.273403125 0.47506562499999994 0.273621875 0.4822828125 0.2823703125 0.5150921875 0.2839015625 0.525590625 0.277121875 0.5518375 0.276246875 0.5593828125 0.276246875 0.5748031250000001 0.270559375 0.5875984375 0.2618109375 0.6151578125 0.2633421875 0.61909375 0.2585296875 0.64435625 0.25918593749999996 0.65223125 0.2572171875 0.6578078125 0.25787343749999997 0.669946875 0.2567796875 0.6735562500000001 0.2572171875 0.6791343750000001 0.25590625 0.6814296875 0.2572171875 0.698490625 0.2572171875 0.7171921875 0.2587484375 0.720471875 0.25787343749999997 0.724409375 0.2615921875 0.727034375 0.2635609375 0.7299875
2 0.29636874999999996 0.498359375 0.29636874999999996 0.4868765625 0.2944 0.470471875 0.2909015625 0.4622703125 0.2867453125 0.4560375 0.28324531249999996 0.45275625 0.274496875 0.45341250000000005 0.273403125 0.45505312499999995 0.273840625 0.47539375 0.277778125 0.498359375 0.2847765625 0.525590625 0.2909015625 0.52985625 0.2930890625 0.529528125 0.2917765625 0.520996875 0.2928703125 0.5173890625 0.2926515625 0.5134515625 0.29636874999999996 0.498359375
3 0.5634296875 0.9655515625 0.5599296875 0.9708 0.5643046875 0.9776906249999999 0.5623359375 0.9904859374999999 0.5608046875 0.993765625 0.5632109375 0.9954062499999999 0.5953625 0.9977031249999999 0.6629484375 0.99671875 0.6657921875 0.999671875 0.669071875 0.997046875 0.6830703125 0.9973750000000001 0.6933515625 0.995734375 0.69706875 0.9977031249999999 0.7163171875 0.9963906250000001 0.728346875 0.9973750000000001 0.7563421875 0.9963906250000001 0.7596234374999999 0.9977031249999999 0.7898078125 0.9977031249999999 0.7900265625 0.999671875 0.7917765625000001 0.999671875 0.7930890625 0.9973750000000001 0.795421875 0.9973750000000001 0.7979 0.999671875 0.80030625 0.999671875 0.8031499999999999 0.9973750000000001 0.8066484375 0.9973750000000001 0.8097109375 0.99409375 0.8083984375 0.9917984375 0.8044625 0.97539375 0.8027124999999999 0.9606296875 0.79899375 0.95538125 0.7965875 0.947178125 0.7965875 0.9393046875 0.7948375000000001 0.930775 0.7935265625000001 0.9301187499999999 0.7924328125 0.926509375 0.7895890624999999 0.923228125 0.7854328125000001 0.9058406250000001 0.7869640625 0.9038718749999999 0.7832453125 0.90091875 0.7828078125 0.8989499999999999 0.7832453125 0.896325 0.7797468750000001 0.881234375 0.777778125 0.8628609375 0.7775593749999999 0.845471875 0.7749343750000001 0.8369421875 0.7758093749999999 0.8336609375 0.7723093750000001 0.822834375 0.771434375 0.8103671875 0.7664046875 0.8061031249999999 0.7637796875 0.77329375 0.7607171875 0.7644359374999999 0.7583109375 0.7611546875 0.75459375 0.728346875 0.7513124999999999 0.7247375 0.74803125 0.6961937500000001 0.7458437499999999 0.6886484375 0.7430015625 0.6853671875 0.7408140624999999 0.6574796875 0.7377515625 0.651246875 0.7401578125 0.6427171875 0.7390640625 0.6394359374999999 0.7395015625 0.6348421875 0.7377515625 0.6318890625 0.7362203125 0.6181109375 0.7346890625 0.6112203125 0.7329390625000001 0.6076109375 0.7322828125 0.600721875 0.728784375 0.59383125 0.7381890624999999 0.3845140625 0.7362203125 0.376640625 0.7182859374999999 0.3471125 0.7123796875 0.33169218749999996 0.7147859375000001 0.325459375 0.7154421875 0.3169296875 0.7104109375000001 0.298228125 0.7090984375 0.28280781250000003 0.7053812500000001 0.272965625 0.701225 0.2667328125 0.69750625 0.2644359375 0.6933515625 0.250984375 0.6900703125 0.244421875 0.6863515625 0.2404859375 0.6841640625000001 0.228346875 0.6815390625 0.222440625 0.6607609375 0.228346875 0.6421703125 0.23589218750000002 0.628390625 0.24343906249999997 0.6146109375 0.2595140625 0.6104546875 0.2677171875 0.6093609375 0.27395 0.6073921875 0.278871875 0.6071734375 0.303478125 0.6087046875000001 0.30741406250000003 0.6111109375 0.32775625 0.6143921875 0.3356296875 0.6152671875 0.3415359375 0.618765625 0.3431765625 0.629703125 0.45013125 0.628828125 0.45505312499999995 0.6255468750000001 0.46194218749999993 0.6244531249999999 0.4678484375 0.620515625 0.478346875 0.6163609375 0.497375 0.619859375 0.499015625 0.620953125 0.5324796875 0.6137359375 0.5318234375 0.605425 0.5331359375 0.59951875 0.5321515625 0.598425 0.5331359375 0.60170625 0.5351046875 0.6028 0.5370734374999999 0.603675 0.5370734374999999 0.60520625 0.5337921875 0.6078296875 0.5337921875 0.6108921875 0.5370734374999999 0.6157046875 0.5360890625 0.620296875 0.5393703125 0.620515625 0.5423234375 0.619640625 0.544946875 0.623578125 0.5465875 0.6310156250000001 0.55249375 0.6321078124999999 0.5603671875 0.6340765625 0.5646328125 0.6347328125 0.577428125 0.6360453125000001 0.5843171875000001 0.6148296875 0.6266406250000001 0.6111109375 0.6374671875 0.6080484375 0.6542 0.60170625 0.6581359375 0.6003937500000001 0.6624015625 0.59383125 0.673884375 0.5901140625 0.6847109375 0.5918640625 0.694225 0.5916453125000001 0.697178125 0.5859578125 0.72014375 0.5839890624999999 0.7322828125 0.5818015625 0.7362203125 0.579396875 0.745078125 0.577428125 0.7604984375 0.575896875 0.7805125 0.575896875 0.8067578125000001 0.573490625 0.8146328125 0.571521875 0.8179140625000001 0.572396875 0.82381875 0.5704281250000001 0.8323484375 0.5710843750000001 0.8379265625000001 0.569990625 0.8425203124999999 0.5710843750000001 0.8523624999999999 0.5680234375000001 0.8612203125000001 0.5686796875 0.8635171875 0.5667109375 0.873359375 0.5647421875 0.8743437500000001 0.5627734375 0.879265625 0.5627734375 0.8815609375 0.5640859375 0.8838578125 0.5629921875 0.8881234375 0.5625546875 0.9097765624999999 0.5625546875 0.928478125 0.5638671875 0.9314296875 0.5627734375 0.9376640625 0.5632109375 0.948490625 0.5625546875 0.9511156250000001 0.5634296875 0.9655515625
3 0.20778593750000002 0 0.2021 0.002296875 0.17057187499999998 0.002953125 0.00546875 0.00196875 0 0.0026249999999999997 0 0.5121390625 0.030184375000000003 0.5160765625 0.05380625 0.52198125 0.056429687500000006 0.523621875 0.077428125 0.52198125 0.0927390625 0.5223093750000001 0.1157046875 0.5249343750000001 0.11920312500000001 0.52723125 0.126203125 0.528215625 0.13910781249999998 0.52723125 0.1421703125 0.528215625 0.14698125 0.5275593749999999 0.149825 0.528871875 0.1581359375 0.5278875000000001 0.1618546875 0.525590625 0.173228125 0.5249343750000001 0.1861328125 0.5252625 0.1891953125 0.526903125 0.20188125 0.526575 0.20450624999999997 0.528215625 0.2088796875 0.52723125 0.21216093749999998 0.52198125 0.21544218750000002 0.506234375 0.21587968750000003 0.46883125000000003 0.2143484375 0.45144375 0.2150046875 0.43307031250000005 0.23250156249999998 0.42158749999999995 0.23403281250000002 0.42322812499999996 0.2587484375 0.428478125 0.271434375 0.42782187499999996 0.274059375 0.41633906249999997 0.273840625 0.4117453125 0.277121875 0.4028875 0.276684375 0.36253281249999997 0.279309375 0.353346875 0.27690312499999997 0.346128125 0.28149531250000004 0.29986875 0.2819328125 0.25918593749999996 0.281059375 0.24671875000000001 0.2819328125 0.22014375 0.280621875 0.2129265625 0.2825890625 0.204725 0.28018437500000004 0.13845156249999999 0.278653125 0.1338578125 0.279090625 0.130578125 0.274496875 0.1158140625 0.273840625 0.10761093749999999 0.273840625 0.095471875 0.275371875 0.0882546875 0.274934375 0.0600390625 0.275590625 0.056429687500000006 0.271434375 0.0324796875 0.271434375 0.0127953125 0.270340625 0.00590625 0.2672796875 0 0.20778593750000002 0
3 0.521653125 0.6135171875000001 0.5304031250000001 0.5593828125 0.5424328125 0.521653125 0.5708656249999999 0.5396984375 0.5905515625 0.4904859375 0.6244531249999999 0.4708 0.6167984375 0.429790625 0.5883640625 0.4117453125 0.5719593749999999 0.469159375 0.5643046875 0.4133859375 0.575240625 0.377296875 0.59383125 0.370734375 0.5839890624999999 0.2837921875 0.5304031250000001 0.250984375 0.50525 0.25590625 0.48556406250000006 0.3330046875 0.4560375 0.4314296875 0.4352578125 0.5741468750000001 0.4122921875 0.7103015625 0.41994687500000005 0.8349734375000001 0.41885312499999994 0.9268375000000001 0.426509375 0.9908140624999999 0.4341640625 0.995734375 0.45822343749999994 0.999671875 0.5139984375 0.999671875 0.55555625 0.999671875 0.55555625 0.9662078125000001 0.5664921875 0.8956687499999999 0.577428125 0.8415359375 0.5719593749999999 0.7431109375 0.521653125 0.6135171875000001