3 0.8041671875 0.50475 0.8041671875 0.506 0.8011671874999999 0.50975 0.8009999999999999 0.518 0.7971671875 0.52525 0.7963328125 0.529 0.7948328124999999 0.5315000000000001 0.794 0.537 0.7958328125 0.544 0.7968328125 0.5605 0.798 0.564 0.7986671875 0.57875 0.8029999999999999 0.6105 0.8038328124999999 0.6395 0.8045 0.6425 0.8043328125 0.65425 0.8086671875 0.69375 0.8096671875 0.71675 0.8083328125 0.7245 0.8089999999999999 0.7405 0.8111671875 0.76025 0.8111671875 0.7715 0.8121671875 0.77675 0.8118328125 0.7809999999999999 0.8101671874999999 0.78325 0.8113328125000001 0.78625 0.8130000000000001 0.79775 0.8145 0.8005000000000001 0.818 0.80375 0.8223328125 0.81075 0.8380000000000001 0.8115 0.8431671875 0.8102499999999999 0.8508328125 0.8067500000000001 0.8536671874999999 0.80275 0.8616671874999999 0.79875 0.8653328124999999 0.79375 0.8773328125000001 0.7865 0.89 0.7847500000000001 0.9001671874999999 0.78675 0.9039999999999999 0.7855000000000001 0.9078328125 0.78675 0.9121671875 0.7865 0.9161671874999999 0.7889999999999999 0.9228328125 0.79025 0.928875 0.7887500000000001 0.9393328125 0.7895 0.9408328125000001 0.78675 0.9416671875 0.78275 0.9491671875 0.77925 0.951 0.7765 0.9525 0.769 0.9543328125 0.76475 0.9571671875 0.75975 0.9588328125000001 0.75875 0.9598328125 0.75575 0.9602921875 0.7508125 0.9621671875000001 0.748 0.962 0.73975 0.9601671875 0.7245 0.959 0.71975 0.9571671875 0.718 0.954 0.7095 0.954 0.68975 0.9558328125 0.68225 0.9588328125000001 0.6799999999999999 0.9601671875 0.6775 0.9605 0.6667500000000001 0.9628328125 0.6615 0.966 0.643 0.9646671874999999 0.63925 0.9646671874999999 0.6335 0.9653328125 0.6247499999999999 0.9668328125000001 0.6165 0.9668328125000001 0.6084375 0.9683328124999999 0.5925 0.9681671875 0.5700000000000001 0.9710000000000001 0.53075 0.9711671875000001 0.49800000000000005 0.9706671874999999 0.49474999999999997 0.9688328125 0.492 0.9666671875 0.48475 0.9630000000000001 0.47775 0.9608328125 0.47675 0.9588328125000001 0.47300000000000003 0.9546671874999999 0.47074999999999995 0.951 0.465 0.9473328125 0.46224999999999994 0.9393328125 0.45125000000000004 0.9359999999999999 0.449 0.9289999999999999 0.43925000000000003 0.923 0.43550000000000005 0.9198328124999999 0.42800000000000005 0.9189999999999999 0.42374999999999996 0.9141671875 0.41075 0.9138328124999999 0.40750000000000003 0.9146671874999999 0.404 0.9146671874999999 0.4 0.917 0.39225 0.9171671874999999 0.38849999999999996 0.9188328125 0.38075000000000003 0.9198328124999999 0.36724999999999997 0.9195 0.36175 0.9201671875 0.35325 0.9191671875 0.34925 0.9198328124999999 0.34750000000000003 0.9199999999999999 0.3345 0.9191671875 0.32175 0.9269999999999999 0.31025 0.9276671875 0.30775 0.9269999999999999 0.30274999999999996 0.924 0.29474999999999996 0.9119999999999999 0.275 0.8971671875 0.26675 0.889 0.265 0.8763328125 0.26875 0.8668328125 0.2745 0.8634999999999999 0.27825 0.8576671875 0.28075 0.8533328125 0.28425 0.8511671875 0.28725 0.8453328125 0.29975 0.8423328124999999 0.3105 0.8414999999999999 0.31575000000000003 0.8413328124999999 0.33399999999999996 0.8433328124999999 0.34175 0.8441671875000001 0.35275 0.8455 0.358 0.8474999999999999 0.36124999999999996 0.8494999999999999 0.37275 0.8531671875000001 0.381 0.8568328125000001 0.386 0.8591671875 0.39175 0.8601671874999999 0.39575 0.8608328125 0.40425000000000005 0.8619999999999999 0.40650000000000003 0.8621671875000001 0.4085 0.8573328124999999 0.41950000000000004 0.8551671875 0.4225 0.8494999999999999 0.42750000000000005 0.8458328125 0.4285 0.842 0.42675 0.8291671875000001 0.42699999999999994 0.8226671874999999 0.42975 0.8183328124999999 0.43 0.8105 0.43324999999999997 0.8025 0.43875000000000003 0.7908328124999999 0.44225000000000003 0.7843328125 0.4465 0.783 0.4505 0.784 0.4605 0.7825 0.46675000000000005 0.7885 0.46975 0.7948328124999999 0.47125000000000006 0.7976671875 0.476 0.7993328125 0.477 0.8005000000000001 0.48550000000000004 0.7998328124999999 0.49000000000000005 0.8029999999999999 0.495 0.8041671875 0.50475
3 0.6853328125 0.81375 0.6895 0.8157500000000001 0.6955 0.817 0.7008328125000001 0.82 0.7086671875 0.8220000000000001 0.725 0.8227499999999999 0.7366671874999999 0.8185 0.7443328124999999 0.818 0.752 0.8154999999999999 0.7708328125 0.80375 0.8029999999999999 0.7985 0.8043328125 0.79475 0.792 0.67025 0.7926671875 0.66875 0.7908328124999999 0.6655 0.7925 0.6639999999999999 0.7933328125 0.6605000000000001 0.795 0.658 0.7928328125 0.65675 0.7905 0.651 0.7908328124999999 0.6485000000000001 0.7931671875 0.6465 0.7933328125 0.6425 0.7921671875 0.63975 0.792 0.63475 0.7933328125 0.6327499999999999 0.7945 0.62725 0.7938328125 0.6265 0.7933890625 0.6016671875 0.795 0.59975 0.795 0.59875 0.7926671875 0.59075 0.7948328124999999 0.587 0.7953328125 0.584 0.7948328124999999 0.57925 0.795 0.56425 0.7925828125 0.561625 0.7918328125 0.55925 0.7923328125 0.5525 0.7876671875000001 0.5385 0.782 0.533 0.7801671875 0.52525 0.7791671874999999 0.5235000000000001 0.7698328125 0.5287499999999999 0.7675 0.52825 0.7635 0.5325 0.757 0.533 0.7578328125 0.5345 0.7545 0.5417500000000001 0.7516671875000001 0.54225 0.7493328125 0.54525 0.7478328125 0.55375 0.7433328125 0.5555 0.7408328125 0.5605 0.7365 0.5650000000000001 0.7338328125 0.56425 0.7323328124999999 0.56125 0.7311671875 0.5660000000000001 0.7193328125 0.5782499999999999 0.717 0.577 0.7143328125 0.5782499999999999 0.7136671875 0.58025 0.7144999999999999 0.58425 0.7115 0.6 0.7055 0.602 0.6978328125 0.59925 0.6893328125 0.6 0.6815 0.6035 0.6773328125 0.60675 0.6736671875 0.60725 0.6661671874999999 0.61075 0.6596671875 0.61125 0.6583328125000001 0.61475 0.6566671875 0.61425 0.6558328125 0.61125 0.6536671875 0.61125 0.654 0.6155 0.6535 0.61875 0.6503328125000001 0.6285000000000001 0.6486671875 0.6305 0.6495 0.63375 0.648 0.6385 0.6533328125 0.641 0.6546671875000001 0.6465 0.6536671875 0.64825 0.6525000000000001 0.65475 0.6501671875 0.65675 0.6463328125000001 0.6559999999999999 0.6453328125 0.65775 0.6458328125 0.6695 0.6465 0.67275 0.648 0.67375 0.6481671875 0.678 0.6496671875 0.68275 0.649 0.6855 0.6503328125000001 0.6885 0.6495 0.7577499999999999 0.6475 0.767 0.6471671875 0.772 0.6453328125 0.77525 0.645 0.7785 0.6468328125 0.786 0.6398328125 0.791 0.6391671875 0.79525 0.6353328125 0.79625 0.633 0.79875 0.634 0.8022500000000001 0.6323328125 0.8065 0.633 0.81075 0.6348328125 0.8150000000000001 0.6371671875 0.817 0.6385 0.8172499999999999 0.6426671875000001 0.8145 0.6486671875 0.81325 0.6773328125 0.81225 0.6853328125 0.81375
3 0.6845 0.43075 0.6841671875 0.43674999999999997 0.6815 0.4425 0.6811671875 0.45 0.6821671874999999 0.45899999999999996 0.6839999999999999 0.46325000000000005 0.6836671875 0.46699999999999997 0.6851671875 0.47024999999999995 0.689 0.46775 0.6948328125 0.46799999999999997 0.7013328125 0.46675000000000005 0.7038328125 0.46925 0.7058328125 0.46975 0.709 0.46799999999999997 0.7156671875 0.46699999999999997 0.7175 0.46275000000000005 0.7165 0.46175 0.7155 0.4535 0.7191671875 0.45125000000000004 0.7248328125 0.45025000000000004 0.7288328125 0.45149999999999996 0.7323328124999999 0.4495 0.7348328125 0.4525 0.7388328125 0.453 0.7401671875 0.45575 0.7416671874999999 0.45425000000000004 0.7453328124999999 0.45325 0.7474999999999999 0.45099999999999996 0.746 0.4495 0.745 0.44675000000000004 0.7478328125 0.44349999999999995 0.7488328125 0.43949999999999995 0.7525000000000001 0.43550000000000005 0.753 0.43200000000000005 0.7548328125 0.42774999999999996 0.7576671875 0.41224999999999995 0.7578328125 0.39075000000000004 0.759 0.3825 0.7581671875 0.37225 0.7561671875 0.36524999999999996 0.752 0.359 0.7401671875 0.34375 0.7315 0.341 0.7246671874999999 0.34225 0.7181671875 0.3415 0.706 0.34225 0.6975 0.346 0.6935 0.3465 0.6893328125 0.34900000000000003 0.6866671875 0.35350000000000004 0.6826671875 0.357 0.6809999999999999 0.36124999999999996 0.6815 0.36974999999999997 0.6806671875 0.3765 0.6788328124999999 0.38075000000000003 0.6843328125 0.391 0.6856671875 0.396 0.6841671875 0.409 0.683 0.41375 0.6813328125 0.41600000000000004 0.6809999999999999 0.41900000000000004 0.6845 0.43075
3 0.7088328125000001 0.5277499999999999 0.7128328125000001 0.526 0.7155 0.532 0.7150000000000001 0.55375 0.7153328125 0.5595 0.7165 0.564 0.7166140624999999 0.5702953125 0.7173328125 0.5690000000000001 0.7231671875 0.56875 0.7246671874999999 0.567 0.7253328125 0.5645 0.7246671874999999 0.56375 0.7203328124999999 0.56425 0.7183328125 0.563 0.718 0.56175 0.7196671875 0.55275 0.7190000000000001 0.533 0.7201671875 0.5247499999999999 0.7206671874999999 0.524 0.7224999999999999 0.5247499999999999 0.7235 0.529 0.7248328125 0.5295 0.731 0.5245 0.7351671875 0.52275 0.7373328124999999 0.518 0.7418328125 0.51775 0.7446671874999999 0.5197499999999999 0.748 0.52 0.7491671875 0.5175 0.7481671875 0.5157499999999999 0.7448328125 0.51675 0.7376671875 0.50975 0.7363328124999999 0.50725 0.7343328125 0.509 0.7335 0.515 0.7286671874999999 0.51475 0.7246671874999999 0.50925 0.7201671875 0.50875 0.7191671875 0.50525 0.7176671875 0.50325 0.7126671875 0.50225 0.7111671875 0.4995 0.7088328125000001 0.49749999999999994 0.6965 0.49824999999999997 0.6698328124999999 0.50225 0.6651671875 0.5037499999999999 0.6599999999999999 0.5075000000000001 0.658 0.51125 0.6565000000000001 0.5125 0.6559999999999999 0.5135 0.6598328125 0.5145 0.662 0.51675 0.6658328124999999 0.51725 0.669 0.5215 0.6738328124999999 0.52175 0.6835 0.5245 0.6883328125 0.52925 0.6925 0.5305 0.6988328125 0.52925 0.7008328125000001 0.5275000000000001 0.7088328125000001 0.5277499999999999
3 0.4936671875 0.5255 0.49266718750000005 0.52925 0.4941671875 0.5315000000000001 0.496 0.53225 0.4976671875 0.5349999999999999 0.5056671875000001 0.53925 0.5066671875 0.54075 0.5068328125 0.5455 0.5053328125000001 0.549 0.5071671875 0.55325 0.5108328125 0.55575 0.5121671875 0.5589999999999999 0.5175 0.561 0.525 0.562 0.5276671875 0.5645 0.529 0.572 0.5306671875 0.576 0.537 0.5785 0.5441671875 0.57875 0.5475 0.58175 0.5461671875 0.584 0.5441671875 0.58525 0.5425 0.5912499999999999 0.544 0.59325 0.5462140625 0.5934999999999999 0.546 0.6555 0.5426671875 0.65625 0.5403328125 0.66325 0.5351671875 0.66725 0.5145 0.67125 0.5126671875000001 0.67125 0.5096671875000001 0.6695 0.5066671875 0.671 0.5013328125000001 0.6705 0.4981671875 0.67125 0.49566718749999994 0.68525 0.49583281250000005 0.6905 0.49400000000000005 0.70425 0.4933328125 0.71675 0.4938328125 0.72025 0.4936671875 0.73275 0.49450000000000005 0.73575 0.4943328125 0.74025 0.4951671875 0.743 0.49850000000000005 0.7777499999999999 0.4973328125 0.79475 0.5015 0.8109999999999999 0.504 0.8265 0.5061671875 0.83475 0.5125 0.8435 0.5258328125 0.85025 0.5518328125 0.8522500000000001 0.561 0.8545 0.5736671875 0.8560000000000001 0.5771671875 0.8560000000000001 0.584 0.85375 0.587 0.85075 0.588 0.8472500000000001 0.5916671874999999 0.84575 0.5943328125 0.8345 0.5958328125000001 0.8317500000000001 0.6098328125 0.8195 0.6174999999999999 0.8157500000000001 0.6213328125 0.81175 0.6256671875 0.8039999999999999 0.6341671875 0.78325 0.6386671875000001 0.77525 0.6393328125 0.77025 0.6408328125 0.766 0.643 0.7635 0.6435 0.75925 0.6463328125000001 0.75675 0.6476671875 0.749 0.6471671875 0.73975 0.6478328125 0.73575 0.6468328125 0.72475 0.6461671875 0.68925 0.6448328125 0.686 0.645 0.6815 0.644 0.678 0.6433328125 0.66575 0.6418328125 0.655 0.6396671875 0.646 0.6403328125 0.64225 0.639 0.6395 0.6385 0.631 0.6358328125 0.61825 0.6355000000000001 0.61125 0.6343328125000001 0.6085 0.6391671875 0.48724999999999996 0.6388328125 0.48224999999999996 0.6318328125 0.477 0.6308328125 0.47050000000000003 0.629 0.471 0.627 0.46849999999999997 0.6275000000000001 0.46675000000000005 0.6245 0.46624999999999994 0.6201671875 0.46275000000000005 0.6186671875 0.4625 0.6158328125 0.46299999999999997 0.617 0.466 0.6166671874999999 0.46725000000000005 0.6153328124999999 0.46825 0.6113328124999999 0.46799999999999997 0.6088328125 0.47050000000000003 0.6068328125 0.476 0.6048328125 0.47850000000000004 0.6056671875 0.48125 0.6021671875 0.48575 0.6 0.48425 0.5955 0.48425 0.5883328125 0.47450000000000003 0.5875 0.471 0.5848328125 0.46624999999999994 0.5838328125000001 0.46075 0.5828328125 0.45975 0.5821671875 0.4565 0.5823328125 0.45499999999999996 0.584 0.45325 0.5865 0.44325000000000003 0.5916671874999999 0.434 0.5936671875 0.42725 0.5951671875 0.41600000000000004 0.6 0.40325 0.601 0.377 0.5996671874999999 0.37025 0.5995 0.36475 0.5956671874999999 0.3525 0.5876671875 0.34275 0.58 0.33775 0.5671671875000001 0.3365 0.557 0.33675 0.5535 0.33775 0.5511671875 0.341 0.5488328124999999 0.34225 0.5445 0.34249999999999997 0.541 0.3445 0.533 0.353 0.529 0.35550000000000004 0.523 0.36124999999999996 0.5213328125000001 0.3635 0.5166671875 0.3765 0.5153328125 0.38475000000000004 0.5158328125 0.39275000000000004 0.5185 0.40374999999999994 0.5283328125 0.4135 0.5291671874999999 0.43574999999999997 0.5323328125 0.449 0.5333328125000001 0.45875000000000005 0.5348328125 0.46075 0.536 0.46624999999999994 0.538 0.47050000000000003 0.5343328125 0.47725 0.5215 0.48224999999999996 0.5168328125 0.4875 0.5135 0.48825 0.5105000000000001 0.48575 0.5058328125 0.4845 0.49400000000000005 0.48624999999999996 0.48783281250000005 0.49000000000000005 0.48383281250000004 0.49400000000000005 0.48250000000000004 0.499 0.47850000000000004 0.49850000000000005 0.4773328125 0.50125 0.4755 0.502 0.4748328125 0.5035000000000001 0.47450000000000003 0.506 0.47516718750000003 0.507 0.48 0.5085 0.48200000000000004 0.51225 0.4835 0.5117499999999999 0.48600000000000004 0.5085 0.488 0.50925 0.49000000000000005 0.5115000000000001 0.4933328125 0.522 0.4936671875 0.5255
3 0.3498328125 0.7495 0.352 0.8265 0.3526671875 0.834 0.3543328125 0.8375 0.3545 0.8422499999999999 0.35533281250000004 0.8452500000000001 0.3548328125 0.858 0.35733281250000004 0.8685 0.3604171875 0.8675 0.3626671875 0.8705828125 0.3635 0.877 0.3666671875 0.8825 0.3746671875 0.8885 0.388 0.89175 0.3901671875 0.8932499999999999 0.3921671875 0.89725 0.396 0.8952500000000001 0.4006671875 0.8967499999999999 0.4125 0.8885 0.41816718750000004 0.88225 0.4206671875 0.8779999999999999 0.42350000000000004 0.8765000000000001 0.426 0.8699999999999999 0.43016718750000005 0.8647500000000001 0.4348328125 0.8630000000000001 0.45549999999999996 0.8605 0.46666718749999997 0.8554999999999999 0.47850000000000004 0.85625 0.4835 0.8550000000000001 0.4863328125 0.8557499999999999 0.4951671875 0.84975 0.4971671875 0.8422499999999999 0.4986671875 0.8412499999999999 0.5023328125 0.842 0.502 0.8300000000000001 0.5005 0.82725 0.5 0.8225 0.49850000000000005 0.818 0.49850000000000005 0.8065 0.49666718750000005 0.8035 0.4951671875 0.7967500000000001 0.4951671875 0.78275 0.496 0.7785 0.4943328125 0.75575 0.4931671875 0.751 0.49266718750000005 0.744 0.49166718749999994 0.74025 0.487 0.7365 0.48416718750000004 0.73125 0.48383281250000004 0.72 0.485 0.71675 0.48466718750000004 0.7070000000000001 0.487 0.693 0.4868328125 0.6735 0.48866718750000004 0.6645 0.49050000000000005 0.66175 0.49000000000000005 0.65925 0.4868328125 0.6575 0.4835 0.65325 0.48466718750000004 0.64675 0.48433281250000004 0.6415 0.4851671875 0.63875 0.4848328125 0.62625 0.48600000000000004 0.62325 0.4856671875 0.61825 0.48650000000000004 0.613 0.4861671875 0.60725 0.485 0.60825 0.48288906249999997 0.60825 0.4808328125 0.6054999999999999 0.4816671875 0.6035 0.4811671875 0.5985 0.4791671875 0.5915 0.4773328125 0.58825 0.479 0.58375 0.4778328125 0.57975 0.48033281250000004 0.57725 0.4813328125 0.5735 0.4826671875 0.57225 0.48066718750000004 0.57075 0.48 0.5645 0.4776671875 0.5615 0.4728328125 0.56075 0.4706671875 0.55925 0.46699999999999997 0.5635 0.4586671875 0.5635 0.4543328125 0.5645 0.4511671875 0.57225 0.4471671875 0.5695 0.4356671875 0.575 0.4306671875 0.5730000000000001 0.4263328125 0.5690000000000001 0.42583281250000005 0.568 0.42699999999999994 0.56425 0.426 0.56375 0.4236671875 0.5635 0.42166718750000004 0.568 0.4158328125 0.56925 0.4081671875 0.5665 0.4003328125 0.5660000000000001 0.39649999999999996 0.5635 0.3826671875 0.5605 0.3761671875 0.5547500000000001 0.373 0.55375 0.369 0.5585 0.3656671875 0.56075 0.3613328125 0.56125 0.3581671875 0.5627500000000001 0.35333281250000004 0.5675 0.3478328125 0.576 0.34550000000000003 0.584 0.34500000000000003 0.5900000000000001 0.34483281250000003 0.6002500000000001 0.346 0.611 0.34566718750000003 0.631 0.3465 0.663 0.3485 0.68385 0.3486671875 0.7025 0.3481671875 0.7065 0.34900000000000003 0.7110000000000001 0.3488328125 0.73325 0.3498328125 0.7495
3 0.3838328125 0.4615 0.3846671875 0.4625 0.38754218749999997 0.4625 0.389 0.46475 0.3891671875 0.46699999999999997 0.39066718749999996 0.46825 0.39649999999999996 0.46849999999999997 0.40716718749999997 0.46624999999999994 0.413 0.46624999999999994 0.41900000000000004 0.46725000000000005 0.42350000000000004 0.47000000000000003 0.4364375 0.46875 0.4386671875 0.46975 0.43949999999999995 0.4715 0.43899999999999995 0.46425 0.4402921875 0.46224999999999994 0.4431671875 0.46224999999999994 0.4443328125 0.45899999999999996 0.44616718750000006 0.4485 0.449 0.44000000000000006 0.4503328125 0.42750000000000005 0.45199999999999996 0.42024999999999996 0.45199999999999996 0.41574999999999995 0.4535 0.41224999999999995 0.45333281249999996 0.39625 0.45099999999999996 0.3895 0.44516718749999995 0.38025000000000003 0.4318328125 0.3665 0.4286671875 0.36475 0.41766718750000004 0.36475 0.4076671875 0.36275 0.40416718749999997 0.361 0.39466718749999996 0.36124999999999996 0.3848328125 0.365 0.3805 0.37174999999999997 0.3771671875 0.37425 0.3758328125 0.377 0.3768328125 0.385 0.374 0.39225 0.374 0.39425 0.3745 0.39775 0.3765 0.40325 0.377 0.40774999999999995 0.3761671875 0.4225 0.3763328125 0.43949999999999995 0.379 0.45275 0.3838328125 0.4615
3 0.1988328125 0.748 0.202 0.7615000000000001 0.20350000000000001 0.7745 0.20350000000000001 0.7755 0.2011671875 0.7769999999999999 0.20033281249999998 0.779 0.2015 0.7837500000000001 0.1981671875 0.799 0.197 0.8145 0.1961671875 0.81775 0.1968328125 0.82175 0.1965 0.826 0.2045 0.8305 0.2103328125 0.8355 0.21783281250000003 0.83725 0.2291671875 0.8375 0.2671671875 0.8564999999999999 0.28300000000000003 0.8710000000000001 0.28700000000000003 0.8712500000000001 0.29083281250000004 0.8702500000000001 0.2986671875 0.8714999999999999 0.3043328125 0.8707499999999999 0.3081671875 0.87225 0.315 0.8779999999999999 0.3225 0.8800000000000001 0.33183281249999996 0.8807499999999999 0.33583281249999997 0.8805 0.33799999999999997 0.8772500000000001 0.34733281250000003 0.87375 0.34916718750000003 0.86525 0.3486671875 0.861 0.34966718750000003 0.85775 0.352 0.8414999999999999 0.3505 0.83025 0.3503328125 0.8160000000000001 0.34950000000000003 0.8099999999999999 0.34966718750000003 0.79425 0.3483328125 0.7855000000000001 0.3486671875 0.7787499999999999 0.34733281250000003 0.76825 0.3485 0.7635 0.3486671875 0.7555 0.34750000000000003 0.75225 0.3465 0.737 0.34700000000000003 0.7162499999999999 0.34566718750000003 0.7065 0.3461671875 0.70125 0.3458328125 0.689 0.3465 0.683 0.34483281250000003 0.6599999999999999 0.3443328125 0.64325 0.34466718749999997 0.6205 0.3438328125 0.603 0.3431671875 0.59975 0.3431671875 0.5862499999999999 0.3436671875 0.579 0.34566718750000003 0.57625 0.34733281250000003 0.571 0.34966718750000003 0.56825 0.35150000000000003 0.56425 0.34733281250000003 0.56125 0.3461671875 0.5582499999999999 0.34216718749999997 0.557 0.34016718749999997 0.5535 0.3415 0.54475 0.34483281250000003 0.546 0.346 0.54525 0.3458328125 0.54425 0.343 0.54325 0.34283281250000003 0.54075 0.34066718749999997 0.53675 0.34199999999999997 0.533 0.34033281249999997 0.52925 0.3411671875 0.52525 0.34033281249999997 0.52325 0.34049999999999997 0.52025 0.34183281249999997 0.51775 0.34049999999999997 0.51425 0.34233281249999997 0.50975 0.341 0.505 0.34333281250000003 0.499 0.34566718750000003 0.49824999999999997 0.3438328125 0.49574999999999997 0.3435 0.49400000000000005 0.34500000000000003 0.49275 0.34950000000000003 0.49325 0.351 0.49175 0.3558328125 0.49000000000000005 0.3538328125 0.48825 0.3445 0.48875 0.33616718749999996 0.49000000000000005 0.33416718749999996 0.4925 0.32999999999999996 0.492 0.329 0.49024999999999996 0.3263328125 0.48875 0.3186671875 0.49050000000000005 0.3141671875 0.49000000000000005 0.309 0.49400000000000005 0.3101671875 0.496 0.3096109375 0.499 0.3065 0.49874999999999997 0.3053328125 0.5005 0.3023328125 0.502 0.2965 0.499 0.296 0.497 0.2986671875 0.4915 0.2996671875 0.48624999999999996 0.3006671875 0.46975 0.3055 0.44349999999999995 0.3061671875 0.43550000000000005 0.3028328125 0.41525 0.2995 0.40700000000000003 0.298 0.40425000000000005 0.2941671875 0.40099999999999997 0.29083281250000004 0.39625 0.2768328125 0.3845 0.2561671875 0.3805 0.2481671875 0.383 0.242 0.391 0.23433281250000002 0.39625 0.227 0.40425000000000005 0.2206671875 0.42125 0.2185 0.43150000000000005 0.2188328125 0.43550000000000005 0.22200000000000003 0.4465 0.22349999999999998 0.44925 0.2291671875 0.453 0.22983281249999998 0.45475000000000004 0.22966718749999998 0.46025 0.23216718749999998 0.46624999999999994 0.22966718749999998 0.47050000000000003 0.22933281249999998 0.48975 0.2306671875 0.49474999999999997 0.23166718749999998 0.50575 0.23450000000000001 0.5115000000000001 0.23433281250000002 0.5175 0.22999999999999998 0.5285 0.22733281249999998 0.533 0.2126671875 0.544 0.1895 0.568 0.1866671875 0.5725 0.184 0.579 0.1803328125 0.59525 0.1795 0.6075 0.1808328125 0.63975 0.1825 0.66125 0.1853328125 0.68025 0.1873328125 0.70025 0.1905 0.7165 0.1921671875 0.72075 0.1936671875 0.7285 0.1973328125 0.73725 0.1988328125 0.748
2 0.2958328125 0.44299999999999995 0.2993328125 0.44275000000000003 0.30116718750000004 0.44375 0.3026671875 0.44625000000000004 0.3055 0.44000000000000006 0.306 0.43724999999999997 0.3058328125 0.43150000000000005 0.3043328125 0.42525 0.3033328125 0.41624999999999995 0.2986671875 0.40425000000000005 0.29483281250000004 0.40099999999999997 0.2915 0.396 0.27966718749999997 0.38525 0.27383281249999997 0.38275000000000003 0.27166718749999996 0.38075000000000003 0.265 0.38125 0.2555 0.38 0.2478328125 0.38225 0.24083281250000002 0.3915 0.23366718749999998 0.396 0.22783281249999998 0.40175 0.2246671875 0.40800000000000003 0.2243328125 0.41125 0.2206671875 0.41375 0.22016718750000003 0.41574999999999995 0.21933281249999997 0.4255 0.21816718750000003 0.43099999999999994 0.2183328125 0.43550000000000005 0.2228328125 0.44725000000000004 0.22816718749999998 0.44925 0.2325 0.4495 0.2358328125 0.4415 0.28700000000000003 0.44725000000000004 0.2941671875 0.44625000000000004 0.2958328125 0.44299999999999995
2 0.38849999999999996 0.41574999999999995 0.414 0.41974999999999996 0.4156671875 0.42175 0.42933281250000005 0.42225 0.4308328125 0.425 0.4313328125 0.42774999999999996 0.4326671875 0.42575 0.4361671875 0.4245 0.43683281249999995 0.42300000000000004 0.4443328125 0.41974999999999996 0.44699999999999995 0.42800000000000005 0.4486671875 0.42525 0.4508328125 0.42374999999999996 0.45016718750000007 0.421 0.4505 0.41925 0.4516671875 0.41725 0.454 0.40824999999999995 0.45383281249999996 0.396 0.4511671875 0.389 0.4468328125 0.382 0.44166718749999995 0.37725 0.4391671875 0.3725 0.4353328125 0.3705 0.4311671875 0.36524999999999996 0.42800000000000005 0.364 0.4166671875 0.364 0.4076671875 0.36225 0.4048328125 0.36075 0.3931671875 0.361 0.3838328125 0.365 0.3805 0.37124999999999997 0.377 0.3735 0.3751671875 0.3765 0.3763328125 0.38075000000000003 0.3765 0.38475000000000004 0.3735 0.392 0.3738328125 0.39675 0.378 0.404 0.3781671875 0.4085 0.379 0.40975 0.385 0.41125 0.38849999999999996 0.41325 0.38849999999999996 0.41574999999999995
2 0.5253328125000001 0.39775 0.5281671875 0.395 0.5325 0.39275000000000004 0.5513328125 0.3935 0.553 0.394 0.5546671875 0.39649999999999996 0.5565 0.39725 0.5578328124999999 0.39649999999999996 0.5586671875 0.39449999999999996 0.5638328125000001 0.39125 0.5690000000000001 0.3935 0.5705 0.39675 0.5725 0.3975 0.5735 0.39625 0.5736671875 0.394 0.5768328125 0.39249999999999996 0.5783328125 0.39 0.5831671875 0.39125 0.5843328125 0.39649999999999996 0.588 0.398 0.5894999999999999 0.39525 0.5995 0.38775 0.601 0.3775 0.6 0.37374999999999997 0.5996671874999999 0.365 0.5978328125 0.35825 0.5956671874999999 0.35225 0.591 0.34550000000000003 0.587 0.3415 0.5801671875000001 0.3375 0.5688328125 0.33625 0.5558328125 0.3365 0.553 0.33775 0.5513328125 0.34025 0.5491671874999999 0.3415 0.5446671875 0.34175 0.5413328125 0.344 0.5265 0.35724999999999996 0.5216671875000001 0.36275 0.5171671875 0.37275 0.5165 0.38075000000000003 0.5175 0.384 0.5191671875 0.38275000000000003 0.52 0.37875000000000003 0.5211671875 0.377 0.5233328125 0.38075000000000003 0.5226671875 0.38475000000000004 0.5241671875 0.38775 0.524 0.396 0.5253328125000001 0.39775
2 0.7121671875 0.38275000000000003 0.7205 0.38875000000000004 0.7238328125 0.38775 0.7283328124999999 0.38925 0.732 0.38775 0.7363328124999999 0.38849999999999996 0.7401671875 0.38625 0.7423328125 0.3875 0.7441671875 0.39 0.7466671875 0.3865 0.74894375 0.38625 0.751 0.3875 0.7516671875000001 0.38925 0.753 0.38925 0.7558328125 0.388 0.758 0.3845 0.758 0.37174999999999997 0.756 0.3645 0.7415 0.34475 0.7366671874999999 0.3415 0.7293328125 0.34075 0.7245 0.34175 0.7173328125 0.341 0.7046671875 0.34175 0.6973328125 0.346 0.693 0.3465 0.6893328125 0.34875 0.6851671875 0.35475 0.6818328124999999 0.35724999999999996 0.6808328125 0.36124999999999996 0.6808328125 0.3725 0.6788328124999999 0.38125 0.6795 0.38475000000000004 0.6815 0.38775 0.6855 0.39075000000000004 0.6891671875000001 0.38375 0.6940000000000001 0.38 0.7046671875 0.377 0.7086671875 0.3785 0.7121671875 0.38275000000000003
2 0.9038328124999999 0.32325 0.9083328125 0.32075 0.9115 0.3225 0.9198328124999999 0.32075 0.9276671875 0.3105 0.9281671875 0.30674999999999997 0.9276671875 0.30325 0.9256671875 0.2995 0.9241671874999999 0.2945 0.9125 0.27525 0.8975 0.26625 0.8886671875 0.26425 0.8765000000000001 0.26825 0.8658328125000001 0.275 0.8641671875 0.27749999999999997 0.8573328124999999 0.2805 0.8533328125 0.284 0.8511671875 0.28700000000000003 0.8455 0.2985 0.8433328124999999 0.3065 0.8426671875 0.31025 0.8431671875 0.312 0.8446671875 0.31275 0.8496671875 0.312 0.8526671875 0.315 0.8533328125 0.31825000000000003 0.8853328125000001 0.31975 0.8881671875 0.31725 0.9005000000000001 0.321 0.9038328124999999 0.32325