2 0.9588812499999999 0.3645828125 0.96073125 0.3678734375 0.9629937500000001 0.3695171875 0.96484375 0.37308125 0.9654609375 0.3766453125 0.9708062500000001 0.382675 0.9745062499999999 0.3939140625 0.9780015625 0.3958328125 0.9798515625 0.393640625 0.981290625 0.38870625 0.9862249999999999 0.385965625 0.9870484375 0.38103125000000004 0.9839640624999999 0.3648578125 0.9810859375 0.3618421875 0.97676875 0.3522484375 0.967928125 0.3412828125 0.9627874999999999 0.339090625 0.9547703125 0.3385421875 0.950040625 0.3401859375 0.9352390625 0.3412828125 0.930509375 0.34375 0.9278375000000001 0.3473140625 0.92578125 0.35361875 0.9241359375 0.36513125 0.9241359375 0.3733546875 0.926603125 0.3821265625 0.9276312499999999 0.39254375 0.9315374999999999 0.3911734375 0.93359375 0.377740625 0.936471875 0.36896874999999996 0.9401734375 0.3648578125 0.946340625 0.362115625 0.9551812500000001 0.362390625 0.9588812499999999 0.3645828125
3 0.914884375 0.737390625 0.9198187499999999 0.7456140625 0.9214640624999999 0.7456140625 0.9235203125 0.74808125 0.925575 0.74780625 0.9251640625 0.7436953125 0.9263984375 0.74013125 0.9317437500000001 0.7346484375 0.9321546875 0.735196875 0.9479859375 0.7944078125 0.9551812500000001 0.815240625 0.956825 0.82620625 0.96114375 0.83771875 0.96114375 0.8421046875 0.965665625 0.864309375 0.9671046875 0.8963812499999999 0.9705999999999999 0.9155703125000001 0.9777953125 0.9407890625 0.9777953125 0.9514796875 0.9790296875 0.9618968750000001 0.9777953125 0.96655625 0.979440625 0.9703953125 0.9792359375 0.9745062499999999 0.981290625 0.9819078125 0.9817015625 0.9956140625 0.9823187499999999 0.997259375 0.9837578125 0.9975328125 0.98828125 0.9967109375 0.9940374999999999 0.9975328125 0.99979375 0.9964359375 0.99979375 0.8042765624999999 0.99609375 0.8050984375000001 0.993215625 0.81030625 0.9921875 0.81853125 0.9909546875 0.82209375 0.9868421875 0.8193531249999999 0.987253125 0.8182562499999999 0.9858140625 0.81441875 0.9860203125 0.81030625 0.985196875 0.8070171875 0.9862249999999999 0.8026312499999999 0.985196875 0.79879375 0.9860203125 0.7952296875 0.9856078125 0.7902953125 0.987459375 0.78728125 0.9901312499999999 0.7768640625 0.991159375 0.7680921875 0.9901312499999999 0.7631578125 0.9909546875 0.75959375 0.989309375 0.7565796875 0.9907484375 0.7516453125 0.9888984375 0.75 0.9884875 0.7483546875 0.9907484375 0.74396875 0.9897203125 0.7415015625 0.9907484375 0.7327296875 0.9899265625 0.7269734375 0.9905421875 0.7201203125 0.9921875 0.71683125 0.9899265625 0.7102515625 0.9899265625 0.7033984375 0.993215625 0.70093125 0.9905421875 0.69736875 0.991365625 0.69325625 0.9899265625 0.6849421875 0.9903375000000001 0.680646875 0.99198125 0.67790625 0.99198125 0.6735203125 0.995065625 0.66968125 0.993215625 0.6663921875 0.9948609375 0.66200625 0.9940374999999999 0.65816875 0.996915625 0.653234375 0.99979375 0.6521375 0.99979375 0.457784375 0.9895140625 0.456140625 0.9862249999999999 0.45285156249999997 0.9823187499999999 0.4438046875 0.9769734375000001 0.44188593750000005 0.975740625 0.4388703125 0.985403125 0.3804828125 0.9827296875 0.3645828125 0.9802625 0.3618421875 0.9765625 0.35279531249999996 0.9662828125 0.340734375 0.9543578125 0.3396375 0.9488078124999999 0.3412828125 0.9354437499999999 0.3423796875 0.9303046875 0.3453953125 0.9276312499999999 0.34978125000000004 0.924753125 0.36540625000000004 0.9245484375 0.372259375 0.9274265625 0.3802078125 0.928659375 0.39254375 0.9313328125 0.4076203125 0.9311265625 0.41200625 0.9360609375 0.4177625 0.936678125 0.41968125 0.936678125 0.42763125 0.938321875 0.43146874999999996 0.9399671875 0.44078906250000005 0.9391453125 0.44736875 0.9350328125 0.45751093750000005 0.9331828124999999 0.459978125 0.92948125 0.46271874999999996 0.9274265625 0.46655625 0.9237249999999999 0.467653125 0.9192015625 0.47066875 0.918175 0.4728625 0.910978125 0.47834374999999996 0.9105671875000001 0.4802625 0.9041937499999999 0.48629375 0.9029609375 0.49040625000000004 0.9002874999999999 0.4917765625 0.895559375 0.5002734375 0.8891859375 0.5222046875 0.885896875 0.5552359375 0.8846624999999999 0.5600328125 0.8844578125 0.639528125 0.8900078125 0.66200625 0.89864375 0.68969375 0.899465625 0.700384375 0.9035765625 0.714090625 0.9035765625 0.71655625 0.9076890625 0.73218125 0.9080999999999999 0.733278125 0.9103625 0.7338265625 0.914884375 0.737390625
1 0.5875828125 0.336075 0.59169375 0.3297703125 0.5943671875 0.3218203125 0.5972453125 0.317434375 0.6034125 0.30290625000000004 0.6118421875 0.2905703125 0.6157484375 0.2883765625 0.6225328125 0.28125 0.6272609375 0.27933125 0.63260625 0.27467031249999996 0.6496703125 0.2691890625 0.6626234375 0.2697375 0.6772203125 0.2741234375 0.684415625 0.27933125 0.6897609375 0.2817984375 0.6975734375 0.29111875 0.70106875 0.30263125 0.7053859375 0.304825 0.707853125 0.3209984375 0.7076484375 0.32593125 0.70888125 0.3297703125 0.711965625 0.33031875 0.7125828125 0.33388125 0.7144328125 0.33388125 0.71669375 0.3322375 0.71854375 0.3188046875 0.7220390625 0.30263125 0.721628125 0.29084374999999996 0.7201890625 0.28316875 0.7160765625 0.2749453125 0.7103890625 0.26599062500000004 0.70106875 0.254934375 0.6848265625 0.24396874999999998 0.67763125 0.2417765625 0.666940625 0.2360203125 0.64453125 0.22779531249999999 0.6350734375 0.2269734375 0.62685 0.229440625 0.6081421875 0.2395828125 0.60361875 0.2436953125 0.600740625 0.24780625 0.5943671875 0.2513703125 0.58573125 0.25959374999999996 0.5795640625 0.2689140625 0.5768921875 0.27521874999999996 0.5709296875 0.29906875 0.567228125 0.3209984375 0.5670234375 0.34375 0.56825625 0.3656796875 0.569490625 0.3686953125 0.5696953125 0.37308125 0.5721625 0.37691875 0.57421875 0.37308125 0.57421875 0.35718125 0.5758640625 0.3522484375 0.5859375 0.341009375 0.5875828125 0.336075
3 0.5740125 0.4230625 0.576275 0.4410640625 0.5746296875 0.45093125 0.576275 0.4544953125 0.5775078125 0.46436406249999995 0.577303125 0.47423281250000004 0.5787421875 0.47944062499999995 0.5795640625 0.49342031249999996 0.579153125 0.4983546875 0.579975 0.5016453125 0.579153125 0.51343125 0.578125 0.516721875 0.545846875 0.55290625 0.5446140625 0.5520828125 0.5386515625 0.55646875 0.5326890625 0.5707234375 0.5296046875 0.573465625 0.528165625 0.5764796875 0.530221875 0.5805921875 0.5287828125 0.5819625 0.528371875 0.58388125 0.52919375 0.586075 0.53104375 0.5874453125 0.5331 0.59978125 0.5581828125 0.690240625 0.5561265625 0.7006578125 0.5569484375 0.7044953125 0.5563328125 0.7083328125 0.5565375 0.723409375 0.5581828125 0.74013125 0.5602390625 0.75191875 0.5629109375 0.78728125 0.5639390625 0.7905703125 0.56435 0.8031796874999999 0.5670234375 0.8240125 0.5690796875 0.87719375 0.5748359375 0.9078953125 0.57606875 0.918859375 0.5777140625 0.9588812499999999 0.578946875 0.9646375 0.578125 0.9745062499999999 0.5793578125 0.983278125 0.5795640625 0.9953406250000001 0.5803859375 0.9964359375 0.5949828125 0.9975328125 0.6071140625 0.9967109375 0.642475 0.9975328125 0.668996875 0.9964359375 0.874178125 0.997259375 0.8764390625 0.9997265625 0.8776734375 0.997259375 0.8807562499999999 0.995065625 0.8846624999999999 0.9953406250000001 0.8852796875 0.99396875 0.8846624999999999 0.9928734374999999 0.881990625 0.9923249999999999 0.8795234375 0.9901312499999999 0.8791125 0.9857453125 0.8764390625 0.98218125 0.875821875 0.97066875 0.8735609375 0.96655625 0.8717109375 0.95504375 0.8731500000000001 0.95120625 0.8729437499999999 0.9413375 0.868215625 0.9427078124999999 0.8678046875 0.9391453125 0.8610203125 0.9213265625 0.858553125 0.90844375 0.8532078125 0.8969296874999999 0.852384375 0.8930921875 0.854440625 0.8889796875 0.8573187499999999 0.8903515625 0.8581421875 0.88870625 0.8571140625 0.8804828125 0.85916875 0.87719375 0.864103125 0.8752734375 0.8754109375000001 0.8744515625 0.8805515625 0.8711625 0.8980265624999999 0.8651312499999999 0.9002874999999999 0.862115625 0.9041937499999999 0.8618421875 0.9080999999999999 0.8596484375 0.91796875 0.8495062499999999 0.9204359375 0.84566875 0.9239312500000001 0.8338812499999999 0.9235203125 0.8215453125 0.9243421875 0.8182562499999999 0.922696875 0.8059203125 0.9233140625 0.799615625 0.9251640625 0.79468125 0.9261921875000001 0.7867328125 0.9253703124999999 0.78316875 0.9224921875 0.778234375 0.9204359375 0.764803125 0.9204359375 0.7590453125 0.9185859375 0.75191875 0.9165296875 0.75 0.9120062499999999 0.7483546875 0.9103625 0.7447921875 0.9080999999999999 0.743146875 0.907071875 0.7360203125 0.9044000000000001 0.7305375 0.90234375 0.72094375 0.8980265624999999 0.716009375 0.8978203125 0.708059375 0.8959703125 0.6979171875 0.8918578125 0.688596875 0.891653125 0.68146875 0.889803125 0.66968125 0.886925 0.65816875 0.883840625 0.6518640625 0.881990625 0.6441890625 0.8715046875000001 0.61513125 0.8647203125 0.6000546875 0.8495062499999999 0.5600328125 0.844778125 0.5520828125 0.8419000000000001 0.5493421875 0.8416937499999999 0.54468125 0.8377874999999999 0.5375546875 0.8338812499999999 0.5317984375 0.8301812500000001 0.5298796875 0.827303125 0.52138125 0.8221624999999999 0.5158984375 0.8186671875 0.514528125 0.8106500000000001 0.514528125 0.8067437500000001 0.5131578125 0.7983140625 0.515625 0.796053125 0.512609375 0.795025 0.5093203125 0.791940625 0.5054828125 0.7868015625 0.5016453125 0.77755 0.5 0.77364375 0.49780625 0.7643921875 0.496984375 0.7611015625 0.49424375 0.7446546875 0.48821250000000005 0.741365625 0.48163437499999995 0.735196875 0.47450625 0.7288234375 0.45860781250000004 0.7269734375 0.45120625 0.72676875 0.44709374999999996 0.7249171875 0.44325625 0.7228625 0.42735781250000004 0.7183390625 0.40433125 0.7181328125 0.3919953125 0.719571875 0.3834984375 0.717928125 0.37308125 0.71854375 0.3648578125 0.7173109375 0.3610203125 0.7193671875 0.3492328125 0.71669375 0.3374453125 0.7175171875 0.32593125 0.7162828125 0.3218203125 0.7183390625 0.3177078125 0.71875 0.31469375 0.7199828125 0.288103125 0.713815625 0.273575 0.706825 0.2631578125 0.6996296875 0.25575625 0.688321875 0.2494515625 0.68544375 0.2461625 0.6811265625 0.24396874999999998 0.65645625 0.23464843750000003 0.653371875 0.23218125 0.6428859375 0.22834374999999998 0.6346625 0.22834374999999998 0.62294375 0.23245624999999998 0.607525 0.24150156250000002 0.6015625 0.24808124999999998 0.5951890625 0.25219375 0.5910765625 0.2571265625 0.58799375 0.25904531249999996 0.581825 0.26754375 0.5766859375 0.27933125 0.574425 0.292215625 0.571134375 0.3023578125 0.5709296875 0.30646874999999996 0.5684625 0.3149671875 0.5676390625 0.34402343750000003 0.56825625 0.354715625 0.5699015625 0.3607453125 0.569490625 0.36540625000000004 0.5717515625 0.3766453125 0.5696953125 0.389528125 0.5703125 0.39638125 0.573190625 0.405428125 0.575040625 0.41529531249999996 0.5740125 0.4230625
3 0.48930937500000005 0.518365625 0.4878703125 0.5241234375 0.4866359375 0.52521875 0.48766406250000005 0.5268640625 0.4903375 0.5276859375 0.49115937499999995 0.5328953125 0.49280468749999995 0.53700625 0.5037 0.5430375 0.513775 0.55674375 0.5143921875 0.55646875 0.5143921875 0.54906875 0.5180921875 0.547971875 0.5199421875 0.5455046875 0.5199421875 0.5424890625 0.5182984375 0.5375546875 0.518709375 0.5364578125 0.522409375 0.5353625 0.52755 0.538925 0.52919375 0.5416671875 0.53125 0.5392 0.5353625 0.53700625 0.53700625 0.5337171875 0.535978125 0.5298796875 0.5365953125 0.5260421875 0.5394734375 0.52138125 0.5409125 0.5158984375 0.5409125 0.504934375 0.539884375 0.50191875 0.5374171875 0.4994515625 0.534128125 0.49808125 0.5306328125 0.4917765625 0.52919375 0.48464843750000003 0.5234375 0.467928125 0.522409375 0.46271874999999996 0.5182984375 0.4544953125 0.52138125 0.4479171875 0.52323125 0.4361296875 0.5267265625 0.42763125 0.526315625 0.4243421875 0.5298109375 0.41968125 0.530221875 0.41584374999999996 0.52755 0.410909375 0.5170640625 0.40350937499999995 0.5143921875 0.40021874999999996 0.5055515625 0.3988484375 0.4995890625 0.40350937499999995 0.4977390625 0.40625 0.49115937499999995 0.422971875 0.4940375 0.43146874999999996 0.49732656249999996 0.4375 0.49794375 0.44243437500000005 0.4958875 0.44654531249999996 0.49321562500000005 0.45586562500000005 0.486225 0.46271874999999996 0.48828125 0.4701203125 0.4905421875 0.4879390625 0.48889843749999995 0.5112390625 0.48930937500000005 0.518365625
1 0.25575625 0.35964843750000003 0.2596625 0.359375 0.2613078125 0.35745625 0.2623359375 0.35361875 0.264803125 0.34950625 0.2623359375 0.3421046875 0.2613078125 0.33031875 0.258840625 0.32593125 0.258634375 0.323465625 0.25986875 0.317434375 0.26356875 0.3163375 0.267475 0.319353125 0.2738484375 0.3218203125 0.27549375 0.325384375 0.2794 0.32620625 0.2896796875 0.33415625000000004 0.29481875 0.3358 0.30448125 0.342653125 0.326275 0.3538921875 0.3287421875 0.3569078125 0.335115625 0.3607453125 0.3414890625 0.3667765625 0.344778125 0.3733546875 0.3499171875 0.37719375 0.3519734375 0.38075625 0.355675 0.38295 0.36060781249999996 0.389803125 0.38795156249999996 0.4076203125 0.39638125 0.4147484375 0.40357656249999996 0.41748906249999995 0.4159125 0.4183109375 0.4202296875 0.41995625 0.4243421875 0.4270828125 0.42578125 0.43146874999999996 0.42516406250000005 0.4358546875 0.4274265625 0.4380484375 0.4319484375 0.4380484375 0.43626718750000004 0.43941875 0.4379109375 0.454221875 0.43770625 0.45860781250000004 0.43852812500000005 0.45970468750000004 0.4434625 0.45915625000000004 0.4488078125 0.45120625 0.4490125 0.43941875 0.4471625 0.43722656249999997 0.4438734375 0.43558125 0.44325625 0.42735781250000004 0.44037812499999995 0.426534375 0.43852812500000005 0.41200625 0.4389390625 0.4076203125 0.4453125 0.4046046875 0.446134375 0.40076718749999996 0.44510625 0.385965625 0.44551875 0.37308125 0.4438734375 0.3522484375 0.44551875 0.33771874999999996 0.44325625 0.331140625 0.4471625 0.3240125 0.4488078125 0.31277343750000003 0.4471625 0.3012609375 0.44592968749999995 0.2826203125 0.4379109375 0.2593203125 0.428865625 0.24396874999999998 0.4196140625 0.23218125 0.40501718750000004 0.21683124999999998 0.39638125 0.2094296875 0.3735609375 0.1968203125 0.3392265625 0.18530625 0.3334703125 0.18530625 0.326275 0.1918859375 0.3168171875 0.20559218750000002 0.3069484375 0.21655625 0.3001640625 0.2261515625 0.2909125 0.23410156249999997 0.2750828125 0.2541125 0.2559625 0.25959374999999996 0.2524671875 0.2623359375 0.235403125 0.26754375 0.23046875 0.270559375 0.2210109375 0.2730265625 0.21628281249999998 0.27220468750000004 0.20518125 0.27521874999999996 0.203125 0.280428125 0.20291874999999998 0.28344375 0.204975 0.2916671875 0.209909375 0.3031796875 0.21463749999999998 0.31030625 0.23046875 0.327303125 0.23910312500000003 0.34183125 0.2440375 0.34566875 0.24691562500000003 0.3453953125 0.25185 0.35745625 0.25575625 0.35964843750000003
3 0.21402187499999997 0.30290625000000004 0.21628281249999998 0.3007125 0.21731093750000002 0.301809375 0.21875 0.30592031249999996 0.2183390625 0.31030625 0.22080625 0.3138703125 0.22286250000000002 0.31469375 0.22347812500000003 0.31825625 0.23416874999999998 0.3294953125 0.236225 0.3358 0.23848750000000002 0.33799375 0.23951406249999999 0.34155625 0.2440375 0.3432015625 0.25 0.3432015625 0.250821875 0.3451203125 0.2506171875 0.34978125000000004 0.25185 0.3555375 0.2553453125 0.3580046875 0.25575625 0.364034375 0.24856093750000002 0.37691875 0.24588749999999998 0.38459374999999996 0.24691562500000003 0.38870625 0.2440375 0.391721875 0.2440375 0.39281875 0.2483546875 0.3980265625 0.25 0.40405625 0.2522609375 0.4067984375 0.253084375 0.41118437500000005 0.252878125 0.4166671875 0.25185 0.41913437499999995 0.2514390625 0.4281796875 0.25185 0.4300984375 0.25390625 0.43201718749999996 0.25513906249999996 0.43530625 0.25801875 0.4391453125 0.25801875 0.44709374999999996 0.258840625 0.4506578125 0.2578125 0.45504375 0.26295156249999996 0.46271874999999996 0.2621296875 0.47304531250000004 0.26439218750000004 0.48218125 0.2672703125 0.4849234375 0.270559375 0.484375 0.27323125 0.4860203125 0.2740546875 0.48985781250000004 0.2752875 0.491228125 0.27919375 0.491228125 0.28001718750000004 0.49451718749999996 0.278165625 0.49780625 0.28145625 0.4986296875 0.2798109375 0.523575 0.2771375 0.52549375 0.2759046875 0.5296046875 0.270559375 0.5326203125 0.2633640625 0.52933125 0.261925 0.5317984375 0.254934375 0.53316875 0.2553453125 0.5350875 0.2534953125 0.5378296875 0.2477390625 0.5383765625 0.2417765625 0.5413921875 0.24095468750000001 0.5463265625 0.2388984375 0.54879375 0.23951406249999999 0.5520828125 0.23848750000000002 0.553728125 0.236225 0.5550984375 0.23170156249999999 0.5550984375 0.227590625 0.5572921875 0.2243015625 0.55646875 0.225534375 0.5581140625 0.2261515625 0.561403125 0.221628125 0.567434375 0.2206 0.5660640625 0.21669375 0.5688046875 0.21484375 0.5745609375 0.2127875 0.57593125 0.21217031249999999 0.579221875 0.20888125 0.5833328125 0.2074421875 0.58771875 0.20847031249999998 0.5940234375 0.204975 0.6011515625 0.20333125000000002 0.60718125 0.204975 0.612390625 0.2027140625 0.61513125 0.2027140625 0.641721875 0.20106875 0.6422703125 0.2008640625 0.64665625 0.19901249999999998 0.6499453125 0.19921875 0.655428125 0.1975734375 0.6674890625 0.1965453125 0.6694078125 0.1940796875 0.7203953125 0.19325625 0.7223140625 0.19325625 0.73245625 0.192228125 0.735196875 0.19119999999999998 0.745065625 0.18935 0.7486296875 0.1879109375 0.7554828125 0.188321875 0.7582234375 0.1850328125 0.7798796875 0.1815375 0.78316875 0.17948124999999998 0.78700625 0.1821546875 0.7902953125 0.18174375 0.7927625 0.1784546875 0.79879375 0.1772203125 0.8061953125000001 0.17763125 0.8083875 0.1796875 0.8108546875 0.182565625 0.8125 0.1811265625 0.815515625 0.173725 0.8188046874999999 0.171875 0.8218203125000001 0.1731078125 0.8283984375 0.1778375 0.8316890625 0.1782484375 0.833059375 0.17578125 0.8358000000000001 0.1751640625 0.841009375 0.172903125 0.8442984375 0.16981875 0.841009375 0.167146875 0.8451203125 0.1663234375 0.8492328125 0.1667359375 0.8538921875 0.1655015625 0.85718125 0.1659125 0.8599234375 0.16426875000000002 0.8695171875 0.1613890625 0.87691875 0.16200625 0.8807562499999999 0.1634453125 0.87691875 0.1657078125 0.875821875 0.1692015625 0.8766453125 0.1778375 0.89254375 0.17578125 0.8963812499999999 0.1784546875 0.8963812499999999 0.18174375 0.9010421875000001 0.17948124999999998 0.9155703125000001 0.1815375 0.9216015625 0.1796875 0.92379375 0.1782484375 0.9303734374999999 0.1761921875 0.9336625 0.1743421875 0.934759375 0.1692015625 0.936678125 0.1657078125 0.93530625 0.166940625 0.9380484375 0.1655015625 0.9432562499999999 0.1626234375 0.94709375 0.1636515625 0.952303125 0.16611875 0.954221875 0.166940625 0.9583328124999999 0.1659125 0.9588812499999999 0.1646796875 0.9618968750000001 0.164884375 0.96655625 0.1659125 0.967653125 0.167146875 0.96655625 0.1673515625 0.9621703125 0.1683796875 0.9599781249999999 0.171053125 0.9610749999999999 0.1733140625 0.969846875 0.17763125 0.96875 0.1800984375 0.9720390625 0.18359375 0.9739578124999999 0.18174375 0.979440625 0.180715625 0.9799890625 0.180715625 0.9827296875 0.1848265625 0.99040625 0.1930515625 0.9882125 0.1940796875 0.98629375 0.1930515625 0.9819078125 0.19510624999999998 0.9786187500000001 0.1946953125 0.9712171875 0.19140625 0.9690234375 0.1881171875 0.9640906250000001 0.186678125 0.9597046875 0.18770625000000002 0.95504375 0.1868828125 0.95093125 0.18935 0.9487390625 0.1936671875 0.9487390625 0.1953125 0.9476421875 0.194284375 0.9429828125 0.1967515625 0.9350328125 0.19942500000000002 0.936678125 0.20456406249999998 0.93558125 0.2092921875 0.9273578125 0.20970468750000001 0.9232453125 0.21402187499999997 0.9213265625 0.215871875 0.9183109375 0.2191609375 0.916940625 0.2206 0.9150218750000001 0.22738437500000003 0.9139250000000001 0.22861875 0.9120062499999999 0.2265625 0.90816875 0.2282078125 0.90625 0.23643125 0.90405625 0.2399265625 0.9078953125 0.2421875 0.9131031249999999 0.24424375 0.9139250000000001 0.2454765625 0.91968125 0.24917812499999997 0.9235203125 0.2483546875 0.92790625 0.24979374999999998 0.936678125 0.2532890625 0.93969375 0.2541125 0.9432562499999999 0.25986875 0.9465453125 0.26295156249999996 0.9514796875 0.266446875 0.9544953125 0.265625 0.9588812499999999 0.268503125 0.96271875 0.2697375 0.971765625 0.27138125 0.97478125 0.264803125 0.9860203125 0.26356875 0.985471875 0.262746875 0.9868421875 0.26356875 0.9901312499999999 0.26768125 0.9906796874999999 0.2678859375 0.99396875 0.2699421875 0.995065625 0.2748765625 0.9964359375 0.3328078125 0.9956140625 0.3377875 0.9967109375 0.358346875 0.9958875 0.361225 0.996984375 0.3930921875 0.996984375 0.397615625 0.9961625 0.4002875 0.996984375 0.42084687499999995 0.9961625 0.4243421875 0.996984375 0.4613484375 0.9967109375 0.47450625 0.9942437500000001 0.47635625 0.9898578125 0.4829359375 0.9882125 0.48499218749999995 0.98656875 0.48951406249999996 0.70504375 0.48828125 0.702303125 0.48828125 0.6929828125 0.49013125 0.68969375 0.4905421875 0.653234375 0.49115937499999995 0.65021875 0.49013125 0.6408984375 0.48334687499999995 0.6362390625 0.48375781250000005 0.633771875 0.48231875 0.63103125 0.48458125 0.6285640625 0.4858140625 0.6244515625 0.49013125 0.624178125 0.48314218750000004 0.592928125 0.4839640625 0.5819625 0.48314218750000004 0.575384375 0.48416875 0.5641453125 0.4827296875 0.5625 0.46587187500000005 0.5638703125 0.46299375 0.538925 0.4673109375 0.53316875 0.4613484375 0.5296046875 0.460115625 0.52521875 0.45888125 0.5241234375 0.45435781249999996 0.5241234375 0.452303125 0.52138125 0.45189218750000004 0.51781875 0.45106875 0.5169953125 0.4477796875 0.5169953125 0.44037812499999995 0.514528125 0.43955625 0.5139796875 0.43935 0.50986875 0.43565 0.507675 0.4313328125 0.50986875 0.42763125 0.504659375 0.42393125 0.5038375 0.421053125 0.500821875 0.414884375 0.4986296875 0.4103625 0.49561406249999995 0.4058390625 0.49040625000000004 0.4019328125 0.4838265625 0.399259375 0.48218125 0.3988484375 0.47834374999999996 0.3961765625 0.47066875 0.40049375 0.46683125 0.4039890625 0.46655625 0.4078953125 0.45531875 0.41200625 0.454221875 0.4155015625 0.44764218749999996 0.42290312500000005 0.4388703125 0.43626718750000004 0.4361296875 0.43852812500000005 0.4205046875 0.438321875 0.4067984375 0.43955625 0.40433125 0.4430515625 0.40241249999999995 0.44428437499999995 0.39967031249999996 0.444490625 0.39254375 0.4434625 0.3900765625 0.4418171875 0.3889796875 0.44407968750000004 0.38103125000000004 0.4438734375 0.3766453125 0.4430515625 0.37472656249999997 0.44037812499999995 0.3733546875 0.44140625 0.370340625 0.4430515625 0.36896874999999996 0.4430515625 0.362115625 0.440584375 0.35334374999999996 0.43770625 0.34978125000000004 0.4375 0.3421046875 0.43873281249999996 0.33150625 0.44325625 0.329221875 0.44654531249999996 0.3218203125 0.44736875 0.31825625 0.4475734375 0.309759375 0.4453125 0.28316875 0.4428453125 0.27933125 0.4375 0.25986875 0.4282484375 0.24396874999999998 0.42454843750000004 0.2406796875 0.42208125 0.2360203125 0.41673593750000004 0.2310859375 0.4126234375 0.225603125 0.4078953125 0.2225875 0.407071875 0.2203953125 0.3967921875 0.2105265625 0.3756171875 0.19956093749999998 0.3725328125 0.19709375 0.3375828125 0.1861296875 0.3336765625 0.1869515625 0.32606875 0.19325625 0.3092109375 0.21628281249999998 0.3001640625 0.2269734375 0.28700625 0.2395828125 0.2767265625 0.2541125 0.274259375 0.25575625 0.2596625 0.25959374999999996 0.2541125 0.2631578125 0.23910312500000003 0.2672703125 0.235403125 0.2691890625 0.2337578125 0.2719296875 0.229715625 0.2738484375 0.2203953125 0.27521874999999996 0.2164890625 0.273575 0.2127875 0.27521874999999996 0.2086765625 0.27521874999999996 0.2105265625 0.2776859375 0.2090875 0.2828953125 0.209909375 0.286184375 0.20949843750000002 0.29495625 0.2142265625 0.2985203125 0.2142265625 0.299890625 0.2127875 0.3007125 0.21217031249999999 0.30263125 0.2127875 0.30345468750000004 0.21402187499999997 0.30290625000000004
3 0.1451484375 0.635690625 0.147409375 0.6365125 0.149465625 0.639528125 0.1544 0.639803125 0.1550171875 0.6389796875 0.1576890625 0.6422703125 0.1566609375 0.647478125 0.1581 0.649396875 0.1581 0.651590625 0.15604374999999998 0.6521375 0.1537828125 0.6548796875 0.151315625 0.65816875 0.1502875 0.6614578125 0.151315625 0.665021875 0.14823124999999998 0.67379375 0.14823124999999998 0.678728125 0.1502875 0.6839359375 0.1461765625 0.68941875 0.1478203125 0.694353125 0.1459703125 0.69736875 0.1480265625 0.6995609375 0.149259375 0.7055921875 0.14864375000000002 0.70915625 0.1502875 0.7113484375 0.1502875 0.7146375 0.1490546875 0.71655625 0.15234375 0.7223140625 0.155221875 0.723409375 0.155221875 0.726425 0.1535765625 0.7272484375 0.153165625 0.72861875 0.155428125 0.7305375 0.15625 0.734375 0.1597453125 0.735196875 0.16385624999999998 0.739309375 0.1636515625 0.741228125 0.160978125 0.7425984375 0.16015625 0.74424375 0.160978125 0.745340625 0.1636515625 0.7456140625 0.1657078125 0.749178125 0.1655015625 0.7623359375 0.1644734375 0.76343125 0.1652953125 0.7697375 0.1644734375 0.7719296875 0.1675578125 0.7746703125 0.1673515625 0.776590625 0.1646796875 0.77905625 0.1667359375 0.7815234375 0.166940625 0.7837171875 0.1634453125 0.7856359375 0.163034375 0.78728125 0.1605671875 0.7894734375 0.159128125 0.7944078125 0.1581 0.794134375 0.1556328125 0.80646875 0.15625 0.81058125 0.15419375 0.8138703125 0.1576890625 0.8234656250000001 0.15830625 0.8294953125 0.1607734375 0.8275765625 0.16426875000000002 0.8212718750000001 0.17208125000000002 0.81441875 0.1724921875 0.8100328125 0.1745484375 0.8031796874999999 0.173725 0.796875 0.1724921875 0.79495625 0.1731078125 0.7916671875 0.1782484375 0.78125 0.180715625 0.77905625 0.1840046875 0.77138125 0.1840046875 0.766446875 0.1891453125 0.7310859375 0.1887328125 0.7242328125 0.190584375 0.70915625 0.19161250000000002 0.6836625 0.232525 0.4671046875 0.23231875 0.4605265625 0.2288234375 0.4495609375 0.23067500000000002 0.4388703125 0.22964687499999997 0.4358546875 0.22902968750000002 0.41529531249999996 0.2271796875 0.40816875 0.231496875 0.40405625 0.23231875 0.40021874999999996 0.22964687499999997 0.3961078125 0.225534375 0.393640625 0.215871875 0.383771875 0.2086765625 0.3804828125 0.202096875 0.3788375 0.19119999999999998 0.379934375 0.18174375 0.3865125 0.1770140625 0.39254375 0.173725 0.40076718749999996 0.1712578125 0.4194078125 0.170846875 0.43421093749999995 0.171875 0.44353125000000004 0.1743421875 0.44709374999999996 0.1743421875 0.4555921875 0.172696875 0.46655625 0.1735203125 0.47368437500000005 0.1657078125 0.4975328125 0.1628296875 0.4994515625 0.1578953125 0.5005484375 0.1566609375 0.50219375 0.1548109375 0.51370625 0.15625 0.52165625 0.1587171875 0.5238484375 0.1558390625 0.532346875 0.1502875 0.532346875 0.149259375 0.53316875 0.14864375000000002 0.5364578125 0.1502875 0.5386515625 0.1529609375 0.538925 0.15604374999999998 0.5444078125 0.1529609375 0.546875 0.15049375 0.5474234375 0.14864375000000002 0.5512609375 0.1488484375 0.58388125 0.1537828125 0.5893640625 0.15255000000000002 0.5923796875 0.1500828125 0.591009375 0.14864375000000002 0.592928125 0.14432499999999998 0.594846875 0.1420640625 0.5992328125 0.14473750000000002 0.60361875 0.1439140625 0.606359375 0.142475 0.6060859375 0.1420640625 0.608278125 0.1418578125 0.61540625 0.1432984375 0.61705 0.1422703125 0.62280625 0.1422703125 0.6324015625 0.1441203125 0.6334984375 0.1451484375 0.635690625
2 0.532071875 0.424890625 0.53330625 0.4205046875 0.5331 0.415021875 0.52919375 0.4048796875 0.52323125 0.4046046875 0.5139796875 0.3991234375 0.5100734375 0.3980265625 0.5041125 0.398575 0.4975328125 0.40405625 0.4925984375 0.41639218749999996 0.4917765625 0.41968125 0.4936265625 0.4270828125 0.496915625 0.4281796875 0.500821875 0.42626093750000005 0.508840625 0.4290015625 0.5131578125 0.4270828125 0.520353125 0.42680937500000005 0.5252875 0.4303734375 0.52919375 0.429825 0.532071875 0.424890625
2 0 0.489034375 0.0065796875000000005 0.4925984375 0.0121296875 0.49725937499999995 0.015831249999999998 0.50191875 0.021381249999999997 0.5117875 0.024876562499999998 0.5104171875 0.02919375 0.5035640625 0.033100000000000004 0.5 0.0357734375 0.504659375 0.0378296875 0.5131578125 0.040912500000000004 0.520559375 0.044818750000000004 0.518365625 0.0472859375 0.50986875 0.047696875 0.4983546875 0.0433796875 0.48629375 0.035362500000000005 0.47423281250000004 0.028989062500000003 0.4692984375 0.020148437499999998 0.46875 0.017474999999999997 0.467653125 0.010279687499999999 0.4692984375 0.006784375 0.471765625 0.0018499999999999999 0.47779531249999996 0 0.47779531249999996 0 0.489034375
2 0.21669375 0.4290015625 0.2183390625 0.42516406250000005 0.22080625 0.42406875 0.22244999999999998 0.4205046875 0.22450625 0.41968125 0.223684375 0.41694062499999995 0.223684375 0.41118437500000005 0.22450625 0.41008750000000005 0.23231875 0.41228125000000004 0.233346875 0.41063593750000005 0.23458125000000002 0.4037828125 0.23355312499999997 0.398575 0.2321140625 0.3961078125 0.225534375 0.391721875 0.21669375 0.3834984375 0.20559218750000002 0.3782890625 0.198190625 0.377740625 0.1918171875 0.3788375 0.17989375000000002 0.3873359375 0.176603125 0.391446875 0.1743421875 0.3961078125 0.171875 0.407346875 0.171053125 0.4155703125 0.1714640625 0.42763125 0.1735203125 0.4311953125 0.172903125 0.4358546875 0.1741359375 0.43777343750000003 0.19325625 0.434484375 0.1998359375 0.42626093750000005 0.20456406249999998 0.42461562500000005 0.20888125 0.42790625000000004 0.21669375 0.4290015625
3 0 0.8747265625 0.003084375 0.8766453125 0.00390625 0.8840453125 0.0032890625 0.8983000000000001 0.006784375 0.9311953125000001 0.00760625 0.9517546875 0.008840625000000001 0.9572375 0.0084296875 0.9613484375000001 0.0051390625 0.9701203125 0.0036999999999999997 0.9945171875 0.0041125 0.9997265625 0.026110937499999997 0.9997265625 0.026110937499999997 0.99808125 0.028576562500000003 0.9942437500000001 0.028576562500000003 0.9860203125 0.026932812499999997 0.9753296875 0.044818750000000004 0.9753296875 0.0464640625 0.98245625 0.051809375000000005 0.9901312499999999 0.059621875000000005 0.9928734374999999 0.07236875000000001 0.9909546875 0.0775078125 0.9879390625 0.078946875 0.985471875 0.07833124999999999 0.9777953125 0.07606874999999999 0.9731359375 0.07051874999999999 0.966009375 0.0678453125 0.9583328124999999 0.069490625 0.953946875 0.0717515625 0.9427078124999999 0.0729859375 0.9235203125 0.07606874999999999 0.90816875 0.0766859375 0.89281875 0.078946875 0.8766453125 0.079153125 0.85745625 0.07997499999999999 0.8538921875 0.0793578125 0.8470390625 0.07997499999999999 0.8189140625 0.0814140625 0.7963265625 0.081209375 0.75959375 0.0816203125 0.75603125 0.0834703125 0.75191875 0.0826484375 0.747259375 0.083059375 0.73629375 0.079153125 0.731634375 0.0746296875 0.72066875 0.0727796875 0.70093125 0.0709296875 0.6976421875 0.07236875000000001 0.6938046875 0.0715453125 0.68530625 0.0690796875 0.6773578125 0.06825624999999999 0.668859375 0.0651734375 0.6642 0.0631171875 0.6565234375 0.06167812499999999 0.655153125 0.0651734375 0.6000546875 0.0668171875 0.59566875 0.06825624999999999 0.58771875 0.07010625000000001 0.58388125 0.07051874999999999 0.5797703125 0.07236875000000001 0.5764796875 0.0736015625 0.5641453125 0.071134375 0.561403125 0.0703125 0.55646875 0.06825624999999999 0.5523578125 0.05674375 0.542215625 0.050575 0.538925 0.048931249999999996 0.536184375 0.047903125000000005 0.5364578125 0.040912500000000004 0.5227515625 0.0415296875 0.51343125 0.038856249999999995 0.5117875 0.0378296875 0.5084984375 0.0386515625 0.506853125 0.0415296875 0.50575625 0.044818750000000004 0.50219375 0.0456421875 0.4975328125 0.044818750000000004 0.4936953125 0.0407078125 0.487390625 0.032071875 0.479715625 0.0316609375 0.47450625 0.02919375 0.47258750000000005 0.017064062499999998 0.4692984375 0.014803125 0.47066875 0.013775 0.473409375 0.009662500000000001 0.47450625 0.013775 0.4772484375 0.0143921875 0.481359375 0.012746875 0.483553125 0.0022609375 0.48629375 0.003084375 0.48876093750000005 0.001028125 0.491228125 0 0.491228125 0 0.8747265625
3 0.0727796875 0.651315625 0.0709296875 0.65405625 0.0715453125 0.6546046875 0.09745000000000001 0.8451203125 0.09786249999999999 0.8659546875 0.09950624999999999 0.889803125 0.0982734375 0.90021875 0.098684375 0.9059765625 0.09765625 0.918859375 0.0972453125 0.9429828125 0.0951890625 0.9588812499999999 0.09375 0.9808109375 0.094571875 0.9846484375 0.09745000000000001 0.985471875 0.1032078125 0.9838265625 0.1071140625 0.979440625 0.10999218749999999 0.9734093749999999 0.11513124999999999 0.967653125 0.118009375 0.9605265624999999 0.1235609375 0.95120625 0.13260624999999998 0.90816875 0.1315796875 0.8969296874999999 0.1334296875 0.88459375 0.1332234375 0.878015625 0.1350734375 0.8516999999999999 0.1332234375 0.8475875 0.1293171875 0.84594375 0.1578953125 0.49780625 0.1589234375 0.49424375 0.1578953125 0.488578125 0.159334375 0.48218125 0.1578953125 0.4802625 0.1568671875 0.47450625 0.1548109375 0.4692984375 0.1502875 0.46299375 0.1465875 0.461075 0.1381578125 0.461075 0.13301875000000002 0.46271874999999996 0.12294374999999999 0.46902343750000003 0.11236874999999999 0.48181250000000003 0.1071140625 0.49780625 0.10896406249999999 0.4983546875 0.110403125 0.500821875 0.10916875 0.5211078125 0.10731874999999999 0.5238484375 0.09971250000000001 0.5287828125 0.092721875 0.5367328125 0.0859375 0.54084375 0.0842921875 0.5455046875 0.0814140625 0.546875 0.07997499999999999 0.54906875 0.0764796875 0.55646875 0.07627500000000001 0.56441875 0.07401250000000001 0.5819625 0.0707234375 0.5934765625 0.06846250000000001 0.5973140625 0.06661249999999999 0.60334375 0.0657890625 0.61156875 0.06434999999999999 0.6156796875 0.06620000000000001 0.61705 0.0680515625 0.62280625 0.0707234375 0.62719375 0.07010625000000001 0.6304828125 0.0709296875 0.6340453125 0.0707234375 0.6408984375 0.0729859375 0.6469296875 0.0727796875 0.651315625
2 0.1597453125 0.4857453125 0.15994999999999998 0.4819078125 0.1544 0.467928125 0.15049375 0.46271874999999996 0.1465875 0.4605265625 0.1383640625 0.4608 0.131784375 0.46271874999999996 0.125 0.4671046875 0.121915625 0.4703953125 0.114309375 0.48410156249999997 0.110196875 0.49725937499999995 0.10999218749999999 0.5153515625 0.11122499999999999 0.5222046875 0.12109375 0.5222046875 0.13075625 0.524396875 0.1352796875 0.5219296875 0.1418578125 0.50986875 0.14453125 0.5074015625 0.1539890625 0.4936953125 0.1568671875 0.491228125 0.1597453125 0.4857453125
3 0.717928125 0.3843203125 0.717928125 0.39281875 0.71895625 0.405428125 0.721628125 0.413925 0.72450625 0.43475937499999995 0.72450625 0.43941875 0.7269734375 0.44736875 0.7284125 0.45586562500000005 0.731290625 0.4608 0.7327296875 0.4662828125 0.736225 0.4739578125 0.7436265625 0.485196875 0.7477390625 0.48821250000000005 0.7602796875 0.49396874999999996 0.76356875 0.4947921875 0.7680921875 0.49424375 0.7863890625 0.5 0.7886515625 0.4994515625 0.7896796875 0.49780625 0.7894734375 0.4915015625 0.7865953125 0.4728625 0.7863890625 0.46655625 0.7839234375 0.45970468750000004 0.782278125 0.45038437499999995 0.778371875 0.43969375 0.778165625 0.43146874999999996 0.7752875 0.4259875 0.7728203125 0.4235203125 0.7594578125 0.415021875 0.750821875 0.41228125000000004 0.749178125 0.4098140625 0.7477390625 0.40049375 0.7438328125 0.395559375 0.7425984375 0.3911734375 0.74013125 0.3881578125 0.733553125 0.38486875 0.7319078125 0.38157968750000004 0.7329359375 0.3763703125 0.7370484375 0.37308125 0.738075 0.3706140625 0.74013125 0.3706140625 0.7454765625 0.36129375 0.743009375 0.35279531249999996 0.74794375 0.3442984375 0.75390625 0.3188046875 0.7537 0.31441875 0.7516453125 0.30674375 0.747121875 0.2974234375 0.741365625 0.29084374999999996 0.731496875 0.286184375 0.723478125 0.286184375 0.7220390625 0.28700625 0.72245 0.29111875 0.7238890625 0.29495625 0.7183390625 0.32209374999999996 0.71854375 0.32593125 0.7206 0.33004375 0.7212171875 0.35279531249999996 0.7212171875 0.3555375 0.7183390625 0.362115625 0.7201890625 0.36924375 0.7214234375 0.379659375 0.7212171875 0.38103125000000004 0.7191609375 0.3821265625 0.717928125 0.3843203125
2 0.721628125 0.36924375 0.72080625 0.37308125 0.72450625 0.3791125 0.7284125 0.3791125 0.7331421875 0.376096875 0.7347859375 0.37280625 0.7358140625 0.367325 0.738075 0.36513125 0.7376640625 0.364034375 0.739103125 0.362390625 0.74013125 0.3629390625 0.7421875 0.3558109375 0.7526734375 0.3297703125 0.7545234375 0.319353125 0.7545234375 0.3138703125 0.7541125 0.31030625 0.7504109375 0.3012609375 0.7477390625 0.29879375 0.7458875 0.29468125 0.74198125 0.29084374999999996 0.7284125 0.2845390625 0.723684375 0.284265625 0.721628125 0.2867328125 0.72265625 0.292215625 0.7228625 0.3001640625 0.7191609375 0.31825625 0.71895625 0.3237390625 0.7199828125 0.33388125 0.7220390625 0.3432015625 0.721834375 0.35718125 0.723478125 0.3610203125 0.72676875 0.364309375 0.721628125 0.36924375