2 0.6786671875 0.84175 0.6828328124999999 0.84975 0.6855 0.8522500000000001 0.6891671875000001 0.8532500000000001 0.6935 0.853 0.6971671875000001 0.851 0.7005 0.845 0.701 0.84175 0.6990000000000001 0.83825 0.6983328125 0.83475 0.6990000000000001 0.8320000000000001 0.701 0.8300000000000001 0.7031671875 0.8314999999999999 0.7055 0.8355 0.709 0.83625 0.7126671875 0.8397500000000001 0.7173328125 0.84175 0.7215 0.8425 0.7283328124999999 0.841 0.733 0.834 0.7338328125 0.8295 0.7378328125 0.8210000000000001 0.7401671875 0.8130000000000001 0.7406671874999999 0.8022500000000001 0.7423328125 0.79525 0.742 0.79075 0.7405 0.7865 0.7416671874999999 0.782 0.745 0.77675 0.7518328125 0.77825 0.7628328125 0.78275 0.765 0.7887500000000001 0.7665 0.8029999999999999 0.7673328125000001 0.80575 0.7691671875 0.807 0.7693328125 0.8105 0.7715 0.81325 0.772 0.8109999999999999 0.7715 0.807 0.772 0.7925 0.7746671875 0.78575 0.7781671875 0.783 0.775 0.77925 0.7698328125 0.75925 0.7671671875 0.756 0.7648328125 0.7502500000000001 0.7628328125 0.7485 0.7631671875 0.7455 0.7666671875 0.745 0.7686671875 0.74325 0.7688328125 0.73975 0.7681671875 0.7365 0.7575000000000001 0.729 0.7578328125 0.72775 0.7633328125000001 0.725 0.769 0.72475 0.772 0.72275 0.7731671875 0.72075 0.7703328125 0.71925 0.7483328124999999 0.71475 0.7418328125 0.70875 0.7378328125 0.702 0.7346671875 0.69475 0.7325 0.6877500000000001 0.7275 0.67725 0.725 0.6679999999999999 0.7196671875 0.6587500000000001 0.7181671875 0.6535 0.7144999999999999 0.647 0.7088328125000001 0.63925 0.7023328125 0.63425 0.6971671875000001 0.63175 0.682 0.62975 0.6776671875 0.63075 0.6748328124999999 0.6375 0.669 0.6425 0.666 0.6505 0.6648328125 0.65775 0.6608328125 0.6735 0.6598328125 0.6895 0.661 0.7082499999999999 0.6618328124999999 0.7150000000000001 0.6635 0.7215 0.6641671875 0.73225 0.6661671874999999 0.73625 0.6679999999999999 0.7474999999999999 0.6681671875 0.78725 0.6716671875 0.8087500000000001 0.6718328125 0.8145 0.6786671875 0.84175
2 0.6553328125 0.56025 0.6563328125 0.56425 0.6575 0.5660000000000001 0.6643328125 0.5695 0.6676671875 0.57275 0.6738328124999999 0.57675 0.6791671874999999 0.57275 0.6905 0.5605 0.692 0.5565 0.693 0.54475 0.6948328125 0.5345 0.6983328125 0.52825 0.7016671875 0.52575 0.705 0.5175 0.7071671875 0.5075000000000001 0.7093328125 0.502 0.712 0.49775 0.7126671875 0.49450000000000005 0.7128328125000001 0.485 0.7098328125 0.47225 0.7088328125000001 0.4605 0.706 0.45325 0.705 0.44699999999999995 0.7026671875 0.44575 0.701 0.44349999999999995 0.6893328125 0.43975 0.6813328125 0.43550000000000005 0.6765 0.43525 0.67 0.437 0.6681671875 0.4385 0.6611671875 0.44775 0.6541671874999999 0.4545 0.6516671875 0.45875000000000005 0.6505 0.46275000000000005 0.65 0.46975 0.6505 0.47750000000000004 0.6485000000000001 0.48224999999999996 0.6486671875 0.49924999999999997 0.6496671875 0.506 0.6528328125 0.514 0.654 0.521 0.654 0.52575 0.655 0.53175 0.6553328125 0.56025
2 0.6016671875 0.529 0.6033328124999999 0.5247499999999999 0.608 0.5207499999999999 0.6111671875 0.51925 0.6155 0.519 0.6263328125000001 0.52525 0.6385 0.52725 0.6406671875 0.5285 0.6433328125 0.532 0.644 0.5347500000000001 0.6443328125 0.54475 0.6456671875 0.5515 0.6486671875 0.55975 0.6498328124999999 0.561 0.651 0.5605 0.653 0.554 0.6536671875 0.54875 0.654 0.53275 0.6521671875 0.517 0.6508328125 0.51425 0.6473328125 0.51025 0.6461671875 0.50175 0.6393328125 0.49625 0.6353328125 0.49450000000000005 0.6235 0.49175 0.616 0.4915 0.6075 0.49424999999999997 0.604 0.49775 0.6005 0.504 0.5968328125 0.50825 0.592 0.51725 0.5903328125 0.53025 0.5901671875 0.538 0.5911671875 0.54975 0.5943328125 0.5675 0.5956671874999999 0.57125 0.5976671875 0.5705 0.5991671875 0.5685 0.599 0.55975 0.6008328125 0.55175 0.6018328125 0.54125 0.6016671875 0.529
2 0.5253328125000001 0.51375 0.5325 0.50925 0.5381671875 0.50875 0.5415828125 0.510625 0.5441671875 0.51425 0.5501671875 0.54075 0.5501671875 0.54875 0.5508328125 0.5507500000000001 0.5526671875 0.5525 0.5555 0.5485 0.5566671875 0.54475 0.5566671875 0.52125 0.5559999999999999 0.5135 0.5526671875 0.50175 0.545 0.49450000000000005 0.5408328124999999 0.49325 0.5321671875 0.48650000000000004 0.5253328125000001 0.48525 0.5193328125 0.48624999999999996 0.5121671875 0.49000000000000005 0.5096671875000001 0.49275 0.5018328125 0.50725 0.4991671875 0.5175 0.49749999999999994 0.53925 0.4973328125 0.545 0.49800000000000005 0.55 0.502 0.5555 0.5043328125000001 0.5525 0.505 0.54475 0.5078328125 0.53325 0.5093328125000001 0.52325 0.5126671875000001 0.5175 0.5211671875 0.5125 0.5253328125000001 0.51375
2 0.303 0.8452500000000001 0.3036671875 0.8535 0.3058328125 0.8615 0.3193328125 0.88575 0.3201671875 0.8885 0.3225 0.89025 0.3283328125 0.892 0.32783281249999996 0.89625 0.329 0.898 0.32999999999999996 0.899 0.333 0.8985 0.3348328125 0.8965 0.3343328125 0.89225 0.3611671875 0.8785000000000001 0.3633328125 0.88175 0.3651671875 0.8905 0.3671671875 0.893 0.368 0.8955 0.369 0.906 0.3728328125 0.9025000000000001 0.3736671875 0.8995 0.3756671875 0.8775000000000001 0.3753328125 0.8712500000000001 0.379 0.77575 0.3775 0.77225 0.3773328125 0.77 0.379 0.76 0.3798328125 0.744 0.3771671875 0.72825 0.3736671875 0.72 0.37 0.7045 0.3638328125 0.68925 0.3523328125 0.67325 0.3445 0.6667500000000001 0.33999999999999997 0.66575 0.3271671875 0.6667500000000001 0.3218328125 0.67 0.3183328125 0.674 0.3165 0.67775 0.3126671875 0.68275 0.302 0.71425 0.29 0.745 0.2861671875 0.7515 0.28516718750000003 0.7555 0.2861671875 0.7595 0.29500000000000004 0.7715 0.298 0.782 0.3001671875 0.7985 0.3001671875 0.80275 0.305 0.8255000000000001 0.3036671875 0.83775 0.304 0.842 0.303 0.8452500000000001
2 0.39449999999999996 0.6214999999999999 0.3955 0.62225 0.3955 0.627 0.3995 0.63825 0.40316718749999997 0.642 0.4046671875 0.64725 0.40800000000000003 0.654 0.4111671875 0.655 0.41766718750000004 0.6545 0.42116718750000004 0.65625 0.4225 0.65825 0.4223328125 0.662 0.4236671875 0.66475 0.4276671875 0.6667500000000001 0.4316671875 0.66625 0.4343328125 0.66325 0.4375 0.65575 0.43899999999999995 0.65425 0.4383328125 0.6515 0.4431671875 0.642 0.4473328125 0.64525 0.4476671875 0.6425 0.4471671875 0.641 0.4455 0.63975 0.4443328125 0.6305 0.44583281250000006 0.62425 0.4508328125 0.61075 0.4561671875 0.585 0.465 0.5765 0.4676671875 0.57075 0.471 0.5667500000000001 0.47450000000000003 0.5599999999999999 0.47266718750000003 0.5565 0.47083281250000003 0.55575 0.46633281249999997 0.5565 0.465 0.5547500000000001 0.4643328125 0.55275 0.46399999999999997 0.54075 0.45899999999999996 0.52125 0.4566671875 0.519 0.4505 0.50975 0.44749999999999995 0.508 0.4396671875 0.50625 0.4353328125 0.5065000000000001 0.43283281249999994 0.508 0.4236671875 0.5105000000000001 0.41416718750000003 0.5175 0.40716718749999997 0.52525 0.4006671875 0.53725 0.39866718749999996 0.5565 0.3993328125 0.564 0.3996671875 0.5885 0.4001671875 0.59175 0.40283281249999997 0.59575 0.40316718749999997 0.59975 0.4021671875 0.604 0.3991671875 0.6105 0.39633281249999996 0.6132500000000001 0.3941671875 0.619 0.39449999999999996 0.6214999999999999
2 0.5395 0.7815000000000001 0.5428328125 0.77925 0.5428328125 0.7777499999999999 0.5615 0.772 0.5623328125 0.7795 0.5643328125 0.7885 0.5653328125 0.79 0.5681671875000001 0.791 0.5691671875 0.79425 0.5691671875 0.79875 0.5703328125 0.8025 0.5723328125 0.8039999999999999 0.5748328125 0.8095000000000001 0.5776671875 0.81225 0.5808328125 0.8182499999999999 0.5878328125000001 0.82225 0.5951671875 0.8242499999999999 0.6018328125 0.82125 0.6038328125 0.81925 0.6041671875 0.8182499999999999 0.6035 0.8162499999999999 0.6011671875 0.81275 0.5980000000000001 0.80525 0.5951671875 0.79125 0.5948328125 0.7755 0.5955 0.7645 0.5955 0.74325 0.5925 0.7095 0.5925 0.697 0.5916671874999999 0.6875 0.5883328125 0.67375 0.5843328125 0.6655 0.58 0.6599999999999999 0.577 0.65775 0.5681671875000001 0.6537499999999999 0.5641671875000001 0.6535 0.5605 0.65175 0.5526671875 0.65325 0.5509999999999999 0.6545 0.545 0.66175 0.537 0.67425 0.53 0.6895 0.5261671875 0.7015 0.523 0.7082499999999999 0.5158328125 0.7165 0.5161671875 0.72 0.5148328125 0.72325 0.5091671875 0.731 0.5081671875 0.7382500000000001 0.5083328125000001 0.74825 0.5071671875 0.75175 0.5076671875 0.7555 0.5096671875000001 0.75975 0.5101671875 0.7635 0.5133328125000001 0.767 0.5211671875 0.7735000000000001 0.5351671875 0.78275 0.537 0.78525 0.5395 0.7815000000000001
3 0.6688328125 0.78725 0.67 0.792 0.6716671875 0.8147500000000001 0.6785 0.8414999999999999 0.6825 0.8455 0.6843328125 0.8487500000000001 0.6846671875 0.85175 0.6849999999999999 0.8574999999999999 0.6833328125 0.86525 0.6843328125 0.8685 0.6841671875 0.873 0.6856671875 0.8765000000000001 0.6853328125 0.8807499999999999 0.6868328125 0.89625 0.6878328125000001 0.8995 0.687 0.9045 0.6873328125 0.913 0.688 0.9155 0.688 0.92775 0.689 0.932 0.6883328125 0.9355 0.689 0.9380000000000001 0.689 0.9595 0.6896671875 0.96225 0.6886671875 0.9942500000000001 0.6896671875 0.9962500000000001 0.6975 0.9964999999999999 0.701 0.9955 0.7035 0.998 0.7035 0.99975 0.7593328125000001 0.99975 0.7595 0.9977499999999999 0.7633328125000001 0.9952500000000001 0.7661671875 0.998 0.7661671875 0.99975 0.8303328125 0.99975 0.8323328125 0.99375 0.8313328125 0.9904999999999999 0.8314999999999999 0.9862500000000001 0.8295 0.975 0.8295 0.9705 0.8268328125 0.9515 0.8220000000000001 0.92975 0.8215 0.9237500000000001 0.8201671875000001 0.9192500000000001 0.8191671875000001 0.9115 0.8163328125 0.9039999999999999 0.8160000000000001 0.90025 0.8141671875000001 0.8960000000000001 0.8140000000000001 0.8925000000000001 0.8125 0.8885 0.8111671875 0.87675 0.8093328124999999 0.8727499999999999 0.8086671875 0.86575 0.8086671875 0.8375 0.8109999999999999 0.8225 0.8141671875000001 0.8154999999999999 0.8151671875 0.8140000000000001 0.8178328125000001 0.81275 0.8296671874999999 0.81375 0.8376671874999999 0.8205 0.842 0.8220000000000001 0.8538328125 0.8225 0.8573328124999999 0.8242499999999999 0.8673328124999999 0.8262499999999999 0.8771671874999999 0.8262499999999999 0.8825 0.828 0.8893328125 0.82775 0.8996671875000001 0.8300000000000001 0.9041671875 0.8300000000000001 0.9121671875 0.83675 0.9158328125 0.83775 0.9199999999999999 0.83775 0.9238328125 0.8365 0.9336671875 0.82975 0.9368328125 0.826 0.9385 0.8195 0.9391671875000001 0.81275 0.9380000000000001 0.7969999999999999 0.9393328125 0.79075 0.9381671875 0.7885 0.9324999999999999 0.7837500000000001 0.9313328125 0.7835 0.9276671875 0.7865 0.9188328125 0.796 0.9158328125 0.7965 0.9086671875000001 0.791 0.9041671875 0.79125 0.9003328125 0.78975 0.8963328125000001 0.78625 0.8828328125 0.7825 0.8768328125 0.7765 0.8686671875 0.7737499999999999 0.8606671875 0.76875 0.8545 0.7675 0.8496671875 0.763 0.8465 0.7617499999999999 0.8314999999999999 0.7515 0.8263328124999999 0.7515 0.8216671874999999 0.7535000000000001 0.806 0.74375 0.8026671875 0.73875 0.8 0.73625 0.7963328125 0.73525 0.7933328125 0.7325 0.7825 0.727 0.773 0.7205 0.7638328125 0.7165 0.7503328125000001 0.7150000000000001 0.7406671874999999 0.7070000000000001 0.7401671875 0.705 0.7365 0.6990000000000001 0.7323328124999999 0.6875 0.7304999999999999 0.6855 0.7285 0.68025 0.7266671875 0.67775 0.7264999999999999 0.66975 0.7231671875 0.66525 0.7156671875 0.6487499999999999 0.709 0.639 0.7021671875 0.634 0.6973328125 0.632 0.687278125 0.6315000000000001 0.6823328125 0.63025 0.6778328124999999 0.63075 0.6758328125 0.63725 0.6693328125 0.64225 0.6658328124999999 0.65225 0.6628328125 0.6675 0.6608328125 0.67375 0.6611671875 0.68225 0.6599999999999999 0.68925 0.6608328125 0.696 0.6606671875 0.7055 0.6636671875 0.72175 0.6645 0.7325 0.6683328125 0.749 0.6679999999999999 0.75575 0.6691671875 0.76525 0.6688328125 0.78725
3 0.46516718749999997 0.99175 0.46516718749999997 0.9945 0.4665 0.99975 0.4901671875 0.99975 0.4915 0.9974999999999999 0.49349999999999994 0.99725 0.4983328125 0.9974999999999999 0.49966718749999994 0.99975 0.5081671875 0.99975 0.5092375 0.9977499999999999 0.5137625 0.9977499999999999 0.5148328125 0.99975 0.5268328125 0.99975 0.5293328125000001 0.9974999999999999 0.5318328125 0.9977499999999999 0.532 0.99975 0.5621671874999999 0.99975 0.5623328125 0.9977499999999999 0.5643328125 0.9967499999999999 0.5650000000000001 0.994 0.5643328125 0.99025 0.5645 0.986 0.5635 0.98225 0.5631671875 0.9650000000000001 0.5646671875 0.9515 0.5646671875 0.9380000000000001 0.5631671875 0.8932499999999999 0.567 0.877 0.5676671875 0.8647500000000001 0.571 0.8470000000000001 0.575 0.83025 0.575 0.826 0.5763328125 0.82225 0.58 0.81875 0.5855 0.818 0.5865 0.8145 0.5876671875 0.81375 0.591 0.81325 0.5940000000000001 0.8145 0.595 0.8220000000000001 0.5956671874999999 0.8225 0.5961671875000001 0.8220000000000001 0.5968328125 0.8145 0.5955 0.8105 0.597 0.8065 0.5945 0.79575 0.5931671875 0.77975 0.5940000000000001 0.7595 0.5926671875 0.72275 0.5908328125 0.70375 0.5905 0.689 0.5896671875 0.682 0.5878328125000001 0.6745 0.5858328125 0.6717500000000001 0.584 0.6665 0.58 0.6615 0.5746671875 0.658 0.5648328125 0.654 0.561 0.6515 0.5521671875 0.65425 0.5451671874999999 0.662 0.5373328125 0.67425 0.5301671875 0.6895 0.5295 0.69325 0.5225 0.705 0.5171671875 0.70625 0.5165 0.702 0.5126671875000001 0.6995 0.5115000000000001 0.69725 0.5083328125000001 0.697 0.5011671875 0.701 0.4933328125 0.70875 0.49349999999999994 0.7105 0.4861671875 0.7464999999999999 0.4858328125 0.75225 0.4848328125 0.75575 0.48833281250000005 0.75875 0.4896671875 0.76375 0.49400000000000005 0.7665 0.49400000000000005 0.76875 0.493 0.77125 0.4931671875 0.77625 0.4903328125 0.7887500000000001 0.487 0.791 0.48416718750000004 0.7965 0.4823328125 0.80375 0.4771671875 0.8102499999999999 0.47750000000000004 0.8115 0.47583281250000004 0.8147500000000001 0.4748328125 0.8135 0.4743328125 0.81425 0.4736671875 0.82575 0.4703328125 0.8414999999999999 0.46833281250000003 0.86825 0.4676671875 0.8880000000000001 0.46583281249999997 0.9032500000000001 0.4668328125 0.9097500000000001 0.46483281249999997 0.916 0.4643328125 0.91975 0.465 0.924 0.4641671875 0.9275 0.4646671875 0.93225 0.46399999999999997 0.9355 0.46516718749999997 0.93875 0.4641671875 0.94375 0.46516718749999997 0.9477499999999999 0.46533281249999997 0.95875 0.4671671875 0.9702500000000001 0.4665 0.98275 0.4655 0.986 0.46516718749999997 0.99175
3 0.0913328125 0.73225 0.0916671875 0.73325 0.10483281250000001 0.734 0.10683281250000001 0.73575 0.1076671875 0.74025 0.1096671875 0.7422500000000001 0.122 0.74775 0.128 0.74875 0.1295 0.75575 0.1331671875 0.7595 0.1348328125 0.7635 0.1398328125 0.767 0.1421671875 0.7705 0.14766718750000002 0.77325 0.1503328125 0.7795 0.156 0.78325 0.1578328125 0.78725 0.16916718749999998 0.7927500000000001 0.1738328125 0.79625 0.1778328125 0.7969999999999999 0.1816671875 0.7995 0.1836671875 0.7995 0.1933328125 0.8102499999999999 0.2016671875 0.81075 0.2085 0.8135 0.211 0.8147500000000001 0.2128328125 0.81875 0.217 0.8195 0.21816718750000003 0.8227499999999999 0.2205 0.8244999999999999 0.2286671875 0.82775 0.24 0.8305 0.24316718750000002 0.834 0.2438328125 0.83675 0.244 0.8692500000000001 0.2465 0.8845000000000001 0.2463328125 0.897 0.24700000000000003 0.9 0.2465 0.906 0.24716718750000002 0.9192500000000001 0.246 0.9345000000000001 0.2463328125 0.9404999999999999 0.2405 0.96275 0.2401671875 0.967 0.2385 0.9692500000000001 0.2363328125 0.975 0.2353328125 0.982 0.2331671875 0.9897500000000001 0.233 0.9945 0.23450000000000001 0.998 0.23450000000000001 0.99975 0.34900000000000003 0.99975 0.35003281249999996 0.9977499999999999 0.35350000000000004 0.9977499999999999 0.36 0.994 0.3581671875 0.99025 0.35933281250000004 0.9862500000000001 0.358 0.9810000000000001 0.3608328125 0.9744999999999999 0.361 0.97 0.3631671875 0.9644999999999999 0.365 0.962 0.367 0.95625 0.3733328125 0.905 0.3745 0.90075 0.3753328125 0.87775 0.3746671875 0.8734999999999999 0.3751671875 0.86025 0.3748328125 0.853 0.374 0.85 0.3738328125 0.8412499999999999 0.3756671875 0.83025 0.3756671875 0.80375 0.3765 0.79975 0.3758328125 0.79525 0.377 0.788 0.377 0.75825 0.3776671875 0.75575 0.3776671875 0.7515 0.3766671875 0.748 0.3776671875 0.74 0.376 0.73225 0.3755 0.72425 0.3725 0.7165 0.3725 0.7125 0.3713328125 0.71025 0.37 0.7045 0.3676671875 0.7005 0.3668328125 0.69675 0.36366718750000004 0.6895 0.3503328125 0.67125 0.34566718750000003 0.6677500000000001 0.33783281249999997 0.6675 0.3348328125 0.6665 0.3283328125 0.66725 0.3223328125 0.66975 0.3145 0.67675 0.3138328125 0.6815 0.311 0.68925 0.3101671875 0.6965 0.312 0.7045 0.3118328125 0.709 0.3105 0.71275 0.3115 0.71675 0.309 0.7190000000000001 0.307 0.7195 0.303 0.7184999999999999 0.2995 0.7190000000000001 0.2966671875 0.7302500000000001 0.2935 0.736 0.29283281250000004 0.74075 0.28716718750000003 0.74725 0.2838328125 0.754 0.28166718749999997 0.7555 0.27 0.75825 0.2636671875 0.761 0.2445 0.76325 0.2403328125 0.76475 0.2338328125 0.76275 0.2306671875 0.75925 0.2246671875 0.75625 0.2205 0.756 0.21416718750000002 0.754 0.20933281250000002 0.751 0.1976671875 0.74675 0.1933328125 0.743 0.1891671875 0.743 0.181 0.7394999999999999 0.172 0.73225 0.1596671875 0.728 0.1551671875 0.72175 0.151 0.71925 0.1488328125 0.71675 0.14666718750000002 0.71575 0.1416671875 0.7162499999999999 0.13999999999999999 0.7144999999999999 0.1386671875 0.70975 0.1356671875 0.7035 0.1321671875 0.7005 0.1311671875 0.6965 0.1281671875 0.6952499999999999 0.1271671875 0.693 0.1241671875 0.69025 0.1228328125 0.687 0.12033281250000001 0.6855 0.119 0.6832499999999999 0.11750000000000001 0.6905 0.11816718749999999 0.69325 0.12166718750000001 0.69675 0.1228328125 0.7005 0.12250000000000001 0.7015 0.1191671875 0.70275 0.11516718749999999 0.702 0.1105 0.7 0.10716718750000001 0.6965 0.0953328125 0.69225 0.0931671875 0.69325 0.0918328125 0.697 0.0928328125 0.7 0.0925 0.70175 0.0901671875 0.70375 0.0853328125 0.705 0.08516718749999999 0.709 0.086 0.712 0.08566718749999999 0.7165 0.0878328125 0.71875 0.092 0.71875 0.0935 0.71975 0.094 0.7212500000000001 0.093 0.72325 0.093 0.72775 0.0913328125 0.73225
3 0.28316718750000003 0.73725 0.28700000000000003 0.73875 0.29083281250000004 0.7335 0.29483281250000004 0.734 0.298 0.73225 0.29716718750000004 0.7304999999999999 0.2978328125 0.7205 0.3016671875 0.7190000000000001 0.3055 0.7110000000000001 0.3096671875 0.709 0.3068328125 0.7035 0.3065 0.6995 0.312 0.68525 0.3126671875 0.68125 0.317 0.67725 0.3188328125 0.674 0.3203328125 0.669 0.3221671875 0.6665 0.3293328125 0.66425 0.33783281249999997 0.6645 0.34500000000000003 0.666 0.34683281250000003 0.66875 0.34950000000000003 0.6695 0.353 0.67325 0.3546671875 0.6775 0.36 0.68125 0.361 0.6855 0.3655 0.68875 0.3666671875 0.6935 0.3691671875 0.6965 0.3696671875 0.69825 0.3691671875 0.701 0.3708328125 0.7032499999999999 0.3755 0.721 0.3758328125 0.7245 0.3773328125 0.72725 0.378 0.7302500000000001 0.3781671875 0.739 0.3796671875 0.7434999999999999 0.3795 0.75625 0.3775 0.7675 0.379 0.775 0.3793328125 0.78175 0.3788328125 0.795 0.377 0.7995 0.3766671875 0.8022500000000001 0.378 0.8095000000000001 0.3775 0.8160000000000001 0.3785 0.8262499999999999 0.3765 0.83375 0.3771671875 0.842 0.375 0.8455 0.3753328125 0.8494999999999999 0.3765 0.8532500000000001 0.3758328125 0.857 0.3763328125 0.865 0.378 0.86875 0.378 0.8862500000000001 0.3775 0.8925000000000001 0.3758328125 0.8960000000000001 0.3751671875 0.9037499999999999 0.3731671875 0.908 0.3731671875 0.9112500000000001 0.3715 0.915 0.3691671875 0.93125 0.3676671875 0.9345000000000001 0.369 0.9400000000000001 0.3665 0.94525 0.3646671875 0.94725 0.3653328125 0.951 0.3646671875 0.95225 0.364 0.95875 0.361 0.9664999999999999 0.3611671875 0.9705 0.36 0.9724999999999999 0.3591671875 0.97625 0.3566671875 0.9785 0.35733281250000004 0.984 0.3563328125 0.99 0.3525 0.994 0.3613328125 0.9962500000000001 0.3668328125 0.9960000000000001 0.3731671875 0.994 0.375 0.9955 0.3763328125 0.99975 0.3846671875 0.99975 0.3931671875 0.9949999999999999 0.39633281249999996 0.9962500000000001 0.4051671875 0.9960000000000001 0.40800000000000003 0.9949999999999999 0.41200000000000003 0.9967499999999999 0.4165 0.9949999999999999 0.42400000000000004 0.9967499999999999 0.4281671875 0.9945 0.4326671875 0.9964999999999999 0.4433328125 0.9974999999999999 0.4593328125 0.9962500000000001 0.46166718749999996 0.9949999999999999 0.4628328125 0.991 0.4638328125 0.9727499999999999 0.4628328125 0.9675 0.4603328125 0.96875 0.45949999999999996 0.9637499999999999 0.461 0.96225 0.46183281249999997 0.9585000000000001 0.4596671875 0.9355 0.4588328125 0.9335000000000001 0.4823328125 0.72825 0.48250000000000004 0.72025 0.48033281250000004 0.71825 0.4755 0.705 0.47216718750000003 0.70075 0.4681671875 0.6877500000000001 0.46666718749999997 0.6765 0.4628328125 0.66975 0.4606671875 0.66825 0.4588328125 0.6595 0.45683281249999996 0.6575 0.45549999999999996 0.654 0.4518328125 0.649 0.4438328125 0.63075 0.4438328125 0.6280828125 0.4471671875 0.6207499999999999 0.45099999999999996 0.60875 0.4556671875 0.585 0.45733281249999996 0.5820000000000001 0.4588328125 0.5815 0.4605 0.57875 0.4646671875 0.576 0.46516718749999997 0.57375 0.4706671875 0.5650000000000001 0.47166718750000003 0.5605 0.4703328125 0.5585 0.4688328125 0.56125 0.46749999999999997 0.562 0.46483281249999997 0.561 0.46483281249999997 0.5565 0.4636671875 0.55525 0.4626671875 0.54925 0.4638328125 0.54475 0.4588328125 0.5215 0.4495 0.5095 0.441 0.50675 0.4353328125 0.50675 0.4316671875 0.5085 0.42516718750000004 0.50975 0.41416718750000003 0.5175 0.40833281250000003 0.524 0.4003328125 0.537 0.3991671875 0.5515 0.3991671875 0.5605 0.4001671875 0.5715 0.3998328125 0.588 0.4003328125 0.592 0.40316718749999997 0.59575 0.40283281249999997 0.60325 0.40233281249999997 0.605 0.4003328125 0.60725 0.3993328125 0.6105 0.39649999999999996 0.61125 0.3958328125 0.6132500000000001 0.39249999999999996 0.6174999999999999 0.3901671875 0.62775 0.387 0.6327499999999999 0.3768328125 0.637 0.35766718750000004 0.64 0.35333281250000004 0.63925 0.3416671875 0.6425 0.339 0.6447499999999999 0.33416718749999996 0.6465 0.3303328125 0.6497499999999999 0.32599999999999996 0.65025 0.324 0.653 0.3155 0.6575 0.3105 0.6559999999999999 0.3036671875 0.6555 0.29483281250000004 0.6565000000000001 0.29316718750000004 0.65425 0.2925 0.648 0.29283281250000004 0.63475 0.29483281250000004 0.632 0.296 0.6195 0.2958328125 0.6132500000000001 0.29700000000000004 0.60375 0.2966671875 0.6014999999999999 0.2956671875 0.6005 0.2963328125 0.59775 0.2986671875 0.59875 0.2996671875 0.58925 0.3005 0.587 0.3026671875 0.58575 0.3031671875 0.5832499999999999 0.3021671875 0.5820000000000001 0.3021671875 0.5785 0.3063328125 0.57725 0.3078328125 0.576 0.3096671875 0.5715 0.3103328125 0.57175 0.311 0.56025 0.3103328125 0.557 0.3068328125 0.56175 0.3053328125 0.5625 0.3013328125 0.563 0.29683281250000004 0.56125 0.296 0.55925 0.2965 0.55625 0.303 0.5525 0.3038328125 0.54875 0.29500000000000004 0.5469999999999999 0.28683281250000003 0.5467500000000001 0.28316718750000003 0.55025 0.281 0.55525 0.279 0.5565 0.27783281249999997 0.561875 0.2711671875 0.57575 0.2678328125 0.57375 0.2636671875 0.5740000000000001 0.261 0.5795 0.2573328125 0.5980000000000001 0.2558328125 0.602 0.2538328125 0.619 0.2518328125 0.6292500000000001 0.2516671875 0.637 0.24900000000000003 0.65775 0.24883281249999997 0.6745 0.2495 0.6855 0.2528328125 0.701 0.261 0.71675 0.2658328125 0.72 0.2688328125 0.7245 0.27333281249999997 0.72725 0.2771671875 0.73225 0.2815 0.7342500000000001 0.28316718750000003 0.73725
3 0.47850000000000004 0.705 0.47850000000000004 0.709 0.479 0.70875 0.479 0.706 0.48250000000000004 0.7045 0.4831671875 0.70575 0.48333281250000004 0.709 0.4845 0.7112499999999999 0.49000000000000005 0.712 0.4933328125 0.70475 0.49850000000000005 0.70175 0.502 0.69825 0.5086671875000001 0.6950000000000001 0.5135 0.6950000000000001 0.5211671875 0.6995 0.5253328125000001 0.69725 0.5285 0.693 0.5318328125 0.6832499999999999 0.5653328125 0.63125 0.5683328125 0.62775 0.5731671875 0.619 0.5718328125000001 0.615 0.5488328124999999 0.60475 0.5463328125 0.6045 0.5445 0.6025 0.5438328125 0.6002500000000001 0.544 0.5912499999999999 0.5468328125 0.5782499999999999 0.5506671875 0.56525 0.5526671875 0.562 0.5533328125 0.5545 0.557 0.54475 0.5568328124999999 0.51675 0.5555 0.50975 0.5528328124999999 0.50175 0.545 0.49349999999999994 0.5403328125 0.49175 0.5298328125 0.48550000000000004 0.5245 0.48525 0.5193328125 0.48624999999999996 0.5153328125 0.488 0.5096671875000001 0.49275 0.5026671875 0.5055 0.4991671875 0.51725 0.4973328125 0.54375 0.49800000000000005 0.549 0.5008328125 0.55525 0.5018328125 0.5625 0.5056671875000001 0.5705 0.5073328125 0.5782499999999999 0.508 0.5835 0.5076671875 0.59175 0.5055 0.5980000000000001 0.5021671875 0.6025 0.49000000000000005 0.60225 0.4853328125 0.6075 0.48250000000000004 0.6092500000000001 0.4738328125 0.611 0.46233281249999997 0.615 0.45416718749999996 0.623 0.4503328125 0.63075 0.44916718749999995 0.63475 0.4506671875 0.63875 0.4511671875 0.643 0.4591671875 0.6555 0.4605 0.662 0.4628328125 0.667 0.46616718749999997 0.67075 0.4715 0.69275 0.4748328125 0.701 0.47850000000000004 0.705
3 0.7693765625 0.49081875 0.7475015625 0.567396875 0.7193765625 0.6017781249999999 0.6631265625 0.61115625 0.649584375 0.5924015625 0.6537515625 0.55333125 0.65791875 0.5126984375 0.6318765625 0.4876921875 0.5975015625 0.4970703125 0.587084375 0.5439546875 0.596459375 0.5783359375 0.602709375 0.6080296875 0.5631265625 0.6345984375 0.55479375 0.6471 0.59229375 0.6752312500000001 0.59541875 0.7486828125 0.60166875 0.8190109375000001 0.57666875 0.8221359375 0.57041875 0.8924625 0.5725015625000001 0.9721671875 0.5693765625 0.99975 0.6891671875000001 0.99975 0.690209375 0.8893375000000001 0.6735421875000001 0.8158843750000001 0.6683343749999999 0.7283671875 0.6631265625 0.664290625 0.677709375 0.6345984375 0.7006265625 0.629909375 0.7350015625 0.6658546875 0.7291703125 0.659140625 0.783959375 0.6095921875 0.7943765625 0.5033203125 0.7860421875 0.41736562499999996 0.7943765625 0.39705 0.783959375 0.4064265625 0.7787515625 0.41267812499999995 0.7620843749999999 0.42674218750000004 0.7506265625 0.43455625 0.755834375 0.45487343750000003 0.7693765625 0.49081875
3 0.787084375 0.572084375 0.7766671875 0.572084375 0.7225015625 0.5627078125 0.702709375 0.5595828125 0.696459375 0.536140625 0.7131265625000001 0.5001953125 0.7079171875 0.4595625 0.6954171875 0.44237031250000003 0.671459375 0.44237031250000003 0.646459375 0.47987812500000004 0.646459375 0.5142609375 0.64854375 0.5642703124999999 0.64854375 0.597090625 0.655834375 0.61115625 0.7006265625 0.631471875 0.7308343749999999 0.6674171875 0.7454171875 0.7143015625 0.765003125 0.704140625 0.7829171875000001 0.6549140625 0.8204171875 0.5939640625 0.8547921875 0.4970703125 0.8547921875 0.447059375 0.8454171875000001 0.4220546875 0.8506265624999999 0.3954859375 0.830834375 0.43924531250000004 0.8193765624999999 0.5048843749999999 0.8006265625 0.55489375 0.787084375 0.572084375