2 0.758715625 0.357825 0.79830625 0.343425 0.7745578125 0.328878125 0.711925 0.36262500000000003 0.758715625 0.357825
2 0.5643640624999999 0.376871875 0.5247671875 0.4178296875 0.5715578125 0.403428125 0.621946875 0.401028125 0.60395 0.37222656249999997 0.5643640624999999 0.376871875
2 0.1900484375 0.3787921875 0.15045312500000002 0.4082296875 0.15045312500000002 0.44183125 0.1936421875 0.4082296875 0.229634375 0.4082296875 0.1900484375 0.3787921875
1 0.40959375 0.39382812500000003 0.45278437499999996 0.391428125 0.38079999999999997 0.345825 0.344809375 0.39382812500000003 0.40959375 0.39382812500000003
1 0.175646875 0.631446875 0.1432546875 0.67225 0.229634375 0.67705 0.262028125 0.6698484375 0.21163906250000003 0.6218453125 0.175646875 0.631446875
2 0.391603125 0.639878125 0.3628046875 0.67945 0.40959375 0.6962515625 0.45278437499999996 0.68665 0.40959375 0.631446875 0.391603125 0.639878125
3 0.6903312500000001 0.77305625 0.7731109375 0.8258609375000001 0.7515171875 0.7394546875 0.758715625 0.641046875 0.79830625 0.636246875 0.79830625 0.725053125 0.8594921875000001 0.8282609375 0.8882859375000001 0.7802578125 0.8594921875000001 0.67945 0.8558937500000001 0.5498406250000001 0.8450953125 0.43223124999999996 0.7860750000000001 0.328878125 0.783909375 0.32902343749999996 0.7227234375 0.348225 0.711925 0.391428125 0.6939296875000001 0.43703125 0.6651359375 0.5114375 0.7047265625 0.5474390625 0.7047265625 0.59544375 0.701128125 0.6818500000000001 0.6903312500000001 0.77305625
3 0.6651359375 0.45143281249999995 0.6723343749999999 0.42743125 0.6147484375000001 0.3746265625 0.5571609375000001 0.3770265625 0.5103718749999999 0.43223124999999996 0.48157812499999997 0.45143281249999995 0.4887765625 0.4898359375 0.4887765625 0.5474390625 0.48157812499999997 0.6530484375000001 0.46358125 0.76105625 0.535565625 0.8186609375 0.57875625 0.797059375 0.5463625000000001 0.727453125 0.5463625000000001 0.6338468749999999 0.589553125 0.7082515625 0.6363421875 0.813859375 0.7227296875 0.8145749999999999 0.6831328125 0.7682562500000001 0.6543390625 0.717853125 0.647140625 0.6578484375 0.6399421875 0.5402390625 0.675934375 0.5306390624999999 0.7299218749999999 0.5210375 0.7083265625 0.4970359375 0.6723343749999999 0.4970359375 0.6651359375 0.45143281249999995
3 0.272825 0.717853125 0.3340109375 0.7106515625000001 0.38439999999999996 0.643446875 0.449184375 0.6530484375000001 0.45278437499999996 0.68905 0.44558593750000003 0.6146453125 0.4599828125 0.552240625 0.49957343749999994 0.5042359375000001 0.469346875 0.46517968749999994 0.42039218749999996 0.4202296875 0.45638281249999996 0.386628125 0.4167921875 0.3362234375 0.3340109375 0.36262500000000003 0.3232140625 0.43703125 0.2656265625 0.48263437500000006 0.283621875 0.5498406250000001 0.287221875 0.59784375 0.283621875 0.6674484374999999 0.272825 0.717853125
3 0.23683281250000002 0.6818500000000001 0.2800234375 0.717853125 0.287221875 0.722653125 0.2908203125 0.6602484375000001 0.29801875 0.5834421875 0.2620328125 0.45366249999999997 0.24763125000000002 0.4082296875 0.21523750000000003 0.3698265625 0.1576515625 0.39382812500000003 0.13245625 0.473034375 0.092865625 0.554640625 0.1036640625 0.6266453125 0.1108625 0.6578484375 0.1684484375 0.631446875 0.21163906250000003 0.6242453125 0.23683281250000002 0.6818500000000001
3 0.535565625 0.8618640624999999 0.5103718749999999 0.8162609375000001 0.49957343749999994 0.76105625 0.4383875 0.6962515625 0.40959375 0.631446875 0.391603125 0.639878125 0.3520078125 0.7010515625 0.2944203125 0.722653125 0.3088171875 0.77065625 0.3376109375 0.809059375 0.30161875 0.799459375 0.2800234375 0.8210609375000001 0.3664046875 0.8570640624999999 0.4059953125 0.893065625 0.4887765625 0.8906656249999999 0.535565625 0.8618640624999999
3 0.29801875 0.8546625000000001 0.3232140625 0.8210609375000001 0.316015625 0.76585625 0.269225 0.6962515625 0.23683281250000002 0.6554484375 0.20084062500000002 0.6194453125 0.164134375 0.6226 0.11806093749999999 0.7082515625 0.060473437500000005 0.7466546875 0.038878125 0.799459375 0.053274999999999996 0.8210609375000001 0.02448125 0.8378625 0.060473437500000005 0.8738640625 0.1432546875 0.8882656250000001 0.23323437500000002 0.9002671875000001 0.283621875 0.8858656249999999 0.29801875 0.8546625000000001