3 0.1802078125 0.9235921875 0.18284687500000002 0.9202406249999999 0.181903125 0.9148796875 0.1834125 0.9118625 0.181715625 0.9081765624999999 0.1832234375 0.904490625 0.18228125 0.9021453125000001 0.182375 0.89795625 0.1832234375 0.8954421874999999 0.18228125 0.892090625 0.1820921875 0.8830421875000001 0.1837890625 0.8806968749999999 0.1807734375 0.8729890625 0.18039531250000002 0.8699734375 0.180584375 0.8682968750000001 0.18284687500000002 0.864946875 0.181903125 0.8632703125000001 0.181903125 0.85925 0.18284687500000002 0.8572390625 0.1813390625 0.8555624999999999 0.1788875 0.8468500000000001 0.18001875 0.8378015624999999 0.1813390625 0.83445 0.2060328125 0.83009375 0.211309375 0.8307640624999999 0.21941562499999998 0.826071875 0.217153125 0.8207109375 0.22099843749999998 0.8079765625 0.22507031249999998 0.8079765625 0.228275 0.8056296875 0.2337421875 0.804625 0.2386421875 0.8012734375000001 0.24278906249999999 0.8002687500000001 0.2450984375 0.7982578124999999 0.25655 0.7955765625 0.25768125 0.7945703125 0.257115625 0.7915546875 0.25805781250000004 0.788203125 0.2590015625 0.7875328125000001 0.2655984375 0.788203125 0.2691796875 0.7871984375000001 0.266353125 0.7831765625 0.2644671875 0.776475 0.26654062500000003 0.7677609375000001 0.26861406250000003 0.7660859375 0.26936875 0.7634046875 0.2644671875 0.751675 0.2627703125 0.7506703124999999 0.2586234375 0.7268765625 0.2625828125 0.7252015625 0.26484375 0.722184375 0.2674828125 0.7148125000000001 0.26804843749999996 0.70945 0.26710625 0.7017421875000001 0.2674828125 0.6970515625 0.2661640625 0.6937 0.2661640625 0.6886734375 0.26654062500000003 0.683646875 0.268803125 0.6742625 0.2689921875 0.657171875 0.27144218750000004 0.6538203125 0.2720078125 0.6454421875 0.27144218750000004 0.64175625 0.26691875 0.630696875 0.2672953125 0.614946875 0.27012187499999996 0.6105890625 0.2754 0.611259375 0.27879375 0.6132703125 0.282940625 0.6102546875 0.2872765625 0.610925 0.29104687500000004 0.606903125 0.2916109375 0.6015421875 0.29048124999999997 0.5961796875 0.2870875 0.5914875 0.2833171875 0.5908171875 0.27935937499999997 0.5874671874999999 0.2697453125 0.58445 0.26691875 0.58176875 0.263525 0.5730562499999999 0.26239375 0.567359375 0.2573046875 0.560321875 0.25579687500000003 0.5542890625 0.2527796875 0.5516078125 0.2480671875 0.5442359375 0.2401515625 0.53786875 0.2329875 0.53619375 0.2239390625 0.53619375 0.21753125 0.538203125 0.20942500000000003 0.5455765625 0.20113124999999998 0.5492625 0.19755 0.5549593749999999 0.1926484375 0.56434375 0.18586249999999999 0.5834453125 0.18473124999999999 0.5918234375 0.1860515625 0.598525 0.18473124999999999 0.6032171875000001 0.18228125 0.6075734374999999 0.180584375 0.6146109375 0.1807734375 0.623325 0.1831296875 0.6362265625 0.18152656250000002 0.6384046875 0.18284687500000002 0.64175625 0.18284687500000002 0.6464484374999999 0.1860515625 0.650134375 0.1873703125 0.6538203125 0.1868046875 0.6608578125 0.18812500000000001 0.665884375 0.1885015625 0.6782843749999999 0.1898203125 0.68934375 0.1885015625 0.6930296874999999 0.187559375 0.7007375 0.1851078125 0.704759375 0.1820921875 0.7161531250000001 0.1785109375 0.723190625 0.17247812499999998 0.7282171875000001 0.16833125 0.7342500000000001 0.1619234375 0.7345843750000001 0.15871875 0.736259375 0.1451453125 0.755696875 0.14231875 0.756703125 0.13760624999999999 0.763740625 0.13006562500000002 0.7714484374999999 0.11460937499999999 0.798928125 0.11404375 0.802278125 0.10669218750000001 0.8220515625000001 0.106503125 0.8254015625 0.104240625 0.8334453125 0.10499531250000001 0.8378015624999999 0.10292187500000001 0.8414875 0.104053125 0.8434984375000001 0.10292187500000001 0.8468500000000001 0.099340625 0.845509375 0.0980203125 0.8495312500000001 0.0985859375 0.8609249999999999 0.099340625 0.8625999999999999 0.1010375 0.8629359375 0.1016015625 0.8726546875000001 0.10386406249999999 0.8739953125 0.10273281249999999 0.91990625 0.09990625 0.9282843749999999 0.0878421875 0.927278125 0.0861453125 0.9349859374999999 0.0855796875 0.9430296874999999 0.08576875 0.9490609375 0.08350625 0.9788875000000001 0.08576875 0.9845843750000001 0.0861453125 0.99028125 0.0870875 0.9926281250000001 0.091234375 0.9966484375 0.124221875 0.9953078124999999 0.1749296875 0.9259390625 0.181903125 0.9276140625 0.1802078125 0.9235921875
1 0.24712499999999998 0.6119296875 0.254665625 0.6119296875 0.2633359375 0.6092500000000001 0.26804843749999996 0.6092500000000001 0.2791703125 0.613940625 0.284825 0.61360625 0.28821875 0.6126 0.29104687500000004 0.6089140625 0.2921765625 0.6038875 0.2921765625 0.599865625 0.2914234375 0.5948390625 0.2872765625 0.5901468750000001 0.2682375 0.582775 0.2633359375 0.5723859375 0.26239375 0.5687 0.25956718749999996 0.5640078125 0.25749218749999997 0.555965625 0.25541874999999997 0.5522781250000001 0.24486406249999998 0.5402140625 0.2399625 0.5371984375000001 0.2243171875 0.5358578125 0.2164 0.538203125 0.2090484375 0.545240625 0.2020734375 0.5482578124999999 0.19660625 0.555965625 0.1856734375 0.58009375 0.183034375 0.5911531250000001 0.18001875 0.6162875 0.18001875 0.6270109374999999 0.18152656250000002 0.6320375 0.1843546875 0.631703125 0.18793593749999998 0.6296921875 0.19641875 0.6203078125 0.2020734375 0.6162875 0.2239390625 0.6048921875 0.2286515625 0.604221875 0.23506093749999998 0.6089140625 0.24712499999999998 0.6119296875
1 0.60829375 0.5124 0.6148921875 0.517090625 0.6192265625 0.5177609375000001 0.622809375 0.5157499999999999 0.6258250000000001 0.50971875 0.6260125000000001 0.5010046874999999 0.6278984375000001 0.49664843750000004 0.635815625 0.48625937500000005 0.64128125 0.48123281249999994 0.6469375 0.47285468750000004 0.653534375 0.47050937499999995 0.6744578125 0.4715140625 0.697078125 0.47788281250000003 0.701790625 0.4892765625 0.7078234375 0.4976546875 0.7206406249999999 0.5103890625 0.7244109375 0.511059375 0.7244109375 0.507484375 0.728746875 0.4936328125 0.72365625 0.48860625 0.718378125 0.46012031249999996 0.7204531249999999 0.45877968750000003 0.7198875 0.4557640625 0.7204531249999999 0.45107187499999996 0.7191328125 0.441353125 0.711215625 0.4235921875 0.7021671875 0.41085781250000003 0.6938734375 0.4038203125 0.6891609375 0.401475 0.6776625000000001 0.3977875 0.6693687500000001 0.397453125 0.6612625000000001 0.3984578125 0.6542890625 0.4011390625 0.6495765625 0.4038203125 0.642225 0.41119374999999997 0.6344953125 0.4279484375 0.6309140625 0.4390078125 0.628275 0.4514078125 0.627709375 0.45877968750000003 0.6245046875 0.4695046875 0.601884375 0.49028124999999995 0.5990578125 0.4939671875 0.5996234375 0.4976546875 0.6033937500000001 0.505696875 0.60829375 0.5124
3 0.59170625 0.861259375 0.595853125 0.8599203125000001 0.5996234375 0.8619296875 0.6071625 0.8699734375 0.5901984375 0.9393437499999999 0.5873703124999999 0.9386734375 0.5864281250000001 0.9403484375 0.5849203125 0.9514078125 0.5858625 0.9547593750000001 0.5860515625 0.9597859375000001 0.5883125 0.966153125 0.58718125 0.970175 0.5883125 0.9788875000000001 0.5858625 0.9859249999999999 0.5854859375 0.9939671875 0.5864281250000001 0.9956437499999999 0.5890671875 0.996984375 0.5907640625 0.9996656249999999 0.739490625 0.9996656249999999 0.7419421875000001 0.99731875 0.7521203125 0.99731875 0.7558906249999999 0.9949734375 0.7575875 0.9718500000000001 0.7596609375 0.9664875 0.761734375 0.9420234375 0.7638078125 0.9316359375 0.7713484375 0.86528125 0.77304375 0.8404828125 0.7753062500000001 0.8267421875000001 0.7779453125 0.779825 0.77756875 0.7493296875000001 0.7792640625 0.7439671875 0.7798296875 0.73156875 0.7785109375 0.720509375 0.777003125 0.7154828125 0.7766265625 0.70509375 0.7732328125000001 0.6980562499999999 0.770028125 0.683646875 0.7707828125 0.6769437500000001 0.7679546875 0.668565625 0.7660703125 0.6581765625 0.761734375 0.6494640625 0.7585296875 0.6471171874999999 0.75645625 0.6427609375000001 0.7513671875 0.643096875 0.748728125 0.64175625 0.7474078125 0.6384046875 0.7474078125 0.6343828125 0.7457109375 0.628015625 0.741753125 0.6226546875000001 0.7400562500000001 0.61528125 0.7379828125000001 0.613940625 0.736475 0.6072390624999999 0.7325171874999999 0.6005359375 0.7308203125 0.5941687499999999 0.7308203125 0.5878015624999999 0.7289343749999999 0.5834453125 0.725165625 0.58009375 0.7205781250000001 0.579759375 0.718378125 0.5774125 0.71875625 0.5640078125 0.7174359375 0.559315625 0.71875625 0.53619375 0.719509375 0.5318359375 0.7210171875 0.52915625 0.7217718750000001 0.520778125 0.7244109375 0.513740625 0.724221875 0.505696875 0.727615625 0.4979890625 0.72836875 0.4939671875 0.7223375 0.4869296875 0.7206406249999999 0.477546875 0.7172484375 0.46648750000000005 0.717059375 0.46213125 0.719321875 0.4517421875 0.7180015625 0.43934375000000003 0.7108390625000001 0.4235921875 0.701225 0.4101875 0.6931203125 0.4038203125 0.67634375 0.3981234375 0.662959375 0.39879375 0.6497640625 0.40415625000000005 0.642978125 0.41119374999999997 0.634684375 0.4279484375 0.6335531249999999 0.43331093750000005 0.6309140625 0.43967812500000003 0.6262015625 0.46782812500000004 0.6179078125 0.47687656250000005 0.602828125 0.48994687499999995 0.5998109375 0.4939671875 0.6003765624999999 0.4976546875 0.602828125 0.500334375 0.6047125 0.505696875 0.60810625 0.508378125 0.6109328125 0.513740625 0.61998125 0.5157499999999999 0.622809375 0.51926875 0.622809375 0.5211125 0.6192265625 0.5241281250000001 0.6173421875 0.52915625 0.6190390625 0.5311656250000001 0.622996875 0.5311656250000001 0.6245046875 0.53250625 0.6237515625000001 0.536528125 0.6243171875 0.5415546875 0.6235625 0.5482578124999999 0.6245046875 0.5529484375 0.6233734375 0.5563 0.6243171875 0.5626671875 0.6233734375 0.56769375 0.6243171875 0.5717156250000001 0.6243171875 0.5810984375 0.6235625 0.5834453125 0.6233734375 0.5911531250000001 0.6209234375 0.5938343749999999 0.6186609375 0.5988609375 0.6184734375 0.6045578125 0.6164 0.611259375 0.6150796875 0.6229890625000001 0.614703125 0.630696875 0.61771875 0.6467828124999999 0.6190390625 0.6494640625 0.6205468749999999 0.6494640625 0.6231859375 0.6521453125 0.6250703125 0.6565015625 0.6267671874999999 0.6578421875 0.631290625 0.6578421875 0.6337421875 0.661528125 0.6386421875 0.663203125 0.6426015625 0.6568359375 0.6503296875 0.6551609375 0.654665625 0.663203125 0.652875 0.6782843749999999 0.65165 0.6782843749999999 0.6501406249999999 0.6833109375 0.6478796874999999 0.6863265625 0.645428125 0.6933640624999999 0.6427890625 0.70509375 0.6401515625 0.70676875 0.6397734374999999 0.713471875 0.6343078125 0.7154828125 0.631290625 0.711796875 0.6295953125 0.7128015624999999 0.6295953125 0.720509375 0.6314796874999999 0.723190625 0.6314796874999999 0.7252015625 0.6292171875 0.7278828125000001 0.6290296875 0.7322390624999999 0.6273328125 0.735925 0.6220546875 0.7439671875 0.6205468749999999 0.7563671875 0.6175312500000001 0.7674265625000001 0.61771875 0.7691015625000001 0.6162109375 0.7744640625 0.6137609375 0.77915625 0.6148921875 0.7868625 0.61300625 0.7945703125 0.6131953125 0.8012734375000001 0.6114984375 0.8083109374999999 0.60810625 0.811996875 0.605278125 0.8183640625 0.5996234375 0.8220515625000001 0.599434375 0.8257375 0.5956640625 0.8294234375 0.5932140625 0.8223859375 0.5928375 0.8099859374999999 0.593403125 0.8066359375 0.5915171875 0.8042890625 0.590009375 0.8063 0.588690625 0.8153484375 0.587746875 0.817359375 0.583978125 0.817359375 0.5832234374999999 0.8254015625 0.5837890625 0.8277484375 0.5883125 0.8287531250000001 0.588690625 0.8421578125 0.5879359375 0.8475203125 0.583034375 0.8495312500000001 0.5837890625 0.8505359374999999 0.588125 0.8505359374999999 0.588690625 0.8532171875 0.5913296875 0.8572390625 0.59170625 0.861259375
2 0.947596875 0.819034375 0.9504234374999999 0.8143437499999999 0.948915625 0.8116625000000001 0.94948125 0.8063 0.9483499999999999 0.8026140625 0.9472203125 0.790884375 0.939490625 0.7774796875 0.934778125 0.763740625 0.9291234375 0.7577078125 0.9219609375 0.7536859375 0.9038640625 0.751675 0.8965125 0.7543562500000001 0.8884078125 0.7603890625 0.8850140625 0.7660859375 0.88105625 0.7694375 0.8769078125 0.7761390625 0.8738921875000001 0.7845171875 0.87408125 0.7985921874999999 0.8761546875 0.8066359375 0.8769078125 0.8136734375 0.8821859375000001 0.8153484375 0.8844484375 0.8183640625 0.9144203125000001 0.8193703125 0.915928125 0.820375 0.9178140625 0.8183640625 0.9460890624999999 0.8180296874999999 0.947596875 0.819034375
3 0.8940625000000001 0.9289546874999999 0.8897265624999999 0.9366625000000001 0.8846375 0.9386734375 0.877096875 0.9497312499999999 0.87295 0.9624671875 0.8716312500000001 0.970509375 0.870121875 0.9916218750000001 0.870121875 0.9946375 0.8714421874999999 0.9996656249999999 0.9645625000000001 0.9996656249999999 0.9696515625 0.9943031250000001 0.9668234375000001 0.9741953125 0.9670125 0.970509375 0.9643734374999999 0.9664875 0.9598484375 0.95341875 0.9562671875 0.9393437499999999 0.94948125 0.923928125 0.9508015625 0.9219171875000001 0.9549484375 0.9195703125 0.959284375 0.9195703125 0.959284375 0.9148796875 0.9609796875000001 0.9121984375000001 0.9609796875000001 0.90750625 0.9622999999999999 0.90415625 0.9626765625000001 0.8994640625000001 0.9626765625000001 0.8951078125 0.9607921875000001 0.885053125 0.953628125 0.856903125 0.9524968749999999 0.845509375 0.95400625 0.841153125 0.9509890625 0.8176937499999999 0.9466546875 0.79658125 0.9413765625 0.7841828125 0.9387375 0.775134375 0.9325171875 0.7630703125 0.92818125 0.7587125 0.9238453124999999 0.756703125 0.9202640625 0.7533515625 0.9051843749999999 0.7520109374999999 0.9008484375 0.7533515625 0.8891609375 0.7603890625 0.88124375 0.7701078125 0.8754 0.7811656250000001 0.8742703125 0.7858578125 0.8754 0.805965625 0.8725734375 0.8532171875 0.8744578125 0.8565687499999999 0.872384375 0.8646109375 0.87408125 0.8708109374999999 0.8733265625 0.8813671875000001 0.87408125 0.887734375 0.8742703125 0.904490625 0.878228125 0.9121984375000001 0.892365625 0.9189015625 0.8950046875 0.9249328125 0.8940625000000001 0.9289546874999999
3 0.4974546875 0.77546875 0.500659375 0.7758046875 0.501790625 0.779825 0.5031109375 0.779490625 0.5049953125 0.8039546874999999 0.5031109375 0.8106562500000001 0.5061265625 0.8170234375 0.5082 0.8341156249999999 0.5108390625 0.8378015624999999 0.5115921875 0.8404828125 0.514609375 0.8421578125 0.5168703125 0.845509375 0.5166828125 0.8495312500000001 0.5174359374999999 0.8528828125000001 0.517059375 0.861259375 0.5149859375 0.8726546875000001 0.5132890625 0.8770109375 0.508765625 0.9038203125000001 0.503675 0.9142093750000001 0.5031109375 0.91990625 0.5008484375 0.9249328125 0.49896250000000003 0.9316359375 0.498775 0.935321875 0.497078125 0.9393437499999999 0.496325 0.9470515625000001 0.496325 0.963471875 0.4980203125 0.9949734375 0.4991515625 0.9996656249999999 0.5108390625 0.9996656249999999 0.525165625 0.9946375 0.52836875 0.9926281250000001 0.533459375 0.9822390625 0.5315734375 0.9758718749999999 0.5372296875 0.945375 0.5425078125 0.9279484374999999 0.5426953125 0.92158125 0.5481625 0.8991281250000001 0.5502359375 0.8964484374999999 0.5504234375 0.8924265625000001 0.5458999999999999 0.885053125 0.54231875 0.8679625 0.547596875 0.8468500000000001 0.55419375 0.833109375 0.5551359375 0.8267421875000001 0.55400625 0.82138125 0.5547593749999999 0.8166890625000001 0.5545718749999999 0.808534375 0.5587187499999999 0.7985921874999999 0.5555140625 0.7804953125 0.5557015625 0.7704421875 0.5609796874999999 0.746984375 0.5643734375 0.7365953125 0.5643734375 0.7295578125 0.5624875 0.7238609375 0.5538171875 0.7060984375 0.54476875 0.6933640624999999 0.5296890624999999 0.6833109375 0.5223375 0.6806296875 0.5168703125 0.6813 0.5125359375 0.685321875 0.5083890625 0.6980562499999999 0.500471875 0.7151468750000001 0.495946875 0.7181640625 0.4861453125 0.7188343749999999 0.4850140625 0.720175 0.484825 0.72453125 0.4889734375 0.7322390624999999 0.49217656249999997 0.7339140625 0.49613593749999996 0.7382703125 0.5010375 0.7607234375 0.500659375 0.764075 0.5014140625 0.7664203125 0.501225 0.76843125 0.4972671875 0.7714484374999999 0.4974546875 0.77546875
1 0.5566453124999999 0.8049593749999999 0.5590953125 0.802278125 0.5600375 0.7985921874999999 0.5589062499999999 0.79658125 0.5560796875 0.7838468749999999 0.5553250000000001 0.7758046875 0.5607921874999999 0.7479890625000001 0.5645625 0.7369296875 0.5645625 0.7288875 0.5568328124999999 0.7111265625 0.5526859375 0.703753125 0.54476875 0.6933640624999999 0.5262953125000001 0.6813 0.5166828125 0.6806296875 0.5121578125 0.685321875 0.5078234375 0.6980562499999999 0.50009375 0.7148125000000001 0.4950046875 0.7171578125 0.48595625 0.7171578125 0.4846375 0.7181640625 0.48350625 0.720175 0.4836953125 0.7241953125 0.48859531250000005 0.732909375 0.4991515625 0.7459781249999999 0.5025453125 0.748325 0.5246000000000001 0.7727875 0.5278046875 0.775134375 0.5396796875 0.7955765625 0.5532515625000001 0.8039546874999999 0.5566453124999999 0.8049593749999999
2 0.3066921875 0.7717828124999999 0.3082 0.76843125 0.309896875 0.7674265625000001 0.313478125 0.7620640625 0.31404375 0.75971875 0.3185671875 0.7617296875 0.32101718749999997 0.7711125 0.3221484375 0.7721171874999999 0.3249765625 0.76843125 0.329878125 0.768096875 0.3319515625 0.7607234375 0.3349671875 0.7593828125 0.33440156249999997 0.755696875 0.3366640625 0.7479890625000001 0.3366640625 0.743296875 0.334025 0.7215140625 0.3302546875 0.709115625 0.32365625 0.7000671875 0.318378125 0.6960453125 0.30537187499999996 0.692359375 0.2985859375 0.6943703125 0.2867109375 0.702078125 0.2780390625 0.7128015624999999 0.27634375 0.7168234375 0.2796109375 0.722296875 0.2808671875 0.7262062499999999 0.28350624999999996 0.7384390625 0.284259375 0.7479890625000001 0.2870875 0.7577078125 0.2908578125 0.7647453125 0.301790625 0.762734375 0.30367500000000003 0.7674265625000001 0.3066921875 0.7717828124999999
3 0.296325 0.7942359375 0.29688906249999997 0.8143437499999999 0.2983984375 0.8217156250000001 0.2989625 0.8414875 0.3097078125 0.8485250000000001 0.308953125 0.8535515625000001 0.31253593749999997 0.8589140625 0.31065 0.861259375 0.31178125 0.8659515624999999 0.311215625 0.8689671875 0.3121578125 0.8729890625 0.311215625 0.876675 0.3091421875 0.879021875 0.3085765625 0.876675 0.3068796875 0.8753343750000001 0.3049953125 0.8770109375 0.3049953125 0.8843828125 0.30575 0.8884046874999999 0.306503125 0.8897453125 0.3091421875 0.888740625 0.31083906250000004 0.8971171874999999 0.3097078125 0.91286875 0.310084375 0.9202406249999999 0.308953125 0.9242625 0.3085765625 0.9433640625 0.31083906250000004 0.9557640624999999 0.31253593749999997 0.973190625 0.315928125 0.9812328125 0.318190625 0.9835796875 0.3255421875 0.995978125 0.33063125000000004 0.9963140625 0.33421249999999997 0.9946375 0.338359375 0.9822390625 0.338171875 0.9778828125000001 0.34005625 0.965146875 0.34099843750000003 0.9349859374999999 0.342884375 0.9225875 0.344203125 0.91990625 0.3438265625 0.9158843750000001 0.3468421875 0.90415625 0.3457109375 0.8981234375 0.34608906250000004 0.892090625 0.34948125 0.8880703125 0.3538171875 0.8867296874999999 0.35871875000000003 0.8867296874999999 0.360603125 0.888740625 0.361734375 0.8880703125 0.36116875 0.8796921875000001 0.35607968749999996 0.8739953125 0.35438281250000003 0.8575734374999999 0.3466546875 0.8220515625000001 0.3457109375 0.8140078125000001 0.3425078125 0.8016078125 0.34231875 0.79490625 0.33892500000000003 0.7717828124999999 0.33685156250000003 0.7533515625 0.3362859375 0.74028125 0.334025 0.723190625 0.3308203125 0.7128015624999999 0.32572968750000003 0.70341875 0.318190625 0.6970515625 0.3063140625 0.6933640624999999 0.30367500000000003 0.6947046875 0.2985859375 0.6947046875 0.28595625 0.7027484375 0.2789828125 0.7111265625 0.27634375 0.7164875 0.2778515625 0.720509375 0.2767203125 0.7241953125 0.2769078125 0.7265421875 0.27294999999999997 0.7278828125000001 0.27144218750000004 0.7252015625 0.2706875 0.727546875 0.269934375 0.74028125 0.271065625 0.7493296875000001 0.27558906250000004 0.75 0.2791703125 0.748325 0.2821859375 0.748659375 0.285390625 0.753853125 0.28821875 0.763740625 0.2914234375 0.7677609375000001 0.2936859375 0.7758046875 0.296325 0.7942359375
2 0.3178140625 0.6353890625 0.3202640625 0.636059375 0.32365625 0.6441015625000001 0.32591875 0.6444375 0.3291234375 0.647453125 0.3377953125 0.6461125 0.34231875 0.6424265625000001 0.33986875 0.6400796875 0.3391140625 0.63639375 0.34099843750000003 0.6343828125 0.3408109375 0.630696875 0.3419421875 0.62231875 0.3387375 0.6032171875000001 0.334025 0.584115625 0.3302546875 0.5757375 0.32572968750000003 0.5703750000000001 0.3219609375 0.567359375 0.31649375 0.5670234375 0.31027343749999997 0.56769375 0.302921875 0.5713812500000001 0.2983984375 0.5774125 0.2950046875 0.5908171875 0.2927421875 0.59584375 0.29293125 0.6035515625000001 0.2897265625 0.61528125 0.29481562499999997 0.6327078125 0.2989625 0.630696875 0.3034875 0.6330421875 0.30575 0.637734375 0.3066921875 0.6427609375000001 0.3104625 0.644771875 0.3153625 0.6367296875 0.3178140625 0.6353890625
3 0.326484375 0.7030828125 0.33213906249999997 0.7131375 0.3360984375 0.73156875 0.33760625 0.7439671875 0.33760625 0.755696875 0.33854843749999997 0.7587125 0.34062187499999996 0.7784859375 0.3419421875 0.7845171875 0.34326093750000003 0.80361875 0.3455234375 0.8113265625 0.34816250000000004 0.8257375 0.349859375 0.83009375 0.35023593750000004 0.8374671875 0.35419375 0.84584375 0.357775 0.856903125 0.359471875 0.8676281250000001 0.3623 0.87768125 0.3619234375 0.8806968749999999 0.3645625 0.887734375 0.36795468750000004 0.8927609375 0.3690859375 0.8967828125 0.3709703125 0.8981234375 0.3743640625 0.9054953125 0.383034375 0.9195703125 0.38906718749999997 0.923928125 0.392271875 0.9313 0.4007546875 0.974865625 0.4003765625 0.9782171875 0.401696875 0.989946875 0.4039578125 0.9922921875 0.41187500000000005 0.9916218750000001 0.41300625 0.9865953125000001 0.412440625 0.9815687499999999 0.41338437499999997 0.9785515625000001 0.41281875 0.9752015625 0.41319531249999997 0.9681640625 0.41602187500000004 0.9601203125 0.41677656250000006 0.9547593750000001 0.4165875 0.9460453125000001 0.4184734375 0.9359921874999999 0.4186609375 0.9212468749999999 0.4196046875 0.9158843750000001 0.41885000000000006 0.9132031250000001 0.4192265625 0.9078421875 0.41753125 0.8810328125 0.42356249999999995 0.8806968749999999 0.42770937499999995 0.8820375 0.42884062500000003 0.8806968749999999 0.42884062500000003 0.8756703124999999 0.43261093749999996 0.8726546875000001 0.4320453125 0.8713140625 0.4329875 0.86528125 0.43261093749999996 0.8391421875 0.432421875 0.8337796875000001 0.40772812500000005 0.748659375 0.40339375000000005 0.729221875 0.3979265625 0.7181640625 0.3962296875 0.7171578125 0.39415625 0.7087796875000001 0.392459375 0.7074390625 0.39189375000000004 0.7030828125 0.3928375 0.701071875 0.390575 0.6950406250000001 0.386428125 0.68934375 0.385296875 0.6849859375 0.3803953125 0.6792890625 0.368709375 0.6705765625 0.349859375 0.6608578125 0.34476874999999996 0.6524796875 0.34326093750000003 0.6451078125 0.34326093750000003 0.6380703125 0.3419421875 0.6290218750000001 0.3425078125 0.6226546875000001 0.33760625 0.59953125 0.3360984375 0.595509375 0.3360984375 0.5914875 0.33044375000000004 0.576071875 0.32591875 0.5707109375 0.3221484375 0.5680296874999999 0.310084375 0.5683640624999999 0.3061265625 0.5700406250000001 0.3027328125 0.5720515625 0.298209375 0.5777484375 0.295759375 0.5864609375 0.2950046875 0.59249375 0.293496875 0.595509375 0.29293125 0.6062328124999999 0.291234375 0.6119296875 0.28897343750000004 0.614946875 0.295946875 0.645778125 0.29688906249999997 0.6695703125 0.3002828125 0.6859921875 0.30480625 0.6920234375 0.3178140625 0.6963812500000001 0.32346875 0.7000671875 0.326484375 0.7030828125