2 0.931 0.5978859375 0.9372875 0.5975828125 0.9471453125 0.6018125000000001 0.9510531249999999 0.5996984375000001 0.9551328124999999 0.5921453125 0.9563218750000001 0.5842906250000001 0.9568328125000001 0.5728093750000001 0.9593812500000001 0.5555890625 0.9592109375 0.5407859375 0.958871875 0.5377640625 0.9549625 0.525075 0.949184375 0.5135953125 0.9457859375 0.5087609375000001 0.9405171875 0.5057406249999999 0.935928125 0.504834375 0.924371875 0.5054375 0.9136640625 0.512990625 0.9100953125 0.5190328125 0.906015625 0.5368578125 0.9039765624999999 0.55256875 0.904146875 0.5697890625 0.9049968749999999 0.5640484375 0.906015625 0.5619328125 0.9087359375 0.5607249999999999 0.9119640625000001 0.5622359375 0.9165531250000001 0.5712984375 0.921821875 0.5897281249999999 0.9238609375 0.5939578125 0.9262406249999999 0.596375 0.931 0.5978859375
2 0.816834375 0.5210109375 0.8115234375 0.551228125 0.8242703125 0.6022203125 0.860384375 0.6022203125 0.8548640625000001 0.5971484375 0.8593234375 0.5455625000000001 0.8455140625 0.5134562500000001 0.816834375 0.5210109375
2 0.7148640625 0.551228125 0.69893125 0.5266765625 0.667915625 0.5367265625 0.6585671875 0.5965546875000001 0.682996875 0.6381046875 0.7148640625 0.5908890625 0.7148640625 0.551228125
2 0.506671875 0.5077906249999999 0.4801171875 0.49079375000000003 0.46205937500000005 0.5096796875 0.46205937500000005 0.551228125 0.47480625 0.6078859375000001 0.484365625 0.6324390625 0.48649062499999995 0.651325 0.5024234375 0.6248843749999999 0.5064609375 0.5775109375 0.506671875 0.5077906249999999
2 0.3802703125 0.61921875 0.4047015625 0.62110625 0.397265625 0.5606718749999999 0.38876875 0.5247875 0.35350468749999997 0.524640625 0.34096875 0.583334375 0.330346875 0.62110625 0.3802703125 0.61921875
2 0.222003125 0.5795578124999999 0.24218437499999998 0.5738921875 0.25386875 0.5380078125 0.25280625 0.5059015625 0.24643281250000001 0.48135000000000006 0.2273140625 0.47001875000000004 0.20904531249999997 0.4883875 0.198634375 0.5455625000000001 0.222003125 0.5795578124999999
1 0.1062234375 0.4775734375 0.07818125000000001 0.4883875 0.065859375 0.5172328125 0.067984375 0.5323421875000001 0.056299999999999996 0.5550046875 0.055237499999999995 0.5852234375 0.08072968750000001 0.5965546875000001 0.1168453125 0.572003125 0.1264046875 0.5474515625 0.131715625 0.5229 0.12215625000000001 0.487015625 0.1062234375 0.4775734375
1 0.5895234375 0.5398968749999999 0.5682796875 0.5852234375 0.5672171875 0.6116640624999999 0.6128921875 0.64188125 0.6298874999999999 0.6456593749999999 0.63095 0.61921875 0.6267015625 0.60033125 0.6245765624999999 0.5701140625 0.6150171875 0.5436734375000001 0.6043953125 0.53423125 0.5895234375 0.5398968749999999
3 0.773284375 0.6777640625 0.8593234375 0.6494359375000001 0.8773796875000001 0.6456593749999999 0.8975625 0.6569906249999999 0.9049968749999999 0.6815421875000001 0.9124328125 0.6985390625 0.9262406249999999 0.7023171875 0.9549203125 0.679653125 0.974040625 0.626771875 0.9878484375 0.647546875 0.9825375 0.6947625000000001 0.96235625 0.7382 0.930490625 0.753309375 0.9018109375 0.7419765625 0.9028734375 0.796746875 0.9028734375 0.8552937500000001 0.8880015625000001 0.87606875 0.87525625 0.87606875 0.87100625 0.9346140625 0.9007484375000001 0.9648328125000001 0.9273031250000001 0.9818296875 0.994221875 0.9723875 0.9998296874999999 0.9289484375000001 0.9998296874999999 0.8647359375000001 0.9963468750000001 0.7891921875000001 0.9995328125 0.7721953125 0.9998296874999999 0.66059375 0.972978125 0.62110625 0.96129375 0.5701140625 0.952796875 0.5077906249999999 0.9018109375 0.5115671875000001 0.9049968749999999 0.572003125 0.9039343750000001 0.6116640624999999 0.8880015625000001 0.615440625 0.8317062500000001 0.62110625 0.772221875 0.651325 0.773284375 0.6777640625
3 0.8773796875000001 0.6626562500000001 0.8614468750000001 0.6532125 0.8571984374999999 0.6399921875000001 0.8571984374999999 0.5871125 0.8635718750000001 0.5493406249999999 0.8370171875000001 0.5096796875 0.8083375 0.5210109375 0.795590625 0.5814453125 0.7998390625 0.63055 0.7647875 0.6626562500000001 0.752040625 0.6947625000000001 0.74141875 0.7400890625 0.730796875 0.81185625 0.773284375 0.8364078125000001 0.78709375 0.8477390625 0.7690359375 0.881734375 0.73823125 0.8836234375 0.7297343749999999 0.925171875 0.772221875 0.9591671875 0.816834375 0.9837187500000001 0.8497625 0.9874953124999999 0.8773796875000001 0.9648328125000001 0.8795046875000001 0.915728125 0.8741937500000001 0.9006203125000001 0.8795046875000001 0.7740843749999999 0.8911890625 0.7457546875000001 0.9559828125 0.7363109375 0.9857250000000001 0.6607671875000001 0.9889109375 0.6324390625 0.972978125 0.6078859375000001 0.9591687500000001 0.68343125 0.9134953124999999 0.69665 0.8826906250000001 0.6702109375 0.8773796875000001 0.6626562500000001
3 0.6745 0.530453125 0.662815625 0.572003125 0.6787484375 0.63055 0.6691890625 0.6532125 0.641571875 0.6664328125 0.6150171875 0.6626562500000001 0.5767781249999999 0.6569906249999999 0.5342890625 0.62110625 0.528978125 0.6324390625 0.573590625 0.6626562500000001 0.6128921875 0.7098703125 0.6617531249999999 0.7098703125 0.65325625 0.7514203125 0.6458203124999999 0.8043015625000001 0.638384375 0.908175 0.6585671875 0.9704984375000001 0.7265484375 0.9591671875 0.7361078125 0.8647359375000001 0.7339828125000001 0.7344234375 0.793465625 0.7514203125 0.82639375 0.7306453125 0.8614468750000001 0.6437703124999999 0.8497625 0.6569906249999999 0.7998390625 0.70609375 0.774346875 0.6928734375000001 0.7509781249999999 0.6626562500000001 0.7180500000000001 0.6494359375000001 0.7074281250000001 0.6286609375000001 0.715925 0.5738921875 0.6968062500000001 0.5266765625 0.6745 0.530453125
3 0.715925 0.7079828125 0.6808734375000001 0.753309375 0.6617531249999999 0.717425 0.6490078125000001 0.6872078125 0.628825 0.6532125 0.6245765624999999 0.60033125 0.6150171875 0.5398968749999999 0.5820890624999999 0.5417859375 0.5449109375 0.589 0.5597828125000001 0.6229953125 0.5682796875 0.6437703124999999 0.5576578125 0.6569906249999999 0.5406625 0.68343125 0.5226046875 0.711759375 0.49498749999999997 0.7287578124999999 0.484365625 0.6551015625 0.47268125000000005 0.609775 0.4525 0.63055 0.47586874999999995 0.7042046875 0.487553125 0.77975 0.5247296875 0.785415625 0.5565953125 0.7514203125 0.551284375 0.8175218750000001 0.5427875 0.8874000000000001 0.5427875 0.9440578125 0.6012078125 0.96294375 0.6351984374999999 0.9497234375 0.641571875 0.8779562500000001 0.6362609375 0.787303125 0.6405093749999999 0.7457546875000001 0.6968062500000001 0.8061890625 0.7329203125 0.723090625 0.7562890624999999 0.66454375 0.7392937500000001 0.6381046875 0.720175 0.6551015625 0.715925 0.7079828125
3 0.6012078125 0.66454375 0.5576578125 0.658878125 0.52048125 0.626771875 0.5024234375 0.6022203125 0.509859375 0.53423125 0.509859375 0.496459375 0.47055781249999995 0.48323906250000004 0.45674843750000005 0.5077906249999999 0.450375 0.5550046875 0.4588734375 0.5927781249999999 0.45993593749999995 0.6229953125 0.42700781250000003 0.6456593749999999 0.38664375 0.6456593749999999 0.3494671875 0.63055 0.2836109375 0.60033125 0.2836109375 0.636215625 0.311228125 0.651325 0.3388453125 0.668321875 0.3643375 0.6947625000000001 0.41957187500000004 0.6947625000000001 0.44081562500000004 0.6947625000000001 0.4450640625 0.723090625 0.4578109375 0.785415625 0.45674843750000005 0.8212984375 0.4365671875 0.8741796875000001 0.43338124999999994 0.9195062500000001 0.45674843750000005 0.9648328125000001 0.493715625 0.96421875 0.5427875 0.9610546875000001 0.5449109375 0.8949546875 0.52048125 0.8024125 0.5342890625 0.70609375 0.5873999999999999 0.7023171875 0.6351984374999999 0.6777640625 0.6798109375 0.64188125 0.6691890625 0.6173296875000001 0.642634375 0.6324390625 0.6012078125 0.66454375
3 0.4025765625 0.604109375 0.3908921875 0.5323421875000001 0.354778125 0.5096796875 0.33778281250000003 0.551228125 0.3356578125 0.6022203125 0.3260984375 0.6399921875000001 0.29954375 0.6890968749999999 0.2931703125 0.753309375 0.29741875 0.8175218750000001 0.3037921875 0.866625 0.29954375 0.915728125 0.3165390625 0.9535015625 0.34309375000000003 0.9610546875000001 0.3813328125 0.96294375 0.4180859375 0.912859375 0.411075 0.7948578125 0.43550468750000004 0.764640625 0.4928640625 0.6985390625 0.5247296875 0.6399921875000001 0.51729375 0.615440625 0.49180156249999996 0.6343265625 0.4694953125 0.6947625000000001 0.44400312499999994 0.70609375 0.420634375 0.6815421875000001 0.4025765625 0.604109375
3 0.4100125 0.6135515625 0.3590265625 0.6135515625 0.306978125 0.6173296875000001 0.2698015625 0.6173296875000001 0.25280625 0.5644484375000001 0.2602421875 0.49079375000000003 0.219878125 0.47379531249999995 0.198634375 0.498346875 0.195446875 0.551228125 0.2060703125 0.594665625 0.156146875 0.63055 0.1285296875 0.6739875 0.089228125 0.6702109375 0.063734375 0.60033125 0.0276203125 0.6173296875000001 0.063734375 0.6928734375000001 0.0966625 0.7457546875000001 0.156146875 0.723090625 0.176328125 0.764640625 0.173140625 0.8458500000000001 0.1603953125 0.9119515625 0.1827015625 0.966721875 0.21839218749999997 0.9702609375 0.27192656249999997 0.945946875 0.2942328125 0.9100625000000001 0.284671875 0.8647359375000001 0.276175 0.77030625 0.276175 0.690984375 0.33990624999999997 0.66454375 0.363275 0.6569906249999999 0.4078875 0.64188125 0.4238203125 0.6569906249999999 0.4100125 0.6135515625
3 0.27192656249999997 0.5814453125 0.2135046875 0.5852234375 0.1603953125 0.6059984375 0.11259531250000002 0.5965546875000001 0.1391515625 0.5550046875 0.12215625000000001 0.49457031249999994 0.087103125 0.47190624999999997 0.059485937499999995 0.5115671875000001 0.060548437499999996 0.5417859375 0.055237499999999995 0.5757796875000001 0.0626734375 0.604109375 0.054174999999999994 0.604109375 0.03399375 0.6437703124999999 0.0021265625 0.6890968749999999 0.000003125 0.717425 0 0.79108125 0.0276203125 0.7419765625 0.042490625 0.7306453125 0.039304687500000005 0.8269640624999999 0.0265578125 0.9006203125000001 0.044615625 0.9497234375 0.087528125 0.971771875 0.1572078125 0.9440578125 0.1710171875 0.8779562500000001 0.16251875 0.8534046875 0.14127499999999998 0.8212984375 0.1423375 0.7344234375 0.1391515625 0.6607671875000001 0.1837640625 0.636215625 0.262365625 0.615440625 0.30060625 0.609775 0.27192656249999997 0.5814453125