3 0.20383281250000002 0.6439578125 0.2126671875 0.6409953125000001 0.21733281249999997 0.6406984375 0.2206671875 0.6389218750000001 0.227 0.6395140625 0.22933281249999998 0.6412921875 0.2323328125 0.64603125 0.2358328125 0.6383296875 0.2393328125 0.634478125 0.2418328125 0.638625 0.2426671875 0.641884375 0.2423328125 0.6463265625 0.2441671875 0.6492890625000001 0.248 0.651065625 0.24900000000000003 0.6454390625 0.2508328125 0.6424765625 0.2533328125 0.6415875 0.2565 0.6424765625 0.258 0.6501781249999999 0.2593328125 0.652546875 0.2623328125 0.6549171874999999 0.2638328125 0.6549171874999999 0.2645 0.6454390625 0.263 0.626184375 0.2636671875 0.62351875 0.2641671875 0.6084125 0.2636671875 0.60011875 0.262 0.5918249999999999 0.2601671875 0.5870859375 0.2558328125 0.5823453125 0.248 0.5764218750000001 0.23716718750000002 0.570496875 0.23433281250000002 0.566646875 0.2325 0.558353125 0.23199999999999998 0.5482812499999999 0.2328328125 0.5408765625 0.23666718750000001 0.5355453125 0.23883281250000002 0.5257703125 0.2401671875 0.5239921875 0.2421671875 0.5139218750000001 0.2435 0.4982234375 0.24316718750000002 0.4940765625 0.2401671875 0.48222812499999995 0.236 0.4736375 0.2305 0.469490625 0.2288328125 0.46652812499999996 0.2246671875 0.46445468749999996 0.22000000000000003 0.4638625 0.2126671875 0.46623281250000004 0.2108328125 0.47067500000000007 0.205 0.477784375 0.2043328125 0.4813390625 0.205 0.48726250000000004 0.20249999999999999 0.5 0.2013328125 0.5017765625 0.20066718749999998 0.505628125 0.1996671875 0.526065625 0.20049999999999998 0.5337671875 0.20299999999999999 0.5408765625 0.2028328125 0.544728125 0.2036671875 0.5485781249999999 0.2046671875 0.5521328125 0.20750000000000002 0.555390625 0.2083328125 0.56101875 0.20783281250000002 0.56398125 0.205 0.569609375 0.1858328125 0.577903125 0.181 0.58205 0.1775 0.59034375 0.1755 0.605746875 0.1758328125 0.622334375 0.1748328125 0.630628125 0.1753328125 0.6327015625 0.1815 0.6448453125 0.1841671875 0.6466234375 0.186 0.6501781249999999 0.1891671875 0.652546875 0.1931671875 0.6522515624999999 0.197 0.6481046874999999 0.20383281250000002 0.6439578125
3 0.0606671875 0.6033765625 0.052332812500000006 0.6187796875 0.049832812500000004 0.626184375 0.0448328125 0.635959375 0.0443328125 0.6389218750000001 0.043 0.6409953125000001 0.040332812499999995 0.6424765625 0.0383328125 0.6463265625 0.037 0.64988125 0.0376671875 0.654028125 0.0411671875 0.6555093750000001 0.0448328125 0.6531390625 0.0605 0.6507703125 0.0601671875 0.6466234375 0.063 0.6415875 0.0668328125 0.6406984375 0.0776671875 0.648696875 0.08316718749999999 0.6555093750000001 0.0876671875 0.6569906249999999 0.1001671875 0.6575828125000001 0.10883281250000001 0.654028125 0.1113328125 0.64455 0.1153328125 0.644253125 0.11866718750000001 0.640403125 0.122 0.6421796875 0.12166718750000001 0.6463265625 0.12350000000000001 0.6501781249999999 0.1261671875 0.6513625000000001 0.131 0.6501781249999999 0.1353328125 0.6424765625 0.1333328125 0.6315171875 0.1333328125 0.6273703125 0.134 0.626184375 0.1385 0.6258890625 0.141 0.62885 0.14650000000000002 0.6309234375 0.1505 0.6297390625 0.1545 0.6312203125 0.1556671875 0.6300359375 0.1558328125 0.6267765625 0.1541671875 0.6181875 0.1505 0.6122625 0.14450000000000002 0.6075234375 0.14033281250000001 0.5995265625 0.13799999999999998 0.5977484375000001 0.1351671875 0.59330625 0.1305 0.59034375 0.1228328125 0.5897515624999999 0.1176671875 0.58738125 0.1133328125 0.5867890625000001 0.1113328125 0.5847156250000001 0.1106671875 0.5796796875 0.11200000000000002 0.5755328125 0.11283281249999999 0.5654625 0.1135 0.5630921875 0.1158328125 0.559834375 0.11733281250000001 0.5518359375 0.1176671875 0.544134375 0.1143328125 0.5180687500000001 0.1093328125 0.50533125 0.1036671875 0.499703125 0.0956671875 0.49881562500000004 0.0915 0.5 0.086 0.5047390625 0.08266718749999999 0.510959375 0.08 0.520734375 0.0791671875 0.5281390625 0.0795 0.5373218750000001 0.0788328125 0.552725 0.08366718749999999 0.571978125 0.0853328125 0.580865625 0.0858328125 0.5882703125 0.08183281249999999 0.5927125 0.0648328125 0.598340625 0.0606671875 0.6033765625
3 0.3286671875 0.6501781249999999 0.3293328125 0.645734375 0.3323328125 0.6409953125000001 0.3346671875 0.6409953125000001 0.3388328125 0.6421796875 0.34066718749999997 0.6501781249999999 0.34566718750000003 0.6555093750000001 0.3523328125 0.6543249999999999 0.3561671875 0.6501781249999999 0.356 0.6463265625 0.35333281250000004 0.642771875 0.3328328125 0.6315171875 0.3308328125 0.62648125 0.3325 0.6119671875 0.3366671875 0.5953796875 0.339 0.5918249999999999 0.34183281249999997 0.5829390625 0.34216718749999997 0.576125 0.3416671875 0.56398125 0.33849999999999997 0.544728125 0.3348328125 0.5370265625 0.32983281249999996 0.5322875 0.3236671875 0.5305093750000001 0.32 0.53080625 0.3115 0.535840625 0.3063328125 0.544134375 0.3051671875 0.5485781249999999 0.3048328125 0.556871875 0.304 0.559834375 0.3008328125 0.5648703125 0.3031671875 0.5716828125 0.3021671875 0.5758296875 0.3025 0.5799765625 0.3061671875 0.591528125 0.3076671875 0.5936015625 0.3098328125 0.6033765625 0.311 0.62115 0.3088328125 0.626184375 0.3033328125 0.6315171875 0.2953328125 0.6341828125 0.2905 0.634478125 0.28716718750000003 0.6383296875 0.28316718750000003 0.6463265625 0.28300000000000003 0.654028125 0.29 0.6504734375 0.29283281250000004 0.6501781249999999 0.2965 0.6463265625 0.3036671875 0.6451421875000001 0.3106671875 0.645734375 0.3176671875 0.6513625000000001 0.3223328125 0.6519546875 0.3263328125 0.654028125 0.3286671875 0.6501781249999999
3 0.3816671875 0.6602484375000001 0.386 0.6578796875 0.38633281249999996 0.6549171874999999 0.3871671875 0.6537328125 0.3961671875 0.6495859375 0.40416718749999997 0.6475125 0.4085 0.643365625 0.4135 0.6475125 0.4191671875 0.6489921875 0.4233328125 0.651659375 0.4318328125 0.6522515624999999 0.4348328125 0.654028125 0.44916718749999995 0.6531390625 0.45899999999999996 0.654028125 0.4601671875 0.6507703125 0.45733281249999996 0.6472156250000001 0.4563328125 0.6430687500000001 0.4601671875 0.63033125 0.4591671875 0.6226296875 0.45783281249999996 0.6184828125 0.45816718749999996 0.6122625 0.4575 0.6033765625 0.4551671875 0.5956750000000001 0.4508328125 0.5906390625 0.4425 0.5888625000000001 0.4391671875 0.5870859375 0.4278328125 0.5781984375 0.4238328125 0.572275 0.4226671875 0.5642765625 0.4238328125 0.5485781249999999 0.425 0.5459125 0.4278328125 0.5435421875 0.43 0.5370265625 0.4305 0.5257703125 0.4295 0.5216234375 0.429 0.509478125 0.4273328125 0.5020734375 0.422 0.4937796875 0.4185 0.4896328125 0.41333281250000004 0.48637499999999995 0.40800000000000003 0.48607812499999997 0.4003328125 0.49170625 0.3961671875 0.49762968750000003 0.393 0.509478125 0.39249999999999996 0.5139218750000001 0.3931671875 0.5171796875 0.3916671875 0.5245859375 0.3916671875 0.5337671875 0.39649999999999996 0.552725 0.3975 0.5690171875 0.39633281249999996 0.57375625 0.3901671875 0.5805687500000001 0.383 0.586196875 0.377 0.588565625 0.3728328125 0.588565625 0.3683328125 0.5918249999999999 0.365 0.5977484375000001 0.3631671875 0.607228125 0.36366718750000004 0.6202609375 0.362 0.6327015625 0.36150000000000004 0.643365625 0.3591671875 0.6504734375 0.35966718750000004 0.654028125 0.3645 0.6555093750000001 0.3696671875 0.6546203125 0.3758328125 0.65669375 0.3788328125 0.6593609375 0.3816671875 0.6602484375000001
3 0.4978328125 0.6350703125 0.5113328125 0.6398109375 0.5163328125 0.6436609375 0.5211671875 0.654028125 0.5275000000000001 0.6501781249999999 0.5283328125 0.648696875 0.5326671875 0.652546875 0.5368328124999999 0.6531390625 0.5451671874999999 0.6501781249999999 0.5506671875 0.6421796875 0.5519999999999999 0.6273703125 0.5505 0.5956750000000001 0.549 0.5879734375 0.5448328124999999 0.581753125 0.5315000000000001 0.576125 0.5273328125 0.5725703125 0.5291671874999999 0.5672390625 0.5331671874999999 0.56635 0.537 0.56783125 0.5386671875 0.5648703125 0.5418328125 0.5619078125 0.5429999999999999 0.5589453125 0.545 0.5450234375 0.5443328125 0.5331750000000001 0.5405 0.52784375 0.5201671875 0.4866703125 0.5175 0.4828203125 0.5098328125 0.47808124999999996 0.5051671875 0.47808124999999996 0.4948328125 0.4825234375 0.49050000000000005 0.49052187500000005 0.48833281250000005 0.5050359375 0.48550000000000004 0.5133296875 0.484 0.5251781249999999 0.48250000000000004 0.5293249999999999 0.48416718750000004 0.536434375 0.48366718750000004 0.5408765625 0.48466718750000004 0.544728125 0.4818328125 0.553021875 0.481 0.5604265625 0.48200000000000004 0.5648703125 0.48033281250000004 0.568128125 0.4741671875 0.5702015625 0.4706671875 0.5758296875 0.46849999999999997 0.588565625 0.465 0.617890625 0.46483281249999997 0.62351875 0.46566718749999997 0.6312203125 0.4668328125 0.6353671875 0.46849999999999997 0.6371453125000001 0.4781671875 0.64010625 0.48250000000000004 0.638625 0.4863328125 0.640403125 0.4901671875 0.638625 0.4941671875 0.634775 0.4978328125 0.6350703125
3 0.5951671875 0.5947875 0.5915 0.5977484375000001 0.581 0.6107812499999999 0.5731671875 0.627665625 0.5661671875 0.638625 0.5678328125000001 0.640403125 0.5761671875000001 0.6421796875 0.5781671875 0.6392187500000001 0.5793328125 0.634775 0.5809171875 0.633590625 0.5878328125000001 0.633590625 0.5918328125000001 0.6318125 0.5978328125 0.632996875 0.5996671874999999 0.634478125 0.6051671875 0.6415875 0.6086671875 0.64988125 0.6111671875 0.6513625000000001 0.623 0.652546875 0.6316671875 0.6507703125 0.6391671875 0.651065625 0.6931671875000001 0.65669375 0.6976671875 0.6561015625 0.6981671875 0.654028125 0.6946671875 0.64988125 0.6878328125000001 0.6377375 0.6836671875 0.6267765625 0.6775 0.6175953125 0.6705 0.6107812499999999 0.6461671875 0.5921203125 0.6455 0.5906390625 0.6446671875 0.5876781249999999 0.6448328125 0.5829390625 0.647 0.5648703125 0.6503328125000001 0.555390625 0.651 0.5438390625 0.6491671875 0.53761875 0.6491671875 0.5251781249999999 0.6478328125 0.5171796875 0.6406671875 0.4979265625 0.6346671875000001 0.4940765625 0.6305 0.4940765625 0.6218328125 0.4979265625 0.6176671875 0.5017765625 0.6148328125 0.5059234375 0.6146671875 0.510959375 0.6118328125 0.52488125 0.6108328125 0.55124375 0.612 0.5604265625 0.6136671875 0.56398125 0.616 0.574940625 0.6176671875 0.5790875 0.6174999999999999 0.58441875 0.6014999999999999 0.5927125 0.5951671875 0.5947875
3 0.7558328125 0.6489921875 0.76 0.6543249999999999 0.7756671875000001 0.6569906249999999 0.7778328125 0.6543249999999999 0.7953328125 0.6475125 0.798 0.6489921875 0.8028328124999999 0.6484 0.8051671875 0.6463265625 0.8061671875 0.6377375 0.8076671875000001 0.6371453125000001 0.8106671875 0.6383296875 0.8115 0.6350703125 0.8109999999999999 0.6338859375 0.8073328125 0.633590625 0.8055 0.6309234375 0.8063328125 0.6202609375 0.8056671874999999 0.6119671875 0.8033328125000001 0.6027843749999999 0.7985 0.5921203125 0.7951671874999999 0.5870859375 0.7908328124999999 0.583234375 0.787 0.5814578125 0.7823328125 0.5838265625 0.778 0.580865625 0.7778328125 0.5796796875 0.7796671875000001 0.577903125 0.78 0.5755328125 0.7791671874999999 0.5699046875 0.7765 0.5642765625 0.7765 0.56101875 0.7815000000000001 0.5485781249999999 0.7821671875 0.5450234375 0.782 0.5370265625 0.7785 0.5103671875 0.7726671875 0.49762968750000003 0.7675 0.49496406249999997 0.7593328125000001 0.49466875000000005 0.7525000000000001 0.5 0.748 0.5077015625 0.7448328125 0.520734375 0.7448328125 0.5257703125 0.7436671875 0.5325828125000001 0.7436671875 0.544728125 0.7453328124999999 0.5521328125 0.75 0.562203125 0.751 0.56783125 0.7535000000000001 0.5746453125000001 0.7533328125 0.579384375 0.7521671875 0.5823453125 0.7501671875 0.58353125 0.7361671875 0.5829390625 0.7343328125 0.586196875 0.7321671875 0.5876781249999999 0.7285 0.5992296875 0.7278328125 0.6075234375 0.7264999999999999 0.611375 0.7245 0.6229265625 0.7181671875 0.6466234375 0.7175 0.651659375 0.7206671874999999 0.6522515624999999 0.7216671875 0.6501781249999999 0.7278328125 0.6472156250000001 0.7375 0.6475125 0.7406671874999999 0.6466234375 0.7434999999999999 0.644253125 0.7473328125 0.644253125 0.7495 0.6463265625 0.7558328125 0.6489921875
3 0.8968328124999999 0.6519546875 0.8973328125 0.6543249999999999 0.9008328125 0.6561015625 0.9111671875 0.65669375 0.9176671875 0.6549171874999999 0.9315 0.654028125 0.9351671874999999 0.6495859375 0.9395 0.6501781249999999 0.9428328125000001 0.6489921875 0.9455 0.64988125 0.9494999999999999 0.6534359375000001 0.9518328125 0.6537328125 0.9591671875 0.6475125 0.9668328125000001 0.6513625000000001 0.9713328125 0.6475125 0.9746671875 0.6504734375 0.9785 0.6489921875 0.9800000000000001 0.6466234375 0.9796671874999999 0.64455 0.978 0.6439578125 0.978 0.6409953125000001 0.9800000000000001 0.6389218750000001 0.9785 0.6368484375000001 0.9775 0.6318125 0.9775 0.6187796875 0.9783328125 0.615225 0.978 0.60308125 0.9753328124999999 0.5936015625 0.9706671874999999 0.5853078125 0.968 0.583234375 0.9666671875 0.580865625 0.9628328125 0.58205 0.9593328124999999 0.5870859375 0.9564999999999999 0.5879734375 0.9550000000000001 0.590046875 0.953 0.6075234375 0.9453328125 0.6075234375 0.9445 0.605746875 0.9435 0.595971875 0.9436671875 0.5870859375 0.9451671875000001 0.5784953125000001 0.9494999999999999 0.5687203125 0.9503328124999999 0.5642765625 0.9494999999999999 0.5565765625 0.9478328125000001 0.55124375 0.9473328125 0.5331750000000001 0.9466671874999999 0.5293249999999999 0.9428328125000001 0.5201421875000001 0.9316671875000001 0.5103671875 0.9236671875000001 0.510959375 0.9206671875 0.5127375 0.9138328124999999 0.520734375 0.9096671875 0.5296203125 0.9086671875000001 0.538803125 0.909 0.5547984375 0.9076671875000001 0.56101875 0.9075 0.56783125 0.9095000000000001 0.5758296875 0.9133328125 0.580271875 0.9155 0.5870859375 0.915 0.5927125 0.9178328125 0.606634375 0.9173328125 0.609596875 0.916 0.6116703125 0.9116671875 0.614040625 0.9073328125 0.6149296875 0.9063328125 0.6143359375 0.9051671875 0.6104859375 0.9061671875 0.607228125 0.9041671875 0.598934375 0.9 0.5998218750000001 0.8960000000000001 0.5977484375000001 0.8905 0.6004140625 0.8806671875 0.6110781249999999 0.8801671875 0.6241109375 0.8779999999999999 0.630628125 0.8778328125 0.6353671875 0.8761671874999999 0.6421796875 0.8765000000000001 0.6466234375 0.8779999999999999 0.651065625 0.8776671875 0.654028125 0.8800000000000001 0.65580625 0.8933328125 0.6546203125 0.8968328124999999 0.6519546875
2 0.9411671875 0.5382109374999999 0.9431671875 0.5462078125 0.9455 0.548875 0.9456671875 0.5521328125 0.9473328125 0.5533171875 0.9476671874999999 0.5518359375 0.9478328125000001 0.5444312499999999 0.9486671875000001 0.5408765625 0.9471671875000001 0.5296203125 0.9431671875 0.5198453125 0.9316671875000001 0.5100703125 0.924 0.510959375 0.9195 0.5133296875 0.9111671875 0.5245859375 0.9086671875000001 0.5328796875 0.9076671875000001 0.5408765625 0.908 0.5459125 0.9095000000000001 0.5503546874999999 0.9119999999999999 0.5536140625 0.914 0.5497625 0.9168328125 0.54058125 0.9276671875 0.5313984375 0.9313328125 0.5305093750000001 0.9391671875000001 0.5337671875 0.9411671875 0.5382109374999999
2 0.7675 0.5106640625 0.7698328125 0.5174765625 0.7721671875 0.5216234375 0.774 0.529028125 0.7751671875 0.5311015625 0.7768328125 0.5322875 0.7791671874999999 0.5361374999999999 0.7806671875 0.533471875 0.7808328125 0.52488125 0.7788328124999999 0.509775 0.7733328125 0.49762968750000003 0.7678328125 0.49466875000000005 0.7595 0.494371875 0.7541671875 0.49762968750000003 0.7516671875000001 0.5005921875 0.7478328125 0.5068125 0.746 0.512440625 0.7438328125 0.5263625000000001 0.7436671875 0.53761875 0.7443328124999999 0.5385078125 0.747 0.5373218750000001 0.748 0.5361374999999999 0.7488328125 0.5328796875 0.7488328125 0.5293249999999999 0.7506671875 0.5245859375 0.7556671875000001 0.5165875 0.7601671875 0.5118484375000001 0.7675 0.5106640625
2 0.6491671875 0.526065625 0.6483328125 0.5222156250000001 0.6483328125 0.5174765625 0.642 0.4982234375 0.64 0.495853125 0.635 0.4937796875 0.6305 0.4937796875 0.6208328125 0.49762968750000003 0.6165 0.5017765625 0.614 0.5059234375 0.6134999999999999 0.5127375 0.6111671875 0.523696875 0.6113328124999999 0.53080625 0.6151671875 0.533471875 0.6176671875 0.5213265625 0.6186671875 0.51955 0.6235 0.5159953125000001 0.6386671875000001 0.5127375 0.6421671875 0.5174765625 0.6461671875 0.52784375 0.6481671875 0.52784375 0.6491671875 0.526065625
2 0.5261671875 0.523696875 0.5309999999999999 0.5174765625 0.5305 0.5148109375 0.5295 0.5139218750000001 0.5301671875 0.509478125 0.5270828125 0.504590625 0.5205 0.4866703125 0.5178328125 0.48222812499999995 0.5096671875000001 0.47748749999999995 0.5046671875000001 0.477784375 0.4983328125 0.48015468749999995 0.4943328125 0.48222812499999995 0.4915 0.4854859375 0.48949999999999994 0.4899296875 0.4893328125 0.49674218750000004 0.4848328125 0.5100703125 0.4845 0.5139218750000001 0.4861671875 0.5186609375 0.4901671875 0.5198453125 0.49633281250000005 0.50533125 0.5056671875000001 0.5008890625 0.5091671875 0.502665625 0.5168328125 0.5165875 0.5206671875 0.5201421875000001 0.5213328125000001 0.5254734375 0.5261671875 0.523696875
2 0.4215 0.495853125 0.42400000000000004 0.5008890625 0.4255 0.509775 0.42699999999999994 0.5133296875 0.4265 0.5174765625 0.4273328125 0.5204390625 0.42800000000000005 0.52103125 0.4303328125 0.517771875 0.4295 0.5130328125 0.4303328125 0.509478125 0.4283328125 0.500296875 0.4266671875 0.49881562500000004 0.4238328125 0.49259531250000005 0.4198328125 0.487559375 0.4161671875 0.484596875 0.41050000000000003 0.48370781249999995 0.40449999999999997 0.4854859375 0.39633281249999996 0.4937796875 0.39466718749999996 0.5 0.39233281249999996 0.5035546875 0.3921671875 0.513625 0.39266718749999996 0.5162921875 0.39633281249999996 0.510959375 0.3976671875 0.505628125 0.3975 0.50148125 0.3993328125 0.49615 0.40283281249999997 0.49289062499999997 0.4081671875 0.490225 0.4166671875 0.4911140625 0.4215 0.495853125
2 0.3131671875 0.5536140625 0.3183328125 0.5438390625 0.3261671875 0.5435421875 0.3303328125 0.5462078125 0.33416718749999996 0.555390625 0.3353328125 0.5601296875 0.3353328125 0.5642765625 0.3365 0.568128125 0.33783281249999997 0.5702015625 0.3391671875 0.5702015625 0.341 0.5693125 0.3416671875 0.56783125 0.3415 0.5562796875 0.33816718749999997 0.5411734375 0.33616718749999996 0.5370265625 0.32999999999999996 0.5313984375 0.3211671875 0.5299171874999999 0.3145 0.5322875 0.3106671875 0.535840625 0.3056671875 0.5444312499999999 0.3045 0.5485781249999999 0.3045 0.553021875 0.3031671875 0.561315625 0.3005 0.5642765625 0.3028328125 0.5693125 0.3053328125 0.5716828125 0.3065 0.5758296875 0.307 0.5728671875 0.3113328125 0.56398125 0.3115 0.5604265625 0.3131671875 0.5536140625
2 0.2228328125 0.494371875 0.22400000000000003 0.4982234375 0.22416718750000003 0.5017765625 0.2283328125 0.5127375 0.2355 0.5077015625 0.238 0.507996875 0.2401671875 0.5106640625 0.24100000000000002 0.5091828125 0.2413328125 0.50533125 0.2435 0.5020734375 0.244 0.499703125 0.2443328125 0.4937796875 0.2425 0.4908171875 0.24083281250000002 0.4825234375 0.24 0.47956093749999995 0.2379171875 0.4764515625 0.2363328125 0.46889843750000004 0.2325 0.4700828125 0.22966718749999998 0.4659359375 0.2203328125 0.46238124999999997 0.2126671875 0.46534375 0.2041671875 0.4783765625 0.2041671875 0.48518906250000005 0.205 0.48844843750000005 0.20733281250000002 0.48518906250000005 0.2125 0.4813390625 0.22000000000000003 0.47956093749999995 0.22216718750000003 0.480746875 0.223 0.4825234375 0.22200000000000003 0.4869671875 0.2231671875 0.4911140625 0.2228328125 0.494371875
2 0.1106671875 0.5370265625 0.11299999999999999 0.53761875 0.11499999999999999 0.541765625 0.1155 0.5411734375 0.11516718749999999 0.5361374999999999 0.11616718749999999 0.5251781249999999 0.1135 0.513625 0.11000000000000001 0.505628125 0.1036671875 0.49881562500000004 0.1001671875 0.49762968750000003 0.0916671875 0.49881562500000004 0.08449999999999999 0.505628125 0.08 0.5174765625 0.0783328125 0.5251781249999999 0.08 0.5373218750000001 0.08399999999999999 0.5325828125000001 0.0883328125 0.52103125 0.0923328125 0.5165875 0.0973328125 0.515403125 0.0996671875 0.5159953125000001 0.10500000000000001 0.52103125 0.1086671875 0.529028125 0.1106671875 0.5370265625