1 0 0.6504296875 0.0018265625 0.6504296875 0.024959375 0.6366421875 0.0326703125 0.633578125 0.0424109375 0.6210171875 0.048701562500000004 0.616421875 0.05316562500000001 0.6151953125 0.0551953125 0.6106 0.0584421875 0.60815 0.059659375 0.599878125 0.061890625 0.5940562500000001 0.064934375 0.59221875 0.06980468749999999 0.5854781250000001 0.0720375 0.5839453125 0.07406718749999999 0.5799624999999999 0.0730515625 0.5747546875 0.07183437499999999 0.5729171875 0.07244375 0.5683203125 0.069196875 0.5643374999999999 0.06432656249999999 0.5615812499999999 0.058846875 0.561275 0.045251562499999995 0.5536156250000001 0.0355109375 0.556371875 0.028409374999999997 0.5603546875000001 0.017248437499999998 0.5631125 0.005884375 0.570465625 0 0.571690625 0 0.6504296875
3 0 0.9969359375 0.012987499999999999 0.9963234375000001 0.018059375 0.9975484375000001 0.02130625 0.9969359375 0.022321874999999998 0.9944859375 0.020901562500000002 0.974878125 0.021509375 0.962621875 0.01948125 0.9479171875000001 0.01948125 0.9111515625 0.0206984375 0.9034921875 0.018871875 0.884496875 0.021103125 0.87408125 0.0259734375 0.876225 0.033076562500000004 0.8728546875 0.0332796875 0.8691796875 0.037134375 0.8651953125 0.039773437499999995 0.8547796875 0.043425000000000005 0.8458953125 0.046265625 0.8416046875 0.047078125 0.8379296875 0.05316562500000001 0.8299625 0.05316562500000001 0.821996875 0.0515421875 0.811275 0.0803578125 0.5723046875 0.078734375 0.5680140625 0.0771109375 0.5664828125 0.0647328125 0.5618875 0.059659375 0.5615812499999999 0.050528125 0.5557593749999999 0.0460640625 0.5542281250000001 0.040990625 0.554840625 0.0166390625 0.5631125 0.014204687499999999 0.5652578125 0 0.571996875 0 0.9969359375
1 0.106534375 0.6712625 0.134740625 0.6565562500000001 0.14265468750000002 0.65625 0.1452921875 0.65778125 0.146915625 0.6651343749999999 0.146915625 0.6755515625 0.147525 0.6770828125 0.15056875 0.6773890625 0.15422031249999998 0.6758578125 0.1574671875 0.6697296875000001 0.1570609375 0.6608453125 0.1515828125 0.6436890625 0.150365625 0.64215625 0.14874218749999998 0.6354171875 0.150365625 0.631434375 0.1501625 0.6299015625 0.146103125 0.6299015625 0.1422484375 0.6259187500000001 0.1414359375 0.6231625000000001 0.14285781250000001 0.6112124999999999 0.13920468749999998 0.6087625 0.135146875 0.6004906250000001 0.131290625 0.59528125 0.1268265625 0.59221875 0.1199265625 0.5894609375 0.11505625 0.5894609375 0.10978125000000001 0.5909921875 0.10349062499999999 0.5946687500000001 0.093140625 0.6044734375 0.0903 0.61090625 0.087053125 0.6222421875 0.087053125 0.6372546875 0.0852265625 0.6430765625 0.08461874999999999 0.6516546875 0.0827921875 0.6580874999999999 0.08116875 0.6694234375 0.08137187500000001 0.6773890625 0.08380625 0.680453125 0.0911125 0.6786156250000001 0.0990265625 0.6737124999999999 0.106534375 0.6712625
3 0.0876625 0.7302390625 0.0876625 0.7398890625 0.0892859375 0.742953125 0.0890828125 0.7457109375 0.0876625 0.7478546875000001 0.0876625 0.7518374999999999 0.08644531250000001 0.7558203125 0.08725625000000001 0.7582718749999999 0.0862421875 0.7631734375 0.0860390625 0.7754296875 0.083603125 0.78278125 0.08380625 0.787378125 0.0829953125 0.790746875 0.08380625 0.8311890625 0.0856328125 0.8382359375 0.08502499999999999 0.8416046875 0.0862421875 0.8431374999999999 0.0856328125 0.87653125 0.08502499999999999 0.8768375 0.0862421875 0.8808203125 0.087865625 0.882046875 0.0890828125 0.8884796875 0.091315625 0.8939953125000001 0.094359375 0.899203125 0.09496718750000001 0.9044125 0.09740312500000001 0.90716875 0.099228125 0.9120703125 0.0988234375 0.9160546875 0.10064999999999999 0.9197296875 0.1008515625 0.9240203125 0.1040984375 0.9332109375 0.10349062499999999 0.9353546875 0.1051140625 0.9375 0.10612812499999999 0.9430140625 0.10734531249999998 0.945465625 0.109578125 0.9430140625 0.114853125 0.945465625 0.1146515625 0.9473046875 0.1170859375 0.9506734375000001 0.11688281250000002 0.9549625 0.118709375 0.9635421875000001 0.1178984375 0.9666046875 0.11911562499999999 0.96875 0.11911562499999999 0.9730390625 0.11688281250000002 0.9791671875000001 0.11769531250000001 0.9837624999999999 0.11931875 0.9846812500000001 0.11931875 0.9877453125000001 0.11810000000000001 0.9880515624999999 0.1154625 0.9917281250000001 0.11262187500000001 0.991421875 0.10856406249999999 0.9889703125 0.109171875 0.9862125 0.1071421875 0.984375 0.0998375 0.993871875 0.103084375 0.9966296874999999 0.1262171875 0.9963234375000001 0.1296671875 0.9969359375 0.13311718749999998 0.9996937499999999 0.1448859375 0.9996937499999999 0.14639375 0.9975484375000001 0.15320625000000002 0.9972421875 0.15625 0.9975484375000001 0.156859375 0.9996937499999999 0.1830359375 0.9996937499999999 0.18465937500000001 0.9941796875 0.1814125 0.9813109375 0.17430937500000002 0.9586390625 0.17390468750000002 0.95435 0.17146875 0.9497546874999999 0.16984531249999998 0.9420953125 0.1668015625 0.9371937499999999 0.1635546875 0.9292281250000001 0.1609171875 0.9191171875 0.16375781250000002 0.9114578124999999 0.1647734375 0.90471875 0.1645703125 0.900121875 0.16193125 0.8939953125000001 0.156859375 0.88970625 0.14853906249999999 0.8783703125000001 0.1454953125 0.868259375 0.146103125 0.8648890625 0.1501625 0.86090625 0.1546265625 0.8612125 0.1674109375 0.8572296875 0.1700484375 0.8529406249999999 0.17228125 0.84528125 0.171671875 0.8403796874999999 0.1737015625 0.8339453125 0.17390468750000002 0.82720625 0.1737015625 0.8008578125 0.172078125 0.79534375 0.16984531249999998 0.7696078125 0.165990625 0.7472421875 0.16193125 0.7310046875 0.1578734375 0.7205874999999999 0.15422031249999998 0.7166046875000001 0.14346562499999999 0.711090625 0.141234375 0.7083328125 0.14021875 0.6997546875 0.140625 0.695465625 0.1491484375 0.6752453125 0.1501625 0.6737124999999999 0.15422031249999998 0.6737124999999999 0.15401718749999999 0.6694234375 0.15625 0.6660546875 0.15625 0.6611515625 0.15219218750000002 0.649815625 0.1519890625 0.6424624999999999 0.147321875 0.6378671875 0.146103125 0.634190625 0.146915625 0.6308203125 0.143871875 0.6289828125 0.140828125 0.62346875 0.1390015625 0.6099875 0.13413124999999998 0.5995703125 0.1310875 0.5955874999999999 0.119521875 0.5900734375 0.11140468750000002 0.5909921875 0.10349062499999999 0.59528125 0.0982140625 0.5995703125 0.09415625 0.6041671875 0.0911125 0.61090625 0.0890828125 0.6191796875 0.0886765625 0.6387875000000001 0.08644531250000001 0.6430765625 0.0860390625 0.6504296875 0.0829953125 0.65778125 0.08238593749999999 0.662378125 0.081575 0.6700375000000001 0.0831984375 0.6807593749999999 0.0829953125 0.6878062500000001 0.083603125 0.6924015625 0.087053125 0.7034312500000001 0.08380625 0.7077203125 0.08380625 0.7141546875 0.08502499999999999 0.7169125000000001 0.08461874999999999 0.7208953124999999 0.0876625 0.7302390625
3 0.21672031249999998 0.8455875 0.2195609375 0.8541671875000001 0.218546875 0.8612125 0.2195609375 0.8648890625 0.22524375000000002 0.8728546875 0.228490625 0.8756125000000001 0.230925 0.8753062500000001 0.234171875 0.8774515624999999 0.2327515625 0.8805140625 0.2386359375 0.883884375 0.24005625 0.8863359375 0.24249218749999998 0.8964453125 0.2428984375 0.9044125 0.24472343749999997 0.9080875 0.24472343749999997 0.9117640625 0.246753125 0.9163609375 0.247565625 0.9273890625 0.2510140625 0.944240625 0.258928125 0.97028125 0.25953750000000003 0.9908093750000001 0.2607546875 0.9947921875000001 0.2666390625 0.9975484375000001 0.26704531249999997 0.9996937499999999 0.269075 0.9996937499999999 0.26968281250000004 0.9975484375000001 0.287540625 0.9972421875 0.289975 0.9963234375000001 0.3043828125 0.9972421875 0.306209375 0.9996937499999999 0.307021875 0.9996937499999999 0.3076296875 0.9975484375000001 0.3102671875 0.9972421875 0.3125 0.9996937499999999 0.314934375 0.9996937499999999 0.31513749999999996 0.9975484375000001 0.317978125 0.9954046875 0.3271109375 0.9944859375 0.32832812499999997 0.990503125 0.33198125 0.9862125 0.331778125 0.9813109375 0.33461875 0.9791671875000001 0.3364453125 0.975490625 0.337865625 0.975796875 0.3386765625 0.9742640625 0.337865625 0.9718140625 0.3360390625 0.9715078125 0.3354296875 0.97028125 0.33380624999999997 0.9558828125 0.33461875 0.946996875 0.3323859375 0.944546875 0.33218281250000004 0.9393375 0.32954531249999997 0.93596875 0.324471875 0.9215687499999999 0.3260953125 0.9197296875 0.3260953125 0.9154406249999999 0.32426875 0.912990625 0.322240625 0.8998156249999999 0.3206171875 0.8970593750000001 0.3175734375 0.8851109375 0.31310937499999997 0.8728546875 0.3116890625 0.8615203125 0.30681875000000003 0.8455875 0.3021515625 0.8262875 0.29971562500000004 0.8091296874999999 0.29971562500000004 0.8060656249999999 0.3017453125 0.7981 0.30965937499999996 0.7965687499999999 0.31392031249999997 0.79840625 0.3194 0.7974875 0.32406718749999996 0.7947296875000001 0.3258921875 0.7910546875 0.3258921875 0.788296875 0.322240625 0.7708328125 0.3196015625 0.7631734375 0.3194 0.7598046875 0.31439374999999997 0.7491828125 0.3133109375 0.7441796875 0.31107968750000003 0.740503125 0.3076296875 0.728246875 0.300528125 0.7230390625 0.2987015625 0.719975 0.2950484375 0.71721875 0.29707812499999997 0.70465625 0.302759375 0.6988359375 0.3039765625 0.693934375 0.30641250000000003 0.68903125 0.3102671875 0.6878062500000001 0.31270312499999997 0.6853546875000001 0.3116890625 0.681371875 0.306615625 0.6773890625 0.3049921875 0.6776953125 0.3021515625 0.6755515625 0.3021515625 0.6737124999999999 0.300121875 0.6694234375 0.29971562500000004 0.6614578125 0.2984984375 0.65625 0.29403437499999996 0.6544125000000001 0.2922078125 0.6522671875 0.2926140625 0.650121875 0.287134375 0.6464453125 0.2830765625 0.6455265625 0.27719218749999996 0.6464453125 0.2672484375 0.6544125000000001 0.265625 0.6611515625 0.26542187500000003 0.67065 0.26420468750000003 0.6773890625 0.258928125 0.679534375 0.2518265625 0.6801468749999999 0.25060937499999997 0.6816796875 0.24959375 0.6850484375 0.25060937499999997 0.6878062500000001 0.26156718749999996 0.695465625 0.26542187500000003 0.70435 0.26521875 0.7068015625 0.2644078125 0.7098656250000001 0.26176875 0.712621875 0.24431875 0.7224265625 0.23620156250000002 0.7346812500000001 0.23234531249999998 0.7454046875 0.227678125 0.7662375 0.2258515625 0.772671875 0.224228125 0.7754296875 0.2232140625 0.7830874999999999 0.221184375 0.7870703125 0.22098281250000001 0.790440625 0.21935937499999997 0.7944234375 0.21935937499999997 0.7962625 0.221996875 0.7987124999999999 0.2234171875 0.8033093750000001 0.22382343750000003 0.811275 0.22260624999999998 0.81341875 0.2179390625 0.8143375 0.21915625 0.8189343750000001 0.21834375 0.8226109375 0.21935937499999997 0.82720625 0.22077968750000002 0.8284312500000001 0.22443125 0.8269 0.22666406249999999 0.8327203125 0.22605468750000002 0.8354781250000001 0.2234171875 0.8363968749999999 0.2197640625 0.8400734375000001 0.21672031249999998 0.8455875
1 0.3056 0.6930140625 0.3145296875 0.6856625000000001 0.31534062500000004 0.6819859375 0.31392031249999997 0.680453125 0.30965937499999996 0.6792281250000001 0.30641250000000003 0.6746328125 0.302353125 0.6721812500000001 0.29951249999999996 0.6544125000000001 0.29728125 0.649815625 0.29078750000000003 0.6461390625 0.28388749999999996 0.6446078125 0.2800328125 0.6446078125 0.275365625 0.6464453125 0.2674515625 0.6522671875 0.26521875 0.65778125 0.2646109375 0.67340625 0.2635953125 0.6773890625 0.255884375 0.6816796875 0.2546671875 0.6853546875000001 0.255884375 0.68903125 0.2640015625 0.696996875 0.274959375 0.6997546875 0.28165625 0.6997546875 0.2830765625 0.7009796875000001 0.29038125 0.696690625 0.2987015625 0.70159375 0.30255624999999997 0.6985296875 0.3056 0.6930140625
1 0.3352265625 0.616421875 0.33461875 0.618871875 0.33766250000000003 0.6213234375 0.3415171875 0.6216296875 0.3425328125 0.617034375 0.3455765625 0.6151953125 0.34679375 0.6130515625 0.3488234375 0.6035546875 0.3514609375 0.5995703125 0.3510546875 0.5955874999999999 0.3472 0.5891546875 0.34314062500000003 0.585171875 0.3384734375 0.570159375 0.335025 0.5683203125 0.334009375 0.5621937499999999 0.3301546875 0.5588234375 0.32954531249999997 0.5606625000000001 0.3310671875 0.5615812499999999 0.33116875 0.5655640625 0.3206171875 0.5692406250000001 0.318384375 0.5732234375 0.31229687500000003 0.5790437500000001 0.310065625 0.585784375 0.310065625 0.5909921875 0.3114859375 0.5943625 0.31270312499999997 0.602940625 0.31270312499999997 0.60784375 0.310065625 0.618871875 0.3141234375 0.6216296875 0.32244375000000003 0.615503125 0.32954531249999997 0.6118265625 0.33461875 0.6142765625 0.3352265625 0.616421875
3 0.32426875 0.9004296875 0.3301546875 0.9273890625 0.33218281250000004 0.9350484375000001 0.334009375 0.9381125000000001 0.3364453125 0.9270828124999999 0.3390828125 0.9041046875 0.341315625 0.8927703125 0.34375 0.868259375 0.3447640625 0.8651953125 0.3425328125 0.8455875 0.33685 0.8416046875 0.3362421875 0.8379296875 0.33198125 0.8321078125 0.331371875 0.8299625 0.3299515625 0.82935 0.3260953125 0.8198531250000001 0.322240625 0.818628125 0.3198046875 0.813725 0.31290625 0.8118874999999999 0.3114859375 0.803003125 0.308846875 0.7987124999999999 0.3021515625 0.7987124999999999 0.300121875 0.805759375 0.29991875 0.8103546875 0.3019484375 0.8180140625 0.302353125 0.8262875 0.3043828125 0.8311890625 0.30641250000000003 0.8419125 0.30905 0.8462015624999999 0.3143265625 0.8691796875 0.3145296875 0.8731625 0.319196875 0.8887875 0.32426875 0.9004296875
3 0.296875 0.649203125 0.29951249999999996 0.6553312499999999 0.3015421875 0.6697296875000001 0.30296249999999997 0.6715687499999999 0.30681875000000003 0.6727937500000001 0.30945625 0.6761640625 0.3143265625 0.6792281250000001 0.315746875 0.6853546875000001 0.31189062500000003 0.6893374999999999 0.3108765625 0.6930140625 0.30641250000000003 0.694546875 0.3041796875 0.6973046875 0.303775 0.7009796875000001 0.2987015625 0.7052703124999999 0.29728125 0.7120093749999999 0.29728125 0.7166046875000001 0.30641250000000003 0.725796875 0.30945625 0.7276343749999999 0.31229687500000003 0.73315 0.31534062500000004 0.7478546875000001 0.319196875 0.7555140625 0.3206171875 0.7631734375 0.3228484375 0.76715625 0.3260953125 0.7781859375 0.3273140625 0.790746875 0.33096562500000004 0.8020828124999999 0.3289359375 0.8060656249999999 0.3293421875 0.8103546875 0.33380624999999997 0.8106625 0.3362421875 0.8121937499999999 0.3394890625 0.8161765624999999 0.3417203125 0.821078125 0.34395312499999997 0.818628125 0.3445609375 0.7990203124999999 0.34354687500000003 0.7944234375 0.34435937499999997 0.7916671875 0.34435937499999997 0.7861515625 0.34314062500000003 0.7665437500000001 0.34314062500000003 0.757659375 0.34415625 0.7524515625 0.34334375 0.7432593749999999 0.34435937499999997 0.7411156250000001 0.3455765625 0.740809375 0.34943124999999997 0.743871875 0.3516640625 0.7555140625 0.35531718749999996 0.7598046875 0.35551875 0.7631734375 0.35896875 0.76685 0.3601859375 0.774815625 0.3609984375 0.8026953125 0.3638390625 0.806371875 0.3638390625 0.8103546875 0.365259375 0.8131125000000001 0.36891250000000003 0.8161765624999999 0.3699265625 0.8143375 0.371753125 0.803615625 0.371346875 0.7910546875 0.369115625 0.7806375 0.3678984375 0.7784921875 0.36546249999999997 0.7588843749999999 0.362825 0.7490812499999999 0.3616078125 0.7362124999999999 0.355721875 0.703125 0.3575484375 0.7009796875000001 0.3573453125 0.696078125 0.3425328125 0.6292890625 0.34354687500000003 0.618871875 0.3472 0.6112124999999999 0.3484171875 0.603246875 0.350446875 0.5995703125 0.350040625 0.5955874999999999 0.346996875 0.5934437499999999 0.3427359375 0.5870093749999999 0.34090937499999996 0.5802703124999999 0.3358359375 0.571690625 0.334009375 0.570465625 0.3258921875 0.569546875 0.32203750000000003 0.5707718749999999 0.3143265625 0.5778187499999999 0.31189062500000003 0.5839453125 0.31189062500000003 0.5919125000000001 0.31392031249999997 0.5955874999999999 0.31189062500000003 0.6136640625 0.31189062500000003 0.6167281250000001 0.31290625 0.6191796875 0.3125 0.6256125 0.308846875 0.631434375 0.2948453125 0.6424624999999999 0.293425 0.6461390625 0.296875 0.649203125
1 0.4728078125 0.78278125 0.47443125 0.7916671875 0.475446875 0.7935046875 0.4740265625 0.7987124999999999 0.47565 0.8017765625 0.47889687500000006 0.8042281250000001 0.47970781249999994 0.8103546875 0.4823453125 0.8152578125 0.48457812499999997 0.81403125 0.4864046875 0.8158703125000001 0.4853890625 0.8180140625 0.48924531250000003 0.8223046875 0.49025937500000005 0.835784375 0.4896515625 0.8382359375 0.490665625 0.8409921875 0.48863593749999995 0.8455875 0.49025937500000005 0.8489578124999999 0.48924531250000003 0.8535546875 0.49573906250000005 0.8639703125 0.4989859375 0.866115625 0.5018265625 0.866421875 0.5363234375 0.8596812500000001 0.5681812500000001 0.851409375 0.5909093750000001 0.8443625000000001 0.6306812500000001 0.828125 0.6566562499999999 0.8131125000000001 0.672484375 0.8026953125 0.6739046875 0.7999390625 0.678571875 0.7981 0.687703125 0.7901343749999999 0.6923703125 0.7840078125 0.6931812500000001 0.7843140625 0.6956171875 0.7791046875000001 0.6970375 0.7791046875000001 0.7023140625 0.7677703124999999 0.7012984375 0.7662375 0.6982546875 0.765625 0.6970375 0.7628671875 0.6956171875 0.7659312500000001 0.6925734375 0.76715625 0.6879062499999999 0.7604171875 0.6887171875 0.7478546875000001 0.6879062499999999 0.7450984375 0.6885140625 0.7401953125 0.6875 0.73590625 0.6883109375 0.7322296875000001 0.687296875 0.727940625 0.6885140625 0.7245703125 0.6875 0.7193625 0.6879062499999999 0.7178312499999999 0.6897328125 0.7166046875000001 0.6883109375 0.7156859375 0.687296875 0.7132359375 0.6883109375 0.7104781250000001 0.6903406249999999 0.7086390625 0.6875 0.7058828125 0.687703125 0.7025125 0.6895296875 0.7009796875000001 0.6875 0.7003671875 0.6862828125 0.6948531250000001 0.6866890625 0.68903125 0.6856734375 0.6881125 0.681209375 0.68903125 0.6737015625 0.6878062500000001 0.672078125 0.6825984375 0.675528125 0.679840625 0.6761359375 0.6773890625 0.6789765625 0.6737124999999999 0.6769484375 0.6694234375 0.680803125 0.6617640625 0.68100625 0.6580874999999999 0.6791796875 0.6504296875 0.662134375 0.617340625 0.6584828125 0.6112124999999999 0.6546265625000001 0.60784375 0.6542203125 0.6035546875 0.652596875 0.5989578125 0.646915625 0.5879296875 0.6434656249999999 0.584559375 0.6385953125 0.571690625 0.6333203125 0.568934375 0.630884375 0.5591296875 0.6244921875 0.5537687499999999 0.6229703125 0.5502453125 0.615259375 0.5459562499999999 0.5955765625 0.5422796875 0.5949671875 0.5447296875000001 0.593140625 0.5462625 0.5730515625 0.5465687499999999 0.5677765625 0.5487124999999999 0.5606734375 0.553921875 0.556209375 0.553921875 0.5476859375 0.556371875 0.5476859375 0.5594359375 0.5458609375 0.561275 0.540990625 0.56096875 0.5326703125 0.5634187500000001 0.516234375 0.5778187499999999 0.500609375 0.5934437499999999 0.4979703125 0.6004906250000001 0.493303125 0.602940625 0.490665625 0.60815 0.487621875 0.61090625 0.4835640625 0.617034375 0.48051875 0.62346875 0.47849062499999995 0.623775 0.46935937499999997 0.640625 0.46529999999999994 0.6587015625 0.46509687499999997 0.678003125 0.46611250000000004 0.6933203125 0.4740265625 0.7466296875 0.4760546875 0.7549015625 0.4760546875 0.7674624999999999 0.47727343749999995 0.7711390625 0.4770703125 0.7729781250000001 0.47422812499999994 0.775121875 0.47565 0.7787984375 0.4728078125 0.78278125
3 0.4314125 0.9212624999999999 0.43202187500000006 0.92279375 0.43100625 0.9276953125 0.431209375 0.943628125 0.4322234375 0.9479171875000001 0.43161562499999995 0.9497546874999999 0.43181875 0.9586390625 0.43323906250000005 0.9666046875 0.4354703125 0.969975 0.4354703125 0.9803921875 0.4324265625 0.9898890625 0.4324265625 0.9941796875 0.434253125 0.9966296874999999 0.43526718750000004 0.9975484375000001 0.4425734375 0.9966296874999999 0.446225 0.9975484375000001 0.4833609375 0.9972421875 0.4853890625 0.9996937499999999 0.48782500000000006 0.9996937499999999 0.4884328125 0.9975484375000001 0.49654999999999994 0.9972421875 0.5382765625 0.9975484375000001 0.539975 0.9996937499999999 0.5415984375 0.9996937499999999 0.54383125 0.9972421875 0.5539765625 0.9975484375000001 0.5547890625 0.9996937499999999 0.5572234375 0.9996937499999999 0.5574265625 0.9978546875 0.5596593750000001 0.9972421875 0.564934375 0.9996937499999999 0.5653406249999999 0.9975484375000001 0.567978125 0.9963234375000001 0.5884734375 0.9969359375 0.595034375 0.9954046875 0.609984375 0.9975484375000001 0.6189125 0.9969359375 0.62114375 0.9941796875 0.6205359374999999 0.9825375 0.624796875 0.962009375 0.6276375 0.9549625 0.630478125 0.9509796875 0.63676875 0.946078125 0.662946875 0.93658125 0.6775562500000001 0.928921875 0.6822234375 0.9197296875 0.6846593750000001 0.9120703125 0.6854703125 0.8884796875 0.687703125 0.8768375 0.686890625 0.873775 0.6870937500000001 0.8627453125000001 0.6889203125 0.8538609375 0.6889203125 0.8299625 0.6917609375 0.819546875 0.694196875 0.8180140625 0.696834375 0.8128062500000001 0.700690625 0.8100484375000001 0.7049515625 0.811275 0.706371875 0.8103546875 0.7075890625000001 0.8026953125 0.709415625 0.79840625 0.712459375 0.775121875 0.712865625 0.7714453125 0.7112421875 0.76715625 0.712865625 0.7659312500000001 0.7169234375 0.7518374999999999 0.715096875 0.7509187500000001 0.7110390625 0.7440249999999999 0.7110390625 0.742340625 0.7138796875 0.7401953125 0.712459375 0.7346812500000001 0.7140828124999999 0.7322296875000001 0.71225625 0.7303921875 0.7138796875 0.7239578125 0.7130687499999999 0.7224265625 0.7110390625 0.7218140625 0.709415625 0.7147671875 0.7106328125 0.7141546875 0.7106328125 0.711090625 0.7136765625 0.7089453125 0.7110390625 0.70465625 0.7130687499999999 0.703125 0.7138796875 0.7006734375 0.7110390625 0.6976109375 0.7138796875 0.6927078125 0.7106328125 0.6902578125 0.7102265625 0.688725 0.7059656249999999 0.6884187500000001 0.705559375 0.6856625000000001 0.7035312499999999 0.6841296875 0.7023140625 0.681371875 0.7021109375 0.67340625 0.6970375 0.6672796875 0.6897328125 0.663296875 0.6866890625 0.6660546875 0.6818187499999999 0.663909375 0.6818187499999999 0.6580874999999999 0.6791796875 0.649815625 0.671671875 0.6360296875 0.6684249999999999 0.6317406250000001 0.658684375 0.6112124999999999 0.6542203125 0.6075375000000001 0.6542203125 0.602940625 0.65239375 0.5986515625 0.647525 0.5909921875 0.646509375 0.587621875 0.6446828124999999 0.5854781250000001 0.6383921875 0.5723046875 0.634334375 0.5692406250000001 0.6321015625 0.5649515625 0.631290625 0.5603546875000001 0.6278406249999999 0.5582109375 0.6227671875 0.5496328125 0.615259375 0.5450375000000001 0.6107953125 0.5447296875000001 0.6043015625 0.5416671875 0.5951703125 0.5416671875 0.5921265625000001 0.54534375 0.5876625 0.5444234375 0.5720375 0.5462625 0.5641234374999999 0.5499390625 0.5594046875 0.5536156250000001 0.5484984374999999 0.556065625 0.5454546875 0.561275 0.5407875 0.56096875 0.5316562499999999 0.5643374999999999 0.5144078125 0.5799624999999999 0.503653125 0.5931375 0.5018265625 0.5928312499999999 0.5004062499999999 0.5943625 0.48498437499999997 0.615503125 0.4833609375 0.618871875 0.4823453125 0.6243875 0.47849062499999995 0.625 0.4740265625 0.631128125 0.46814062500000003 0.6455265625 0.46509687499999997 0.6620703125 0.46570625000000004 0.6691171875 0.46529999999999994 0.678309375 0.4675328125 0.7052703124999999 0.47179374999999996 0.7285546875 0.4740265625 0.7481625000000001 0.4768671875 0.75153125 0.47585156250000005 0.7555140625 0.47565 0.7628671875 0.47017031249999997 0.76685 0.46875 0.7631734375 0.4667203125 0.7622546875 0.46408281249999994 0.76715625 0.4606328125 0.7708328125 0.4592125 0.771753125 0.4547484375 0.7714453125 0.45373437499999997 0.774203125 0.4510953125 0.7745093749999999 0.44399375 0.7791046875000001 0.44054374999999996 0.7864578125 0.43932656249999996 0.7870703125 0.43973281249999996 0.7910546875 0.43810937499999997 0.7947296875000001 0.43892031249999997 0.7990203124999999 0.43810937499999997 0.8020828124999999 0.43709375 0.8339453125 0.4383109375 0.8382359375 0.43709375 0.84528125 0.43445625000000004 0.8492640625 0.43283281249999994 0.8556984375000001 0.43100625 0.8572296875 0.43161562499999995 0.8590687499999999 0.4314125 0.9212624999999999
3 0.755478125 0.712621875 0.7556812500000001 0.7166046875000001 0.753246875 0.7242640625 0.7479703125 0.7288609375 0.7455359374999999 0.7389703125 0.740259375 0.7432593749999999 0.7392453125 0.7481625000000001 0.7362015625 0.75153125 0.73133125 0.7518374999999999 0.7299109374999999 0.7549015625 0.7238234375 0.759190625 0.7195609375 0.771753125 0.7169234375 0.7754296875 0.715096875 0.78278125 0.7144890625 0.7935046875 0.7161125 0.7990203124999999 0.7179390625 0.8020828124999999 0.7179390625 0.8091296874999999 0.7159093750000001 0.81158125 0.712865625 0.81158125 0.7112421875 0.8152578125 0.7106328125 0.8198531250000001 0.7071828124999999 0.8216906249999999 0.705559375 0.8241421875 0.7010953125 0.821078125 0.6990671875000001 0.821996875 0.69663125 0.8256734375000001 0.6974437499999999 0.8278187499999999 0.6986609374999999 0.8269 0.6988640625 0.8250609375 0.7004875 0.8241421875 0.702515625 0.8241421875 0.7047484374999999 0.8269 0.706778125 0.8259796875 0.7073859375 0.8241421875 0.7102265625 0.8241421875 0.7126625 0.8278187499999999 0.7142859374999999 0.8275124999999999 0.716315625 0.836090625 0.7134734375 0.8406859375 0.708603125 0.84466875 0.706778125 0.8480390625 0.7035312499999999 0.8495703125 0.7049515625 0.8541671875000001 0.7035312499999999 0.8572296875 0.7043421875 0.8590687499999999 0.705559375 0.8590687499999999 0.708603125 0.9154406249999999 0.7079953125 0.9160546875 0.713271875 0.9237125 0.712459375 0.928003125 0.7136765625 0.929840625 0.7136765625 0.9319859375 0.71185 0.9350484375000001 0.71185 0.945159375 0.710025 0.946996875 0.7114453125 0.9519 0.7106328125 0.95404375 0.7084015625 0.9549625 0.7104296875 0.9558828125 0.7112421875 0.9577203125 0.7110390625 0.960171875 0.7084015625 0.962621875 0.70961875 0.9635421875000001 0.7108359375 0.96783125 0.7110390625 0.9745703125 0.718546875 0.98529375 0.7203734374999999 0.9901953125 0.728084375 0.9972421875 0.7640015625000001 0.9963234375000001 0.7668421875 0.9975484375000001 0.775365625 0.9975484375000001 0.7940343750000001 0.9954046875 0.7987015625 0.9972421875 0.8037750000000001 0.9957109375 0.8053984375000001 0.9944859375 0.8072234375 0.990503125 0.80681875 0.9862125 0.8049921875000001 0.9840687499999999 0.7956578125 0.95404375 0.7922078124999999 0.9329046875 0.7918015625 0.92340625 0.790584375 0.9200375 0.7895703125 0.9114578124999999 0.7865265625 0.9028796874999999 0.7824671875 0.8964453125 0.7824671875 0.8881734375000001 0.7790171875 0.8771453125 0.7792203125 0.87346875 0.78125 0.8728546875 0.7790171875 0.8725484375000001 0.77820625 0.8700984375 0.775771875 0.86090625 0.7767859374999999 0.8572296875 0.7741484375 0.850490625 0.7729296875 0.837621875 0.7672484374999999 0.8253671875 0.7771921875000001 0.7928921875 0.7798296875 0.7928921875 0.7828734374999999 0.7901343749999999 0.787134375 0.7925859375 0.790178125 0.7830874999999999 0.7948453125 0.773590625 0.7964687500000001 0.7677703124999999 0.7958609375 0.7625609375 0.796875 0.7588843749999999 0.800121875 0.7555140625 0.8007312499999999 0.7521453124999999 0.8037750000000001 0.7466296875 0.8049921875000001 0.741421875 0.8064125000000001 0.7398890625 0.8086437500000001 0.7306984375 0.8104703125 0.7270218749999999 0.8112828125 0.7212015625 0.8102671875 0.7166046875000001 0.8110796875 0.7129296875 0.8098625 0.696996875 0.8084421875000001 0.695465625 0.8076296875000001 0.6893374999999999 0.8047890625 0.6853546875000001 0.8037750000000001 0.6807593749999999 0.7982953125 0.6675859375 0.797078125 0.6587015625 0.7934249999999999 0.6495093749999999 0.7918015625 0.6424624999999999 0.789975 0.6394 0.7873375 0.6295953125 0.78510625 0.62653125 0.7802359375 0.6231625000000001 0.77739375 0.618871875 0.7569 0.6112124999999999 0.7516234374999999 0.6115203124999999 0.7473625 0.6096812500000001 0.739853125 0.609375 0.7317375 0.6142765625 0.7240265625 0.617034375 0.7140828124999999 0.6274515625 0.7138796875 0.6305140625 0.7146921875000001 0.6317406250000001 0.7228078124999999 0.6415437500000001 0.730721875 0.6544125000000001 0.7392453125 0.6651343749999999 0.743709375 0.6737124999999999 0.7443187499999999 0.6767765625 0.75611875 0.6986718749999999 0.7569 0.7022062499999999 0.756696875 0.7089453125 0.755478125 0.712621875
1 0.743709375 0.790440625 0.7439125 0.79840625 0.7431 0.8023890625 0.7439125 0.803615625 0.749796875 0.8011640625 0.75 0.79840625 0.7552765625 0.7987124999999999 0.7573046875 0.8008578125 0.7577109375 0.803003125 0.759740625 0.8042281250000001 0.7666390625 0.7987124999999999 0.7648140625 0.7959562499999999 0.7666390625 0.7895218749999999 0.7674515625 0.788909375 0.771509375 0.7916671875 0.7733359375 0.788909375 0.7759734375 0.787378125 0.7915984375 0.7677703124999999 0.7955359375 0.7596812500000001 0.7997156249999999 0.7549015625 0.8015421875 0.7518374999999999 0.8017453124999999 0.7478546875000001 0.80600625 0.7356 0.8080359375 0.7322296875000001 0.8106734375 0.719975 0.8076296875000001 0.6930140625 0.8039765624999999 0.6847421875 0.80255625 0.6767765625 0.8007312499999999 0.6737124999999999 0.7972812499999999 0.671875 0.787134375 0.6681984375 0.7790171875 0.6669734375 0.7599437499999999 0.6697296875000001 0.7487828125 0.6770828125 0.7477671875 0.681371875 0.7550734375 0.7006734375 0.7550734375 0.7132359375 0.7534500000000001 0.7205874999999999 0.7520296875 0.7242640625 0.7489859375 0.7276343749999999 0.744115625 0.7386640625 0.740259375 0.7398890625 0.7390421875000001 0.7441796875 0.736809375 0.7472421875 0.73051875 0.7539828125 0.7244312500000001 0.757965625 0.7228078124999999 0.7634796875000001 0.7240265625 0.7723656250000001 0.7234171875000001 0.7754296875 0.731128125 0.7849265625 0.7331578125 0.7849265625 0.7353890625 0.7818625 0.7384328124999999 0.782475 0.7404625 0.7846203125 0.7420859375 0.789215625 0.743709375 0.790440625
3 0.831371875 0.724878125 0.8262984375 0.7334562499999999 0.815746875 0.7441796875 0.81595 0.74846875 0.8173703124999999 0.751225 0.8156453125 0.7539828125 0.8125 0.7558203125 0.812296875 0.7714453125 0.8112828125 0.775121875 0.813109375 0.7837015625 0.8110796875 0.7981 0.8104703125 0.79840625 0.8114859375 0.8106625 0.8102671875 0.8143375 0.813109375 0.8155640625 0.8151375 0.818628125 0.8177765625 0.827359375 0.81818125 0.8324140625 0.8210234375000001 0.8382359375 0.8206171875000001 0.8416046875 0.822646875 0.8440562500000001 0.8236609375 0.8471203125000001 0.8240671875000001 0.8575375 0.8254875 0.8648890625 0.8254875 0.87591875 0.8265015625000001 0.8795953125 0.8303578125 0.8753062500000001 0.8309656249999999 0.8710171875 0.8299515625 0.8612125 0.8265015625000001 0.849878125 0.8265015625000001 0.8462015624999999 0.8301546875 0.836703125 0.830559375 0.8336390625 0.8299515625 0.8321078125 0.828125 0.8321078125 0.8260953125 0.8284312500000001 0.8260953125 0.81341875 0.8303578125 0.8106625 0.831371875 0.8060656249999999 0.8340093749999999 0.804534375 0.8358359375 0.7977937500000001 0.8384734375 0.7947296875000001 0.8423296875 0.7852328125 0.846184375 0.7791046875000001 0.8476062499999999 0.773284375 0.8498374999999999 0.7711390625 0.853896875 0.7555140625 0.8522734375000001 0.75 0.8504468749999999 0.748775 0.85024375 0.7395828125 0.856128125 0.73315 0.8583609375 0.7294734375 0.8585640625 0.727328125 0.8605921875 0.7242640625 0.8612015625 0.7245703125 0.8612015625 0.7205874999999999 0.8579546875 0.71875 0.8510546874999999 0.696690625 0.8417203125 0.681371875 0.8267046875 0.6737124999999999 0.8143265625 0.6749390625 0.80905 0.678309375 0.8066156250000001 0.6770828125 0.8066156250000001 0.678003125 0.8088468750000001 0.6786156250000001 0.8088468750000001 0.681371875 0.8104703125 0.6841296875 0.8265015625000001 0.6920953125 0.8303578125 0.696078125 0.8334015625 0.7037375 0.8344156249999999 0.7089453125 0.8344156249999999 0.7150734375 0.831371875 0.724878125
3 0.8364453125000001 0.993871875 0.8447640625 0.9996937499999999 0.846184375 0.9996937499999999 0.8463875 0.991115625 0.8498374999999999 0.977634375 0.8496343749999999 0.9659921875 0.8455765625 0.95220625 0.8441562499999999 0.9564953125000001 0.8403 0.9577203125 0.8376625000000001 0.9568015624999999 0.83380625 0.9485296875 0.828734375 0.9500609375 0.8277187500000001 0.95220625 0.8273140625 0.9635421875000001 0.8262984375 0.9666046875 0.8297484374999999 0.96875 0.8297484374999999 0.9837624999999999 0.8277187500000001 0.9862125 0.8289359375 0.9908093750000001 0.8252843750000001 0.992340625 0.8238640625 0.9941796875 0.827515625 0.9966296874999999 0.828328125 0.9996937499999999 0.8350250000000001 0.9996937499999999 0.8364453125000001 0.993871875
1 0.825690625 0.73315 0.8143265625 0.743871875 0.8137171875 0.7478546875000001 0.817978125 0.75 0.8242687500000001 0.7503062500000001 0.8378656250000001 0.7466296875 0.8500406249999999 0.7536765625 0.859171875 0.756128125 0.86931875 0.757046875 0.874390625 0.7558203125 0.8802765625 0.7518374999999999 0.8845375000000001 0.7450984375 0.8861609375 0.7398890625 0.8869718750000001 0.7334562499999999 0.8847406250000001 0.7285546875 0.86586875 0.72028125 0.8589687500000001 0.7156859375 0.8549109375 0.7089453125 0.8508515624999999 0.6942406250000001 0.8417203125 0.6807593749999999 0.8295453125 0.67340625 0.8177765625 0.6731 0.8066156250000001 0.6752453125 0.8055999999999999 0.6764703125 0.8053984375000001 0.6776953125 0.8078328125 0.6832109375 0.8104703125 0.6868875 0.8169640625 0.6881125 0.8297484374999999 0.696078125 0.8329953124999999 0.7037375 0.8340093749999999 0.7086390625 0.8342124999999999 0.7153796875 0.83116875 0.7242640625 0.825690625 0.73315