2 0.7029703125 0.45576875 0.7024046875 0.4630109375 0.70495 0.470253125 0.7083453125 0.4743921875 0.7123062499999999 0.47594375 0.714003125 0.4743921875 0.714003125 0.4650796875 0.715134375 0.4609421875 0.71456875 0.44438750000000005 0.7190953125 0.4319703125 0.716265625 0.41179531249999995 0.7100421875 0.4035171875 0.700990625 0.399896875 0.6927859375 0.40403593750000005 0.683734375 0.41955468749999997 0.680621875 0.42835 0.6797734375 0.436109375 0.6811875 0.44076562499999994 0.6811875 0.44697343749999996 0.6854312499999999 0.44852499999999995 0.6857140625 0.43869687500000004 0.68769375 0.4267984375 0.692503125 0.4252453125 0.69505 0.4355921875 0.7018390625 0.44645625000000005 0.7029703125 0.45576875
2 0.630834375 0.301603125 0.62715625 0.299534375 0.6186703125 0.3000515625 0.614709375 0.30522499999999997 0.6124468750000001 0.31195 0.6099015624999999 0.32229687500000004 0.611315625 0.32591875 0.6149921875000001 0.329021875 0.6229140625 0.320228125 0.6316828125 0.320228125 0.633946875 0.326953125 0.6353609375 0.326953125 0.636775 0.32177968749999997 0.6345125 0.30677656249999996 0.630834375 0.301603125
2 0.522771875 0.3414375 0.5253187500000001 0.33936875 0.5278640625000001 0.3295390625 0.5272984375 0.324365625 0.523903125 0.3228140625 0.521075 0.3171234375 0.5244703125 0.3135015625 0.5202265625 0.31195 0.5171140624999999 0.3047078125 0.510325 0.30056875 0.4975953125 0.3000515625 0.49448437500000003 0.306259375 0.49306875000000006 0.3160890625 0.4927859375 0.33316093750000003 0.4939171875 0.3435078125 0.499575 0.3435078125 0.5018390625 0.3455765625 0.5035359374999999 0.336265625 0.5072140625 0.329021875 0.5137203125 0.324884375 0.5207921875 0.3367828125 0.5213578125 0.34609375 0.522771875 0.3414375
2 0.46647812499999997 0.4164515625 0.468175 0.41593437499999997 0.46902343750000003 0.4107609375 0.471853125 0.406621875 0.47496406249999995 0.40869062500000003 0.4667609375 0.382825 0.4628 0.3750640625 0.44526093749999995 0.3740296875 0.435078125 0.3766171875 0.4314 0.40093125 0.4288546875 0.41127812500000005 0.4263078125 0.41593437499999997 0.4314 0.42162499999999997 0.43564375 0.41489843750000005 0.45176875 0.3993796875 0.4565765625 0.4024828125 0.4591234375 0.40972656250000006 0.464215625 0.41231249999999997 0.46647812499999997 0.4164515625
2 0.4104671875 0.3729953125 0.41612499999999997 0.36471875 0.417821875 0.3579921875 0.41612499999999997 0.3512671875 0.39292812499999996 0.3347125 0.381046875 0.3347125 0.3790671875 0.33833437499999997 0.373975 0.3414375 0.3711453125 0.35333749999999997 0.36973124999999996 0.372478125 0.37284375000000003 0.3761 0.3801984375 0.358509375 0.3850078125 0.3616140625 0.38613906249999996 0.3579921875 0.389815625 0.3579921875 0.4002828125 0.381790625 0.40594062500000005 0.372478125 0.4073546875 0.3740296875 0.4104671875 0.3729953125
2 0.329278125 0.385928125 0.3340875 0.38489375 0.33776562499999996 0.38748125 0.342290625 0.38748125 0.344271875 0.385928125 0.345403125 0.381790625 0.3434234375 0.3735125 0.34455468749999996 0.3652359375 0.34314062500000003 0.3616140625 0.3434234375 0.3569578125 0.3374828125 0.34402499999999997 0.3304109375 0.33988593749999996 0.3261671875 0.33988593749999996 0.3176796875 0.34402499999999997 0.31315468750000003 0.354371875 0.3117390625 0.3652359375 0.3083453125 0.3729953125 0.3089109375 0.3750640625 0.30636562500000003 0.3843765625 0.30636562500000003 0.3890328125 0.3080625 0.390584375 0.3077796875 0.39213593750000003 0.310325 0.393171875 0.31456875 0.3936890625 0.31598281250000004 0.38799843749999996 0.3219234375 0.3823078125 0.329278125 0.385928125
3 0.2905234375 0.6621828125 0.29222031249999997 0.6735640625 0.2916546875 0.687015625 0.29306875 0.6978796875 0.2987265625 0.7046046875 0.3024046875 0.7046046875 0.30495 0.7009828125 0.305515625 0.6906359375 0.31937812499999996 0.6859796874999999 0.32220624999999997 0.69011875 0.325884375 0.6906359375 0.331825 0.6859796874999999 0.334653125 0.6777031250000001 0.3386140625 0.6544234375 0.3391796875 0.645628125 0.3369171875 0.6368343750000001 0.3360671875 0.627521875 0.3355015625 0.6021734375000001 0.33069375 0.579928125 0.3301265625 0.5700984375 0.33578437499999997 0.5256078125 0.33578437499999997 0.4893953125 0.3408765625 0.4743921875 0.3434234375 0.458871875 0.345403125 0.41748593749999996 0.34455468749999996 0.41231249999999997 0.338896875 0.40507031250000003 0.33776562499999996 0.40144843750000003 0.3386140625 0.39161875 0.3403109375 0.38851562500000003 0.340028125 0.3843765625 0.341725 0.379203125 0.342290625 0.3673046875 0.341725 0.3579921875 0.33635000000000004 0.345059375 0.3301265625 0.3414375 0.32645 0.3414375 0.3176796875 0.3455765625 0.3137203125 0.3569578125 0.312871875 0.38851562500000003 0.31060781249999997 0.393171875 0.3060828125 0.3936890625 0.302121875 0.40455312499999996 0.2992921875 0.4081734375 0.2947671875 0.4231765625 0.2939171875 0.43921406249999995 0.29505 0.4552515625 0.2976890625 0.46007968750000006 0.3007078125 0.48266875000000004 0.29759531250000004 0.4981890625 0.296746875 0.5121578125 0.295615625 0.5757890625 0.2910890625 0.6145890625 0.290240625 0.6461453125000001 0.291371875 0.6518359375 0.2905234375 0.6621828125
3 0.6537484375 0.6404546875 0.65176875 0.648215625 0.65940625 0.648215625 0.6619515625 0.65131875 0.6628000000000001 0.6451109374999999 0.6695890624999999 0.6404546875 0.6763796875 0.6518359375 0.676096875 0.6554578125 0.6743984375000001 0.6575265625 0.6749640625 0.6735640625 0.6738328124999999 0.6864984375 0.67468125 0.69011875 0.6732671875 0.705121875 0.6710046875 0.71288125 0.6718531249999999 0.7216765625 0.66930625 0.7434046875 0.6698734375 0.759440625 0.67355 0.7604765625 0.6775109375 0.7568546875 0.6792078125 0.7516812500000001 0.678925 0.7159859375 0.68316875 0.6896015625 0.682603125 0.6859796874999999 0.6854312499999999 0.6735640625 0.6859968750000001 0.6549406249999999 0.697878125 0.5928609375 0.7007078124999999 0.5835484375 0.7018390625 0.5644078125 0.7106078124999999 0.50543125 0.7148515625 0.50129375 0.7188125000000001 0.5028453125000001 0.7227718750000001 0.5106046875 0.7244703125 0.520434375 0.72758125 0.5245734375 0.7284296875 0.52819375 0.7340875 0.5297468750000001 0.7357843749999999 0.53285 0.740028125 0.5312984375 0.7420078125 0.51733125 0.740028125 0.50595 0.7366343750000001 0.5038796875 0.734653125 0.500259375 0.7332390625 0.49456875 0.7250359375000001 0.47749687500000004 0.720509375 0.4697359375 0.7159828125 0.46921875 0.714003125 0.45990624999999996 0.7137203125 0.44645625000000005 0.7148515625 0.43973125 0.7188125000000001 0.4324890625 0.718246875 0.4262796875 0.7148515625 0.41231249999999997 0.7091937500000001 0.4035171875 0.70495 0.4004140625 0.694484375 0.4035171875 0.6857140625 0.41696875 0.6803390625 0.435075 0.6814703125 0.43921406249999995 0.6809046875 0.4490421875 0.6763796875 0.4516296875 0.6704390625000001 0.4604234375 0.6571421875000001 0.486290625 0.6531828125 0.49715468749999997 0.6543140625 0.5064671875 0.6690234375 0.5147437499999999 0.6619515625 0.5478531249999999 0.65940625 0.5675109375 0.659971875 0.5845828125 0.6588406250000001 0.5944125 0.655728125 0.6063109375 0.65629375 0.622865625 0.6582749999999999 0.6332125 0.6537484375 0.6404546875
3 0.59038125 0.5276765625000001 0.591796875 0.5452671875 0.5900984375 0.5644078125 0.5898156250000001 0.6021734375000001 0.583875 0.6394203125 0.5855734375 0.65390625 0.587553125 0.657009375 0.5920796875 0.65804375 0.5954734375 0.65390625 0.6 0.655975 0.6014140625 0.6590796875 0.6008484375 0.6658046875 0.602828125 0.6699437500000001 0.6056578125 0.6699437500000001 0.6073546875 0.669425 0.611315625 0.661665625 0.6124468750000001 0.65131875 0.6118812499999999 0.6337296875 0.6132953125 0.62441875 0.6268734375 0.5794109375 0.6305515625 0.563890625 0.6316828125 0.5488875 0.633946875 0.5416453125 0.6353609375 0.5256078125 0.6350781249999999 0.5062078125 0.6359265625 0.500259375 0.6387546875 0.4961203125 0.637340625 0.45990624999999996 0.6398875 0.435075 0.6396046875 0.4252453125 0.6424328125 0.40765624999999994 0.6455453125 0.399896875 0.6472421875000001 0.38851562500000003 0.64639375 0.3750640625 0.6396046875 0.37040937500000004 0.6376234375000001 0.36627031250000003 0.6376234375000001 0.363165625 0.6393203125 0.359028125 0.6455453125 0.35333749999999997 0.645828125 0.34971562500000003 0.6424328125 0.34609375 0.6364921875 0.32333124999999996 0.633946875 0.306259375 0.6263078125 0.3000515625 0.617821875 0.301603125 0.6144265625 0.306259375 0.6124468750000001 0.3135015625 0.6062234375 0.3254015625 0.6002828124999999 0.32229687500000004 0.5923625 0.3212625 0.5830265625 0.3212625 0.5816125000000001 0.3228140625 0.5801984375 0.32591875 0.5824609374999999 0.3352296875 0.5932109375 0.35385468750000004 0.59349375 0.36419999999999997 0.60113125 0.3802375 0.6031125 0.395240625 0.601696875 0.4355921875 0.591796875 0.48163437499999995 0.594625 0.4935328125 0.59038125 0.5276765625000001
3 0.4939171875 0.41179531249999995 0.4975953125 0.4309359375 0.49674687500000003 0.43973125 0.49816093749999996 0.4981890625 0.5072140625 0.5788921874999999 0.5072140625 0.60838125 0.5125890625 0.675634375 0.51230625 0.6932234375 0.5134375 0.6963265625 0.5179625 0.6963265625 0.5205093749999999 0.6942578125 0.5224890624999999 0.6896015625 0.5224890624999999 0.68339375 0.53295625 0.6854625000000001 0.5338046875 0.6932234375 0.5352187500000001 0.6963265625 0.5420078125 0.69684375 0.5445546875 0.691153125 0.542575 0.64925 0.5428578125 0.5902734374999999 0.54059375 0.5835484375 0.5383312499999999 0.56026875 0.5408765625 0.495603125 0.540028125 0.4821515625 0.5374828125 0.46715 0.5394625 0.456803125 0.5355015625 0.442834375 0.5332390625000001 0.42731562500000003 0.531259375 0.38851562500000003 0.532390625 0.3600625 0.5386140625 0.333678125 0.5394625 0.317640625 0.5380484375 0.3140203125 0.5352187500000001 0.312984375 0.5284296875 0.312984375 0.52220625 0.3160890625 0.5188125 0.3140203125 0.5162656250000001 0.306259375 0.5117390625 0.3026390625 0.49816093749999996 0.30056875 0.49363437499999996 0.3140203125 0.4933515625 0.3347125 0.46930625 0.333678125 0.467609375 0.3264359375 0.46789218750000006 0.3207453125 0.46647812499999997 0.3197109375 0.462234375 0.32591875 0.4602546875 0.33885156250000004 0.4628 0.3750640625 0.4673265625 0.38851562500000003 0.47100468749999996 0.3947234375 0.47241875 0.40093125 0.47411562500000004 0.40403593750000005 0.478359375 0.40403593750000005 0.49024062500000004 0.399896875 0.49222031250000003 0.40093125 0.49420156249999997 0.40765624999999994 0.4939171875 0.41179531249999995
3 0.43734062500000004 0.5452671875 0.4396046875 0.55354375 0.43932031250000003 0.57165 0.4424328125 0.5975171875 0.44328124999999996 0.61510625 0.44526093749999995 0.6264875 0.42970312499999996 0.69011875 0.42913750000000006 0.6973609374999999 0.42121718750000003 0.7175374999999999 0.4192359375 0.7325406250000001 0.42065 0.736678125 0.42376250000000004 0.7397828125 0.428571875 0.73823125 0.431965625 0.7340921875 0.43479531250000003 0.7247796875 0.436775 0.7077078125 0.4424328125 0.6916703125 0.444978125 0.6921890625 0.44639375000000003 0.6999484375 0.44695937499999994 0.7304703124999999 0.44893906250000004 0.74236875 0.44865625 0.7563375 0.45091875000000003 0.7635796874999999 0.458840625 0.76771875 0.462234375 0.7635796874999999 0.4630828125 0.755303125 0.46138593749999995 0.7439218750000001 0.455728125 0.7304703124999999 0.45516249999999997 0.7185718750000001 0.45289999999999997 0.7087421875000001 0.45289999999999997 0.6978796875 0.455728125 0.6745984375 0.455728125 0.655975 0.46336562499999995 0.618209375 0.4661953125 0.6109671875 0.47666250000000004 0.5644078125 0.47751093750000007 0.5354375 0.47468125 0.513709375 0.47355 0.48835937500000004 0.4755296875 0.45473281249999997 0.4811875 0.4412828125 0.4823203125 0.4355921875 0.4820375 0.429384375 0.48005624999999996 0.420071875 0.4704390625 0.3947234375 0.4661953125 0.38644531249999997 0.46336562499999995 0.383859375 0.4608203125 0.3766171875 0.44893906250000004 0.3750640625 0.4376234375 0.3786859375 0.43479531250000003 0.38489375 0.43253125 0.40144843750000003 0.4263078125 0.40972656250000006 0.425459375 0.40972656250000006 0.424328125 0.40403593750000005 0.42121718750000003 0.403 0.41386093749999997 0.4035171875 0.4115984375 0.40558750000000005 0.411315625 0.4081734375 0.41612499999999997 0.429384375 0.41867031250000003 0.435075 0.4234796875 0.4381796875 0.428571875 0.44542187499999997 0.4328140625 0.45369843750000005 0.435078125 0.4619765625 0.441584375 0.5100875 0.44130156249999997 0.5209515625 0.43734062500000004 0.5452671875
3 0.3570015625 0.5794109375 0.364921875 0.5706156250000001 0.36775156249999996 0.57165 0.3688828125 0.5747546875 0.36746875 0.5876875 0.36831718750000003 0.5928609375 0.373409375 0.6011375 0.37736875 0.6021734375000001 0.3790671875 0.6006203125 0.38048125 0.595446875 0.381046875 0.563890625 0.379915625 0.5582 0.38132968749999996 0.5478531249999999 0.38670468750000003 0.5395765625 0.391796875 0.5369890625 0.4002828125 0.5369890625 0.40876875 0.552509375 0.417821875 0.5607859375 0.42178281249999994 0.5949296875 0.4234796875 0.598034375 0.4294203125 0.5964828125 0.4322484375 0.579928125 0.4305515625 0.5618203125 0.4263078125 0.54009375 0.42376250000000004 0.5333671875 0.4192359375 0.527159375 0.4152765625 0.512675 0.41018437499999993 0.4743921875 0.41188125 0.4712875 0.41867031250000003 0.46921875 0.4209328125 0.4666328125 0.42008437499999995 0.44697343749999996 0.4132953125 0.41489843750000005 0.40876875 0.4004140625 0.40424375 0.39627500000000004 0.398303125 0.39420625 0.397171875 0.38799843749999996 0.4002828125 0.374546875 0.39886875 0.35540625000000003 0.3966046875 0.3445421875 0.391796875 0.3378171875 0.3830265625 0.336265625 0.3742578125 0.34609375 0.37284375000000003 0.3776515625 0.373975 0.38489375 0.3782171875 0.39782656250000004 0.3753890625 0.4035171875 0.3694484375 0.40610468749999995 0.36661875 0.4107609375 0.3654875 0.41593437499999997 0.3652046875 0.458871875 0.363790625 0.47956562500000005 0.36831718750000003 0.490946875 0.37255937499999997 0.495603125 0.3736921875 0.499740625 0.3717109375 0.511640625 0.361528125 0.5447484375 0.3601125 0.56699375 0.357284375 0.5721671875000001 0.3570015625 0.5794109375