1 0.5326671875 0.41325 0.5428328125 0.41200000000000003 0.5471671875 0.4145 0.5563328125 0.4175 0.5649171875000001 0.41675000000000006 0.5701671875 0.41725 0.5751671875000001 0.41900000000000004 0.5841671875000001 0.418 0.5878328125000001 0.4145 0.5906671875 0.40800000000000003 0.5926671875 0.39925 0.5926671875 0.39249999999999996 0.5916671874999999 0.3875 0.5896671875 0.383 0.5878328125000001 0.372 0.5846671875 0.3645 0.584 0.36025 0.5758328125000001 0.34575 0.5736671875 0.34475 0.5683328125 0.33925 0.5635 0.3365 0.5581671874999999 0.33175 0.557 0.32999999999999996 0.557 0.31825000000000003 0.5563328125 0.317 0.5526671875 0.31475 0.5508328125 0.31875 0.5508328125 0.32599999999999996 0.5468328125 0.32975 0.5413328125 0.33175 0.537 0.3315 0.533 0.32599999999999996 0.529 0.3245 0.5251671875 0.3255 0.5216671875000001 0.32999999999999996 0.5178328125 0.34125 0.5185 0.34950000000000003 0.5193328125 0.352 0.515 0.3645 0.5135 0.3665 0.5095 0.3765 0.5041671875 0.393 0.5001671875 0.39825 0.493 0.4035 0.4853328125 0.41100000000000003 0.48333281250000004 0.4145 0.4828328125 0.41600000000000004 0.4835 0.418 0.4858328125 0.42000000000000004 0.5003328125000001 0.41475 0.51 0.41500000000000004 0.5131671875 0.4145 0.515 0.41275000000000006 0.517 0.41224999999999995 0.5281671875 0.41174999999999995 0.5326671875 0.41325
3 0.489 0.88175 0.4901671875 0.8872500000000001 0.4893328125 0.8932499999999999 0.49183281250000005 0.931 0.491 0.9495828124999999 0.4898328125 0.9550000000000001 0.4896671875 0.96675 0.4861671875 0.97425 0.4875 0.983 0.4863328125 0.9884999999999999 0.4861671875 0.994 0.4901671875 0.9962500000000001 0.4983328125 0.9964999999999999 0.5 0.9942500000000001 0.49933281249999995 0.99 0.5021671875 0.98575 0.5031671875 0.98275 0.5013328125000001 0.9785 0.5015 0.9730000000000001 0.5035000000000001 0.97 0.5056671875000001 0.9720000000000001 0.5061671875 0.96675 0.5075000000000001 0.96225 0.509 0.93875 0.5125 0.9199999999999999 0.5116671875 0.9175000000000001 0.513 0.9087500000000001 0.513 0.9035 0.515 0.8965 0.517 0.8724999999999999 0.5185 0.86575 0.5186671875 0.8612500000000001 0.52 0.85725 0.5235000000000001 0.83775 0.5261671875 0.8314999999999999 0.5313328125 0.826 0.5361671875 0.8182499999999999 0.5358328125 0.8102499999999999 0.5391671875 0.8 0.544 0.79475 0.5401671875 0.7895 0.5363328125 0.7875 0.536778125 0.7848328125 0.5386671875 0.78175 0.5393328125 0.7787499999999999 0.5385 0.7769999999999999 0.537 0.7765 0.5356671875 0.773 0.5326671875 0.7697499999999999 0.5296671875000001 0.751 0.5291671874999999 0.7502500000000001 0.5256671875000001 0.752 0.525 0.7515 0.5233328125 0.7462500000000001 0.5165 0.73325 0.5155000000000001 0.727 0.5141671875 0.72475 0.5135 0.72025 0.5143328125 0.71675 0.5146671875 0.709 0.5136671875000001 0.70675 0.5118328125 0.7085 0.5121671875 0.7110000000000001 0.5081671875 0.7125 0.5063328125 0.70925 0.502 0.709 0.4971671875 0.71175 0.49400000000000005 0.71475 0.4906671875 0.71175 0.4893328125 0.71275 0.48866718750000004 0.7155 0.48433281250000004 0.72075 0.4781671875 0.732 0.4778328125 0.73625 0.4765 0.73975 0.4725 0.75975 0.471 0.7715 0.4706671875 0.79475 0.4715 0.79775 0.472 0.8102499999999999 0.4733328125 0.8145 0.47450000000000003 0.83375 0.475 0.83575 0.47633281250000004 0.83725 0.485 0.8807499999999999 0.4863328125 0.88225 0.489 0.88175
3 0.517 0.4306671875 0.5175 0.4516671875 0.5193328125 0.4579171875 0.523 0.4664171875 0.5201671875 0.47216718750000003 0.5178328125 0.4739171875 0.511 0.48441718749999996 0.5096671875000001 0.48541718749999996 0.5058328125 0.49691718749999997 0.5016671875000001 0.5041671875 0.4983328125 0.5121671875 0.4968328125 0.5201671875 0.4938328125 0.5254171875 0.493 0.5396671875 0.4888328125 0.5556671875 0.4871671875 0.5701671875 0.487 0.5756671875 0.4901671875 0.6039171875 0.49233281250000005 0.6129171875 0.4933328125 0.6221671875 0.49566718749999994 0.6269171874999999 0.4951671875 0.6301671875 0.49583281250000005 0.6334171875 0.49933281249999995 0.6439171875 0.499 0.6534171875 0.5016671875000001 0.6619171875000001 0.5055 0.6649171875000001 0.5091671875 0.6726671875 0.5088328125 0.6846671875 0.5093328125000001 0.6931671875000001 0.5083328125000001 0.6996671875 0.5085 0.7026671875 0.5175 0.7024171875 0.5191671875 0.7039171875 0.5253328125000001 0.7251671875000001 0.523 0.7279171875 0.5218328125 0.7314171875000001 0.5243328125 0.7331671875 0.5268328125 0.7331671875 0.5455 0.7606671875 0.5453328125 0.7629171875 0.5461671875 0.7646671875 0.5485 0.7659171875 0.5533328125 0.7661671875 0.554 0.7736671875 0.5533328125 0.7784171875 0.5546671875 0.7804171875 0.5581671874999999 0.7816671875 0.5606671875 0.7839171875 0.5878328125000001 0.7866671875 0.5891671875 0.7826671875 0.5933328125 0.7781671875 0.5945 0.7744171875 0.5996671874999999 0.7666671875 0.6098328125 0.7809171874999999 0.609 0.7824171875 0.6083328125 0.7879171875 0.6065 0.7899171875000001 0.6066671875 0.7934171875 0.6078328125 0.7969171875 0.6115 0.7989171875000001 0.612 0.8014171875 0.6161671875 0.8061671875 0.6165 0.8096671875 0.6205 0.8139171875000001 0.6216671875 0.8171671875 0.621 0.8251671875 0.6233328124999999 0.8304171874999999 0.625 0.8404171874999999 0.6246671874999999 0.8449171874999999 0.6271671875 0.8509171875 0.6275000000000001 0.8594171875000001 0.6288328125 0.8674171875000001 0.6283328125 0.8721671875 0.6306671875000001 0.8746671875 0.6315000000000001 0.8779171874999999 0.6311671875 0.8839171875 0.632 0.8889171875 0.635 0.8916671875000001 0.6393328125 0.9069171875 0.6391671875 0.9189171875 0.6405000000000001 0.9226671874999999 0.6406671875 0.9269171875 0.6416671875 0.9309171875000001 0.6418328125 0.9401671875 0.6428328125 0.9464171875 0.6435 0.9589171875 0.6441671875 0.9619171874999999 0.6465 0.9636671874999999 0.6513328125 0.9586671875 0.6525000000000001 0.9531671875000001 0.655 0.9501671875 0.658 0.9386671874999999 0.6626671875000001 0.9344171875 0.6633328125 0.9291671875 0.6631671875 0.9224171875 0.6641671875 0.9176671875 0.6646671875 0.9094171875000001 0.6663328125 0.9041671875 0.6663328125 0.8994171874999999 0.6705 0.8759171875 0.67 0.8716671874999999 0.6708328125 0.8641671875 0.6721671875 0.8601671874999999 0.6745 0.8566671875 0.6766671875 0.8454171875000001 0.687 0.8094171875 0.6873328125 0.8064171874999999 0.6895 0.8016671875 0.689 0.7946671875 0.687 0.7836671875000001 0.686 0.7709171875 0.6845 0.7626671875000001 0.6798328125 0.7531671875 0.6781671874999999 0.7474171875 0.6776671875 0.7429171875 0.674 0.7389171875 0.6721671875 0.7314171875000001 0.6705 0.7276671875 0.665 0.7209171875 0.6633328125 0.7154171875 0.6641671875 0.7119171875 0.667 0.7091671875000001 0.6691671875 0.7041671875 0.6671671875 0.6891671875000001 0.6651671875 0.6841671875 0.6636671875 0.6769171875 0.6635 0.6666671875 0.6638328125 0.6611671875 0.6663328125 0.6534171875 0.6661671874999999 0.6456671875 0.6671671875 0.6376671875000001 0.6678328125 0.6219171875 0.6671671875 0.6181671875 0.6591671875 0.5984171875000001 0.6623328125 0.5846671875 0.662 0.5714171875 0.655 0.5601671875 0.6518328125 0.5499171875 0.6503328125000001 0.5406671875 0.6511671875 0.5244171875 0.6491671875 0.5174171875 0.6478328125 0.5086671875000001 0.646 0.5039171875 0.6423328125000001 0.4989171875 0.6386671875000001 0.4971671875 0.632 0.48541718749999996 0.6258328125 0.4776671875 0.6211671875 0.47341718750000006 0.6116671874999999 0.4619171875 0.607 0.45766718749999996 0.5974999999999999 0.4516671875 0.5903328125 0.4429171875 0.588 0.4366671875 0.5876671875 0.42216718750000004 0.5883328125 0.41366718750000003 0.5918328125000001 0.4034171875 0.5921671875000001 0.3916671875 0.5916671874999999 0.3874171875 0.5886671875 0.3811671875 0.5876671875 0.37591718749999997 0.5878328125000001 0.3721671875 0.5866671875 0.3681671875 0.5838328125000001 0.35966718750000004 0.58 0.3526671875 0.5776671875 0.3504171875 0.5748328125 0.34466718749999997 0.5666671875 0.3369171875 0.5566671875 0.3296671875 0.5483328125 0.3296671875 0.537778125 0.33216718749999996 0.5358328125 0.3309171875 0.532 0.3251671875 0.5296671875000001 0.3241671875 0.5253328125000001 0.3249171875 0.5221671875 0.3294171875 0.519 0.3369171875 0.5183328125 0.3411671875 0.5201671875 0.3521671875 0.5135 0.3661671875 0.5041671875 0.39291718750000004 0.502 0.3956671875 0.5011671875 0.3989171875 0.49800000000000005 0.3996671875 0.49400000000000005 0.4021671875 0.4853328125 0.4114171875 0.48383281250000004 0.4151671875 0.48466718750000004 0.4174171875 0.4863328125 0.4191671875 0.4901671875 0.41891718750000007 0.4936671875 0.4151671875 0.4983328125 0.41416718750000003 0.5018328125 0.4116671875 0.5049171875 0.4114171875 0.5121671875 0.41441718749999995 0.517 0.4306671875
3 0 0.9974999999999999 0.0058328125 0.99725 0.0083328125 0.99975 0.011 0.99975 0.011 0.998 0.0121671875 0.9974999999999999 0.0155 0.9974999999999999 0.0171671875 0.99975 0.08149999999999999 0.99975 0.08299999999999999 0.9974999999999999 0.0908328125 0.99725 0.0945 0.9977499999999999 0.0946671875 0.99975 0.0973328125 0.99975 0.0991671875 0.9974999999999999 0.1011671875 0.9977499999999999 0.1022328125 0.99975 0.1585 0.99975 0.1586671875 0.9977499999999999 0.1603328125 0.9974999999999999 0.16383281249999998 0.9974999999999999 0.1656671875 0.99975 0.1686671875 0.9974999999999999 0.1866671875 0.9974999999999999 0.188 0.99975 0.1908328125 0.99975 0.1931109375 0.9974999999999999 0.195 0.9974999999999999 0.1966671875 0.99975 0.1975 0.99975 0.1988328125 0.9974999999999999 0.2013328125 0.99725 0.2036671875 0.9977499999999999 0.20383281250000002 0.99975 0.20616718750000002 0.99975 0.20925 0.9974999999999999 0.2146671875 0.99725 0.27799999999999997 0.9970000000000001 0.29483281250000004 0.99725 0.298 0.9977499999999999 0.2981671875 0.99975 0.2996671875 0.99975 0.3008328125 0.9977499999999999 0.302 0.9974999999999999 0.319 0.9974999999999999 0.3198328125 0.998 0.3198328125 0.99975 0.3251671875 0.99975 0.3251671875 0.998 0.3268328125 0.9970000000000001 0.32816718749999996 0.99375 0.3256671875 0.9865 0.3261671875 0.982 0.3165 0.9315 0.3123328125 0.92225 0.3105 0.9157500000000001 0.3023328125 0.9029999999999999 0.2983328125 0.899 0.2956671875 0.8905 0.2936671875 0.8885 0.292 0.88475 0.2861671875 0.8765000000000001 0.28166718749999997 0.87375 0.279 0.86825 0.268 0.8564999999999999 0.26349999999999996 0.849 0.26 0.8462500000000001 0.2556671875 0.8400000000000001 0.2456671875 0.83375 0.24 0.8244999999999999 0.2363328125 0.8215 0.23149999999999998 0.8150000000000001 0.22949999999999998 0.8099999999999999 0.2263328125 0.80575 0.2205 0.8029999999999999 0.21933281249999997 0.8007500000000001 0.2166671875 0.799 0.21216718750000002 0.7905 0.209 0.78725 0.2051671875 0.7855000000000001 0.1956671875 0.774 0.1931671875 0.772 0.1891671875 0.7707499999999999 0.187 0.76525 0.187 0.7635 0.1838328125 0.76 0.18 0.75325 0.1743328125 0.74825 0.173 0.7424999999999999 0.1696671875 0.734875 0.16799999999999998 0.72675 0.1626671875 0.71275 0.1523328125 0.70225 0.14450000000000002 0.6965 0.142 0.69325 0.14016718749999998 0.6825 0.14116718749999999 0.644 0.1405 0.62225 0.1395 0.61275 0.13999999999999999 0.6054999999999999 0.13933281250000001 0.595 0.13999999999999999 0.59225 0.13999999999999999 0.58675 0.13899999999999998 0.57975 0.1398328125 0.57525 0.1381671875 0.56475 0.13883281249999999 0.5599999999999999 0.1363328125 0.5485 0.1361671875 0.54475 0.1338328125 0.533 0.1338328125 0.52925 0.131 0.518 0.1306671875 0.5105000000000001 0.1273328125 0.50275 0.1218328125 0.48250000000000004 0.1153328125 0.46775 0.1123328125 0.46275000000000005 0.10483281250000001 0.45549999999999996 0.1033328125 0.45099999999999996 0.0951671875 0.44699999999999995 0.0905 0.44325000000000003 0.08299999999999999 0.441 0.0756671875 0.43525 0.0645 0.43200000000000005 0.0603328125 0.4325 0.056499999999999995 0.4305 0.049 0.42874999999999996 0.04 0.42400000000000004 0.0365 0.42000000000000004 0.0326671875 0.41875 0.027332812499999998 0.41825 0.011 0.41974999999999996 0.0028328125 0.42424999999999996 0 0.4245 0 0.9974999999999999
2 0 0.6195 0.0025 0.62025 0.0056671874999999995 0.62325 0.0126671875 0.63175 0.013500000000000002 0.6345 0.017 0.639 0.029167187500000004 0.659 0.033332812499999996 0.65925 0.040332812499999995 0.66225 0.0455 0.6625 0.0488328125 0.66425 0.056332812499999996 0.6655 0.0598328125 0.665 0.0685 0.666 0.076 0.6627500000000001 0.0798328125 0.66725 0.08383281249999999 0.6665 0.0875 0.6639999999999999 0.0961671875 0.6637500000000001 0.1035 0.66425 0.11499999999999999 0.66975 0.1191671875 0.67025 0.1271671875 0.6685 0.131 0.6705 0.1323328125 0.67375 0.1376671875 0.678 0.1385 0.68125 0.1405 0.6705 0.14133281250000002 0.645 0.1398328125 0.6128 0.13999999999999999 0.575 0.1386671875 0.5645 0.13899999999999998 0.5599999999999999 0.1345 0.5349999999999999 0.134 0.529 0.132 0.52025 0.1306671875 0.5095 0.1248328125 0.49375 0.12433281249999999 0.49000000000000005 0.1218328125 0.48200000000000004 0.1153328125 0.46699999999999997 0.1126671875 0.46275000000000005 0.10583281250000001 0.45549999999999996 0.10416718750000001 0.45125000000000004 0.0983328125 0.4485 0.091 0.44325000000000003 0.08316718749999999 0.441 0.0755 0.43425 0.0648328125 0.43125 0.0601671875 0.43099999999999994 0.052667187500000004 0.42800000000000005 0.0481671875 0.42725 0.0411671875 0.42374999999999996 0.037 0.42000000000000004 0.0326671875 0.41825 0.025332812500000003 0.41775 0.0096671875 0.41974999999999996 0 0.42275 0 0.6195
3 0.6769999999999999 0.9957499999999999 0.6809999999999999 0.99725 0.7448328125 0.9977499999999999 0.7563328125 0.9970000000000001 0.7756671875000001 0.9977499999999999 0.8498328125000001 0.9967499999999999 0.8526671875 0.9974999999999999 0.9678328125 0.9970000000000001 0.9703328125 0.9977499999999999 0.9946671874999999 0.9977499999999999 0.9998328125 0.9970000000000001 0.9998328125 0.149 0.9318328125 0.10800000000000001 0.9276671875 0.1065 0.9236671875000001 0.10725 0.9218328124999999 0.10874999999999999 0.9158328125 0.10974999999999999 0.9088328125 0.11374999999999999 0.8911671875 0.12075 0.884 0.12275 0.8756671875 0.12875 0.865 0.13374999999999998 0.8615 0.13774999999999998 0.8561671875 0.14150000000000001 0.8493328124999999 0.14975 0.8470000000000001 0.1545 0.8418328125000001 0.158 0.8346671875 0.1655 0.8308328125 0.17325 0.8261671875 0.17575000000000002 0.8201671875000001 0.1855 0.8173328124999999 0.197 0.8173328124999999 0.20125 0.8183328124999999 0.20600000000000002 0.8074999999999999 0.23199999999999998 0.8033328125000001 0.26175000000000004 0.8029999999999999 0.27725 0.8043328125 0.28425 0.8029999999999999 0.2975 0.8033328125000001 0.31725 0.8025 0.324 0.8031671875 0.34625 0.8056671874999999 0.3585 0.8061671875 0.36524999999999996 0.808 0.3685 0.8085000000000001 0.372 0.8073328125 0.38625 0.806 0.389 0.8056671874999999 0.394 0.8056671874999999 0.40875000000000006 0.8066671875000001 0.41600000000000004 0.806 0.42374999999999996 0.8063328125 0.42750000000000005 0.8076671875000001 0.43125 0.8088328125 0.44325000000000003 0.8108328124999999 0.44699999999999995 0.8115 0.4505 0.8116671875 0.45725 0.8138328125 0.46900000000000003 0.8143328125 0.48274999999999996 0.8158328125000001 0.48575 0.818 0.49675 0.8201671875000001 0.50075 0.8215 0.50625 0.8236671875000001 0.5095 0.8244999999999999 0.5135 0.828 0.51525 0.8298328125 0.52125 0.8328328125000001 0.525 0.8343328124999999 0.5305 0.8353328125000001 0.53825 0.841 0.5525 0.8436671875 0.5565 0.8455 0.56425 0.8494999999999999 0.572 0.8496671875 0.576 0.8525 0.58 0.8535 0.58475 0.8576671875 0.58575 0.8588328125 0.59475 0.858 0.60825 0.859 0.6105 0.8605 0.6115 0.8611671875000001 0.61475 0.8564999999999999 0.619 0.8568328125000001 0.6214999999999999 0.8558328124999999 0.6235 0.8478328125000001 0.62725 0.8394999999999999 0.627 0.8383328125 0.62275 0.8400000000000001 0.619 0.8390000000000001 0.6174999999999999 0.834 0.61625 0.8331671875 0.61775 0.8333328124999999 0.62225 0.8314999999999999 0.63 0.8305 0.63075 0.8320000000000001 0.63475 0.8324999999999999 0.6385 0.8314999999999999 0.64 0.8303328125 0.6447499999999999 0.8291671875000001 0.64625 0.8300000000000001 0.6515 0.8314999999999999 0.6527499999999999 0.8278328125 0.662 0.829 0.6639999999999999 0.8293328125 0.6675 0.8261671875 0.6757500000000001 0.826 0.67875 0.8268328125 0.682 0.8256671875 0.6895 0.82 0.70875 0.8183328124999999 0.71725 0.8145 0.72 0.8119999999999999 0.72575 0.8074999999999999 0.7285 0.8053328125 0.7325 0.7991671874999999 0.7344999999999999 0.7948328124999999 0.7342500000000001 0.7928328125 0.736 0.7905 0.7405 0.7878328125 0.7422500000000001 0.7813328125 0.745 0.7769999999999999 0.748 0.7671671875 0.7497499999999999 0.7631671875 0.75325 0.7595 0.7545 0.752 0.76 0.7483328124999999 0.7605000000000001 0.7458328125 0.76225 0.7424999999999999 0.7657499999999999 0.739 0.77175 0.7313328125 0.78 0.7206671874999999 0.7975 0.7136671875 0.8067500000000001 0.7091671875000001 0.819 0.7066671875 0.8220000000000001 0.7055 0.82575 0.7033328125 0.8285 0.6996671875 0.8380000000000001 0.6936671875 0.8654999999999999 0.6916671875 0.8692500000000001 0.6849999999999999 0.9029999999999999 0.6858328124999999 0.9092499999999999 0.6833328125 0.91975 0.6831671874999999 0.9269999999999999 0.6818328124999999 0.9345000000000001 0.6825 0.9407500000000001 0.6806671875 0.9502499999999999 0.6808328125 0.9557499999999999 0.6793328125 0.96225 0.675 0.994 0.6769999999999999 0.9957499999999999
2 0.8085000000000001 0.3695 0.8088328125 0.3755 0.8083328125 0.381 0.8108328124999999 0.38525 0.8143328125 0.388 0.8195 0.39 0.8221671875000001 0.39375 0.8303328125 0.39325 0.834 0.39449999999999996 0.8361671875000001 0.39775 0.8414999999999999 0.40125 0.8508328125 0.396 0.852 0.3975 0.8543328125 0.39775 0.857 0.395 0.86 0.39775 0.8636671874999999 0.39849999999999997 0.8651671875 0.40075000000000005 0.8688328125 0.39925 0.8703328125 0.4 0.8710000000000001 0.40175 0.875 0.40149999999999997 0.8766671875000001 0.399 0.8811671875 0.40099999999999997 0.8838328125 0.39875 0.8888328124999999 0.40125 0.8911671875 0.39825 0.8946671875 0.3975 0.8961671875 0.40075000000000005 0.9 0.39875 0.9019999999999999 0.399 0.9039999999999999 0.40099999999999997 0.9083328125 0.39849999999999997 0.9116671875 0.40099999999999997 0.9148328125 0.399 0.9193328125000001 0.40125 0.9243328125 0.39925 0.9261671874999999 0.40149999999999997 0.9298328124999999 0.403 0.9298328124999999 0.41174999999999995 0.9305 0.4125 0.9448328125 0.41275000000000006 0.9465 0.4135 0.9486671875000001 0.41275000000000006 0.9508328125000001 0.40975 0.9533328125 0.409 0.9558328125 0.40575 0.9571671875 0.40125 0.9591671875 0.40149999999999997 0.9631671875000001 0.39849999999999997 0.9650000000000001 0.39849999999999997 0.9654999999999999 0.39625 0.9668328125000001 0.395 0.9691671875000001 0.39775 0.9721671875 0.398 0.9736671875 0.3975 0.9741671875 0.396 0.9785 0.39725 0.9795 0.39625 0.9800000000000001 0.393 0.9846671875 0.39325 0.986 0.39649999999999996 0.9868328125 0.39625 0.9878328125 0.39375 0.9904999999999999 0.39325 0.9928328125 0.39675 0.9943328125 0.39725 0.9955 0.39625 0.9951671875000001 0.3935 0.9961671875 0.392 0.9998328125 0.39249999999999996 0.9998328125 0.148 0.9898328125000001 0.14575 0.9816671875 0.14225000000000002 0.9804999999999999 0.13899999999999998 0.9791671875000001 0.1375 0.9715 0.1335 0.9638328125 0.12675 0.9640000000000001 0.125 0.9651671875 0.12350000000000001 0.9666671875 0.12325 0.9666671875 0.12250000000000001 0.9626671874999999 0.12275 0.9606671875 0.125 0.9523328125000001 0.12825 0.9471671875000001 0.127 0.9388328125 0.11574999999999999 0.9361671875 0.11125 0.9348328125 0.10725 0.9316671875000001 0.10500000000000001 0.9291671875 0.1045 0.9155 0.10725 0.9119999999999999 0.11025 0.8815 0.12275 0.8775000000000001 0.12775 0.8653328124999999 0.133 0.8571671875 0.13999999999999999 0.8516671875 0.14650000000000002 0.8458328125 0.15525 0.841 0.16 0.8378328125 0.16175 0.8316671875000001 0.16999999999999998 0.8303328125 0.17350000000000002 0.825 0.17725 0.8203328125 0.18525 0.8176671875 0.19325 0.8168328125000001 0.19824999999999998 0.8164999999999999 0.20099999999999998 0.8175000000000001 0.20375000000000001 0.817 0.207 0.8073328125 0.23224999999999998 0.8033328125000001 0.2625 0.8021671874999999 0.27799999999999997 0.8035 0.28275 0.8039999999999999 0.29125 0.8025 0.29500000000000004 0.8018328125 0.3025 0.8015000000000001 0.3105 0.8026671875 0.31675 0.8015000000000001 0.32425000000000004 0.8018328125 0.3345 0.8026671875 0.34575 0.8085000000000001 0.3695
3 0.3261671875 0.9692500000000001 0.32799999999999996 0.978 0.3296671875 0.983 0.3326671875 0.9877499999999999 0.33383281249999996 0.9949999999999999 0.34016718749999997 0.99975 0.34216718749999997 0.99975 0.34249999999999997 0.9974999999999999 0.34533281250000003 0.9960000000000001 0.34966718750000003 0.9960000000000001 0.35350000000000004 0.9977499999999999 0.35733281250000004 0.9957499999999999 0.3585 0.994 0.356 0.99 0.3561671875 0.966 0.361 0.9155 0.3625 0.9087500000000001 0.3626671875 0.9022500000000001 0.3648328125 0.8925000000000001 0.3648328125 0.8885 0.3671671875 0.8807499999999999 0.3691671875 0.8702500000000001 0.3735 0.857 0.38 0.8452500000000001 0.385 0.8412499999999999 0.3856671875 0.8242499999999999 0.3878328125 0.8185 0.3896671875 0.8105 0.39033281249999996 0.7645 0.3928328125 0.7635 0.395 0.75575 0.3941671875 0.75225 0.3948328125 0.7485 0.39433281249999996 0.74475 0.3898328125 0.73225 0.3805 0.7230000000000001 0.3736671875 0.72075 0.365 0.7222500000000001 0.3611671875 0.72425 0.3566671875 0.72875 0.3523328125 0.7405 0.3526671875 0.753 0.35166718750000003 0.7657499999999999 0.3541671875 0.78325 0.3521671875 0.78825 0.3486671875 0.7925 0.34533281250000003 0.794 0.33783281249999997 0.795 0.33216718749999996 0.8 0.32599999999999996 0.8029999999999999 0.3201671875 0.82575 0.3201671875 0.8307499999999999 0.3181671875 0.8404999999999999 0.3181671875 0.85725 0.3193328125 0.861 0.3193328125 0.8654999999999999 0.3223328125 0.8744999999999999 0.3236671875 0.88425 0.3236671875 0.8935000000000001 0.32 0.91175 0.3188328125 0.9262499999999999 0.3225 0.9414999999999999 0.3261671875 0.9692500000000001
2 0.39466718749999996 0.75575 0.3955 0.75175 0.392 0.73625 0.39049999999999996 0.7335 0.3815 0.72375 0.376 0.7212500000000001 0.369 0.7212500000000001 0.3606671875 0.72475 0.35550000000000004 0.73075 0.3523328125 0.74175 0.3521671875 0.74825 0.35350000000000004 0.754 0.3546671875 0.7577499999999999 0.3571671875 0.76 0.3611671875 0.75875 0.3723328125 0.761 0.3826671875 0.76075 0.3848328125 0.7617499999999999 0.393 0.758 0.39466718749999996 0.75575
3 0.3716671875 0.9966671874999999 0.3886671875 0.9315 0.3891671875 0.93625 0.38833281249999996 0.9390000000000001 0.38833281249999996 0.9435 0.38633281249999996 0.9577500000000001 0.3865 0.9862500000000001 0.389 0.99475 0.3918328125 0.998 0.3918328125 0.99975 0.4525 0.99975 0.4535 0.9977499999999999 0.4545 0.9974999999999999 0.46666718749999997 0.9964999999999999 0.46783281250000003 0.9942500000000001 0.46783281250000003 0.986 0.4638328125 0.94425 0.4605 0.8925000000000001 0.4593328125 0.8887499999999999 0.4586671875 0.8807499999999999 0.4561671875 0.8744999999999999 0.45499999999999996 0.8692500000000001 0.44966718749999995 0.8535 0.445 0.84575 0.44566718749999995 0.8422499999999999 0.44583281250000006 0.82575 0.44400000000000006 0.8140000000000001 0.4433328125 0.8022500000000001 0.44116718749999995 0.79575 0.437 0.7715 0.4345 0.7635 0.4276671875 0.7615000000000001 0.4198328125 0.7615000000000001 0.4116671875 0.766 0.40716718749999997 0.771 0.40449999999999997 0.778 0.4003328125 0.7855000000000001 0.3978328125 0.7967500000000001 0.3928328125 0.81075 0.39249999999999996 0.81425 0.39033281249999996 0.8182499999999999 0.3875 0.8324999999999999 0.38849999999999996 0.8401671875 0.3876671875 0.84275 0.3846671875 0.8460000000000001 0.3843328125 0.8477499999999999 0.3841671875 0.8494999999999999 0.38633281249999996 0.852 0.367221875 0.8675 0.3666671875 0.8883328125000001 0.3638890625 0.9008328125 0.35944375 0.9341671874999999 0.357221875 0.9591671875 0.357221875 0.9791671875000001 0.3566671875 0.99975 0.3716671875 0.9966671874999999
2 0.4276671875 0.8215 0.4321671875 0.82125 0.43550000000000005 0.82225 0.4383328125 0.81425 0.44166718749999995 0.81225 0.4433328125 0.8092499999999999 0.4436671875 0.806 0.4388328125 0.7725 0.4393328125 0.7675 0.4363328125 0.7635 0.4281671875 0.76075 0.42216718750000004 0.76075 0.4198328125 0.761 0.4111671875 0.765 0.4076671875 0.76875 0.3996671875 0.787 0.3996671875 0.8025 0.40283281249999997 0.80425 0.40316718749999997 0.807 0.40549999999999997 0.80975 0.4068328125 0.81425 0.41316718750000003 0.818 0.41816718750000004 0.8225 0.4201671875 0.8230000000000001 0.42350000000000004 0.81975 0.4276671875 0.8215