3 0.3531375 0.4550546875 0.3515953125 0.48148125 0.3544234375 0.48707500000000004 0.3533953125 0.49054843750000005 0.35468125 0.4942125 0.3518515625 0.4976859375 0.35133749999999997 0.5038578125 0.35288125 0.5486109375 0.352109375 0.5929781249999999 0.353909375 0.6435187499999999 0.3515953125 0.682678125 0.348765625 0.7011953125 0.3515953125 0.7089125000000001 0.3852875 0.7098765625000001 0.3888890625 0.7116125 0.3914609375 0.7162421875 0.39248906250000004 0.7418984375 0.39531875 0.75154375 0.39634843750000004 0.766975 0.3991765625 0.77565625 0.4004625 0.7916671875 0.40329218750000007 0.804784375 0.4043203125 0.817321875 0.40586406249999996 0.8221453125 0.40740781249999997 0.8501156249999999 0.4120375 0.8802078124999999 0.4117796875 0.8832953124999999 0.40920781249999993 0.8879250000000001 0.4025203125 0.8923609375 0.40174843750000006 0.8937109375000001 0.39634843750000004 0.8958328124999999 0.39248906250000004 0.8993062500000001 0.39223281249999997 0.9081796875 0.39094687499999997 0.9120375 0.392746875 0.914159375 0.39634843750000004 0.9153156250000001 0.40920781249999993 0.9151234374999999 0.4120375 0.9157015625 0.4429015625 0.9145453124999999 0.4470171875 0.9137734375000001 0.451903125 0.911071875 0.45473281249999997 0.91049375 0.467078125 0.9101078125000001 0.475309375 0.9106875000000001 0.482253125 0.909915625 0.4861109375 0.9079859375 0.487140625 0.9043203125 0.48688281250000004 0.8915890624999999 0.48816875 0.8804015625 0.48688281250000004 0.8678625 0.5126031249999999 0.8659343749999999 0.5138890625 0.8728781250000001 0.5172328125 0.8767359375 0.518775 0.8807875 0.5267484375 0.8886953125 0.534721875 0.8923609375 0.5424375 0.8933249999999999 0.5527265625 0.8925546875 0.5576125000000001 0.8886953125 0.5607 0.8846453125 0.5643 0.8782796875000001 0.5689296875000001 0.8609187500000001 0.5691875 0.8560953124999999 0.5689296875000001 0.8491515625 0.5617281249999999 0.8254250000000001 0.5612140625 0.8182875 0.5648140625 0.798996875 0.566871875 0.7949453125 0.5686734375 0.7870375000000001 0.5679015625 0.7820218750000001 0.5707296875 0.770640625 0.5707296875 0.766975 0.5722734375 0.7636953125 0.571759375 0.7596453125 0.5738171875 0.7573296875 0.5740734375 0.7525078125 0.5774171875 0.7397765625 0.581275 0.7098765625000001 0.5810187499999999 0.7062109375000001 0.5815328125 0.70466875 0.5853906249999999 0.7035109375 0.6036515625 0.701003125 0.6031375 0.6998453125 0.605709375 0.6984953125 0.607253125 0.6990734375 0.6100828125 0.6984953125 0.61496875 0.69888125 0.6177984375000001 0.6959875 0.6229421875 0.6936734375 0.6208843749999999 0.6759265625 0.6167703125 0.6637734375 0.614196875 0.641975 0.61496875 0.6383109375 0.612140625 0.6057484375 0.61316875 0.5854546875 0.6100828125 0.5495109375 0.6111109375 0.545525 0.6108546875 0.50154375 0.608796875 0.4940203125 0.5992796874999999 0.49170468749999996 0.5951640625 0.48939062499999997 0.5913062499999999 0.47588749999999996 0.5915640625 0.47029375 0.590278125 0.462190625 0.5918203125 0.4548609375 0.5889921874999999 0.4471453125 0.59105 0.44482968749999996 0.592078125 0.43904375 0.5897640625 0.4344140625 0.5915640625 0.4315203125 0.5915640625 0.42148906249999996 0.5951640625 0.4120375 0.5951640625 0.4079859375 0.597221875 0.3994984375 0.5961937500000001 0.3964125 0.588478125 0.3904328125 0.58770625 0.3886953125 0.5838484375 0.387153125 0.57921875 0.382909375 0.5751031249999999 0.38155937500000003 0.5704734375 0.3740359375 0.565071875 0.36863437499999996 0.56584375 0.3668984375 0.565071875 0.35667499999999996 0.566871875 0.34413593750000004 0.571759375 0.3325625 0.5738171875 0.3300546875 0.5663578125 0.3258109375 0.5637859375 0.32118125000000003 0.5596703125 0.31944374999999997 0.555040625 0.313271875 0.5511828125 0.3105703125 0.5480968749999999 0.3042046875 0.542953125 0.301890625 0.539865625 0.296103125 0.5360078125000001 0.2945609375 0.5336937500000001 0.279128125 0.531378125 0.27797031250000004 0.5306062500000001 0.27469062499999997 0.531121875 0.2737265625 0.534721875 0.27256874999999997 0.53549375 0.2694828125 0.538065625 0.2673609375 0.5324078125 0.26716875 0.5300921875 0.27199062500000004 0.52855 0.27256874999999997 0.52520625 0.26890468749999996 0.5239203125 0.2731484375 0.5164609375 0.2750765625 0.5151749999999999 0.27970625 0.507715625 0.28125 0.5020578125 0.283371875 0.4997421875 0.2870375 0.4945984375 0.2895453125 0.4894546875 0.2959109375 0.48636875 0.29726093750000004 0.4817390625 0.3036265625 0.47556562500000005 0.3063265625 0.4742796875 0.3099921875 0.47119375 0.31385 0.46965 0.31385 0.4668203125 0.3113421875 0.4629625 0.3126921875 0.45884843750000004 0.3126921875 0.453703125 0.315971875 0.4413578125 0.3207953125 0.43827187500000003 0.324459375 0.4351859375 0.3240734375 0.4320984375 0.327353125 0.42661249999999995 0.32966875 0.42386875 0.32966875 0.4236109375 0.33294687500000003 0.422325 0.3348765625 0.41615156249999996 0.3369984375 0.41409531250000003 0.338734375 0.4125515625 0.3418203125 0.40715 0.342978125 0.40380625 0.34664375000000003 0.40020625 0.3460640625 0.397634375 0.3495375 0.39248906250000004 0.3510796875 0.3888890625 0.3555171875 0.3840015625 0.357253125 0.38014375 0.3613046875 0.37911562499999996 0.364390625 0.37294218749999997 0.3638125 0.3670265625 0.36844062499999997 0.3652265625 0.37365 0.36059687500000004 0.38059375 0.3559671875 0.38406562499999997 0.3526234375 0.3886953125 0.3456796875 0.3923609375 0.33770625 0.40547812499999997 0.3364203125 0.40914375 0.3359046875 0.41242343750000005 0.33770625 0.4180171875 0.3415640625 0.41570156249999995 0.3495375 0.41763125 0.3515953125 0.419753125 0.3549375 0.421296875 0.3559671875 0.42303281249999997 0.3544234375 0.444059375 0.3549375 0.4511953125 0.3531375 0.4550546875
3 0.3515953125 0.3040125 0.3541671875 0.3057484375 0.352109375 0.3105703125 0.35648124999999997 0.31385 0.35648124999999997 0.31886562500000004 0.35365156249999996 0.3261953125 0.3585390625 0.3300546875 0.35828125 0.33449062500000004 0.36136875 0.33738437499999996 0.3608546875 0.3424 0.37679999999999997 0.342978125 0.3814296875 0.3393125 0.3840015625 0.3300546875 0.38683125 0.3290890625 0.387859375 0.3271609375 0.390175 0.326775 0.39480468750000003 0.3300546875 0.39711875 0.330246875 0.403034375 0.326003125 0.40509218750000003 0.32156562499999997 0.40740781249999997 0.3196375 0.4120375 0.3200234375 0.412809375 0.31944374999999997 0.4156375 0.31404375 0.419753125 0.3136578125 0.42258281249999996 0.3105703125 0.45010312499999994 0.29976875000000003 0.56095625 0.231675 0.5637859375 0.22665937500000002 0.5681578125 0.22665937500000002 0.5709875 0.22569374999999997 0.5769031250000001 0.2226078125 0.5799890624999999 0.21990781250000002 0.5838484375 0.219328125 0.5859046875 0.21778593750000003 0.5864203125 0.21624218750000002 0.58461875 0.2075625 0.58770625 0.1932875 0.5838484375 0.191165625 0.5756171875 0.1932875 0.573303125 0.1915515625 0.5681578125 0.189621875 0.5645578125 0.19212968749999998 0.5619859375 0.1905859375 0.5604421875 0.188271875 0.55915625 0.188078125 0.556584375 0.18480000000000002 0.54886875 0.1849921875 0.5460390625 0.186921875 0.5419234375 0.1876921875 0.532921875 0.1865359375 0.5298359375 0.1894296875 0.5246906250000001 0.1892359375 0.5149171875 0.18209843750000002 0.5123453125 0.17534687499999999 0.5123453125 0.169753125 0.5090015625000001 0.16550937500000001 0.5087453125 0.16280937499999998 0.51183125 0.1606875 0.5146609375 0.1601078125 0.516203125 0.158371875 0.519546875 0.14216875 0.5231484375 0.1386953125 0.5239203125 0.1346453125 0.529578125 0.132715625 0.5318937499999999 0.1309796875 0.531121875 0.1275078125 0.5257203125000001 0.12268593750000001 0.518775 0.11882656250000001 0.5084875 0.08371875 0.5018 0.073303125 0.4945984375 0.06770781249999999 0.48508281249999996 0.063078125 0.46836406249999996 0.0526625 0.4665640625 0.05054062499999999 0.45807656249999995 0.053626562499999995 0.448559375 0.0598 0.43544218749999997 0.064621875 0.4279828125 0.0692515625 0.42489687500000006 0.0721453125 0.4200109375 0.0779328125 0.416409375 0.0841046875 0.4084359375 0.10706093750000001 0.406378125 0.1161265625 0.4025203125 0.120178125 0.39711875 0.12345625 0.3955765625 0.1307875 0.4004625 0.1321375 0.407921875 0.1365734375 0.409465625 0.13908125 0.40689374999999994 0.1402390625 0.406121875 0.14197500000000002 0.407921875 0.15162031250000002 0.4143515625 0.1558640625 0.42052500000000004 0.1658953125 0.421296875 0.1741890625 0.41383749999999997 0.1934796875 0.4117796875 0.195409375 0.4081796875 0.19675937500000001 0.40380625 0.1963734375 0.40174843750000006 0.1971453125 0.39471875 0.2031890625 0.391975 0.20428281250000002 0.388375 0.203703125 0.3863171875 0.20505468750000003 0.38425937499999996 0.2089125 0.3855453125 0.21142031249999998 0.3852875 0.2148921875 0.3837453125 0.21759218749999998 0.3814296875 0.21875 0.37679999999999997 0.2185578125 0.3721703125 0.21701406250000002 0.37191406250000003 0.21585625 0.37345625 0.2135421875 0.37294218749999997 0.2119984375 0.3695984375 0.2143125 0.36574062500000004 0.2119984375 0.36136875 0.21315625 0.3569953125 0.2125765625 0.3567390625 0.21392812499999997 0.3510796875 0.21836406249999998 0.3459359375 0.22029375 0.34285 0.2189421875 0.3415640625 0.21585625 0.340278125 0.2189421875 0.33770625 0.22048593749999998 0.33770625 0.2255015625 0.338734375 0.2255015625 0.33950625 0.2283953125 0.3364203125 0.2320609375 0.335390625 0.267746875 0.3366765625 0.2717984375 0.33744843750000003 0.3026625 0.3379625 0.30324062500000004 0.33950625 0.3007328125 0.34310625 0.29976875000000003 0.343878125 0.29841875 0.3492796875 0.2986109375 0.350565625 0.29957500000000004 0.3515953125 0.3040125
1 0.5249484375 0.1344515625 0.5290640625 0.13368125 0.5331796875 0.1307875 0.5336937500000001 0.12654375 0.5205765625 0.11979218750000001 0.518775 0.11786250000000001 0.51183125 0.0914359375 0.5048874999999999 0.076003125 0.49897187499999995 0.0698296875 0.48328125 0.06115 0.4665640625 0.049575 0.4583328125 0.0528546875 0.44675937499999996 0.0599921875 0.43570000000000003 0.0636578125 0.4295265625 0.067321875 0.42566875 0.070409375 0.41872499999999996 0.0783171875 0.412809375 0.09201406250000001 0.41126562499999997 0.0991515625 0.4048359375 0.1176703125 0.3888890625 0.1267359375 0.3899171875 0.13059375 0.39248906250000004 0.13232968750000002 0.40380625 0.135803125 0.441871875 0.139853125 0.453446875 0.1402390625 0.5249484375 0.1344515625
3 0.031121875 0.21315625 0.03060625 0.21682031249999997 0.036779687500000005 0.22125781249999998 0.044753125 0.23939062500000002 0.052212499999999995 0.24267031249999998 0.054784374999999996 0.24267031249999998 0.056326562499999996 0.2461421875 0.053754687499999995 0.247878125 0.054270312499999994 0.24961406249999998 0.056326562499999996 0.25289375000000003 0.060956250000000003 0.2546296875 0.0607 0.2675546875 0.0570984375 0.269096875 0.052468749999999995 0.26871093749999997 0.04886875 0.2700625 0.0450109375 0.2754625 0.04886875 0.27797031250000004 0.051182812499999994 0.28125 0.05735625 0.29648906249999996 0.060185937499999995 0.3063265625 0.059928125 0.31095625 0.062242187500000004 0.3221453125 0.061728125 0.33121093749999997 0.063528125 0.34085624999999997 0.061471874999999995 0.3574453125 0.054784374999999996 0.36593437500000003 0.049640625 0.3690203125 0.0452671875 0.3732640625 0.03215 0.3751921875 0.02855 0.3769296875 0.031121875 0.39699062500000004 0.03395 0.4010421875 0.034721875 0.4043203125 0.039609375 0.4081796875 0.04038125 0.4122296875 0.0426953125 0.41454531250000004 0.0460390625 0.42901249999999996 0.0483546875 0.4351859375 0.051696874999999996 0.43904375 0.0529828125 0.4429015625 0.0527265625 0.4471453125 0.055040624999999996 0.46180625 0.0545265625 0.47125781250000004 0.056326562499999996 0.493440625 0.056326562499999996 0.4980703125 0.054784374999999996 0.5040515625 0.053498437499999996 0.506365625 0.04886875 0.507909375 0.046296875 0.5096453125 0.04578125 0.5136953125 0.043209375 0.5173609375 0.0468109375 0.6101468750000001 0.0460390625 0.627121875 0.0444953125 0.6311734375 0.0349796875 0.63368125 0.0326640625 0.6365734375 0.031378125 0.6437109375000001 0.029578125 0.6790125 0.0282921875 0.6849921875 0.0254625 0.6894296875 0.0236625 0.701003125 0.021090624999999998 0.70466875 0.0198046875 0.71720625 0.016203125 0.7239578125 0.0164609375 0.736496875 0.014403125 0.7401625000000001 0.0164609375 0.7476859375 0.021090624999999998 0.749421875 0.0249484375 0.75424375 0.02880625 0.7557875000000001 0.035235937499999995 0.7559796875 0.0406375 0.75559375 0.044753125 0.753471875 0.0588984375 0.7440203125 0.0596703125 0.7424765625 0.0619859375 0.732253125 0.0619859375 0.7191359375 0.063528125 0.7048609375 0.06404375 0.7038968750000001 0.06841562500000001 0.7033171874999999 0.070215625 0.7013890625 0.069959375 0.6977234375 0.0686734375 0.6956015625 0.0643 0.6942515625000001 0.0643 0.692321875 0.06712968750000001 0.6894296875 0.0637859375 0.6886578125 0.061728125 0.6857640625 0.0619859375 0.6790125 0.06404375 0.6709109375 0.0681578125 0.669753125 0.069959375 0.6666671875 0.070215625 0.6658953125 0.06712968750000001 0.6624234375 0.06944375 0.658371875 0.07227343750000001 0.6593359375000001 0.0797328125 0.65625 0.0841046875 0.6558640625 0.0864203125 0.654128125 0.0848765625 0.649884375 0.083590625 0.6394671875 0.085134375 0.6259640625 0.0874484375 0.6211421875 0.0907921875 0.621528125 0.0915640625 0.6223 0.092078125 0.61805625 0.093878125 0.615740625 0.0956796875 0.6151625000000001 0.0933640625 0.61361875 0.09233593749999999 0.61091875 0.095421875 0.609953125 0.0985078125 0.6070609375 0.098765625 0.5995375000000001 0.09465 0.588734375 0.0933640625 0.5686734375 0.0925921875 0.53279375 0.093621875 0.5302859375 0.0959359375 0.529128125 0.09310625 0.5254624999999999 0.0949078125 0.5214125000000001 0.0925921875 0.5202546875 0.0918203125 0.5181328125 0.0907921875 0.5017359375 0.0882203125 0.497878125 0.0864203125 0.47202968749999996 0.0797328125 0.4508109375 0.07767500000000001 0.43132656249999995 0.075875 0.42611875 0.071759375 0.40374218749999996 0.0712453125 0.3923609375 0.07355937500000001 0.3883109375 0.0738171875 0.38059375 0.075103125 0.3794375 0.0799890625 0.3767359375 0.0864203125 0.3751921875 0.09130625 0.37461406249999996 0.0982515625 0.3751921875 0.110596875 0.372878125 0.111625 0.3682484375 0.115740625 0.3651625 0.11651249999999999 0.3618828125 0.11908437499999999 0.3576390625 0.1193421875 0.3454859375 0.1167703125 0.3369984375 0.114196875 0.3339125 0.11394062499999999 0.3300546875 0.10956718750000001 0.3261953125 0.10956718750000001 0.3219515625 0.10725312499999999 0.3144296875 0.1033953125 0.3107640625 0.10056562499999999 0.3009265625 0.09979375 0.2910875 0.0974796875 0.2874234375 0.09773593750000001 0.2831796875 0.0956796875 0.280478125 0.0925921875 0.2787421875 0.1126546875 0.20138906250000002 0.11496875 0.201003125 0.11908437499999999 0.19656562500000002 0.1201125 0.19309375 0.10030937499999999 0.1614578125 0.0995375 0.158371875 0.097221875 0.15625 0.0915640625 0.14699062499999999 0.085390625 0.1425546875 0.080246875 0.1408171875 0.0771609375 0.1410109375 0.07613125 0.14197500000000002 0.07767500000000001 0.1467984375 0.0745890625 0.1502703125 0.0704734375 0.1477625 0.0643 0.145640625 0.0627578125 0.140046875 0.061471874999999995 0.13908125 0.056584375 0.1394671875 0.0540125 0.1410109375 0.0475828125 0.1425546875 0.036779687500000005 0.14988437500000001 0.035235937499999995 0.15335625 0.032921875 0.15489999999999998 0.031121875 0.158371875 0.0300921875 0.16898125 0.03060625 0.17341875 0.0360078125 0.18113437500000001 0.036779687500000005 0.1876921875 0.0411515625 0.201003125 0.041409375 0.206790625 0.0424375 0.2091046875 0.0411515625 0.21142031249999998 0.035493750000000004 0.2106484375 0.0331796875 0.209490625 0.031121875 0.21315625
1 0.10982499999999999 0.186728125 0.1147125 0.1855703125 0.11908437499999999 0.1876921875 0.120628125 0.1855703125 0.1193421875 0.1815203125 0.105453125 0.1693671875 0.09773593750000001 0.152584375 0.09310625 0.1466046875 0.087190625 0.1425546875 0.07227343750000001 0.135609375 0.0612140625 0.1361875 0.044753125 0.14216875 0.03729375 0.1477625 0.03035 0.1581796875 0.029578125 0.171875 0.0370375 0.1855703125 0.040895312499999996 0.1884640625 0.044753125 0.1892359375 0.04578125 0.1871140625 0.050068749999999995 0.1855703125 0.054784374999999996 0.1851859375 0.09619375 0.185378125 0.10699531250000001 0.1884640625 0.10982499999999999 0.186728125
3 0.200875 0.57253125 0.200875 0.5682875000000001 0.20241718749999998 0.5636578125 0.20447500000000002 0.56095625 0.2083328125 0.5596062500000001 0.215278125 0.5586421875 0.217078125 0.558834375 0.21964999999999998 0.5605703125 0.22788124999999998 0.5596062500000001 0.232253125 0.5567124999999999 0.2291671875 0.5488046875 0.2283953125 0.53684375 0.2268515625 0.5316359375 0.2245375 0.5090656250000001 0.22350781249999999 0.5071375 0.22350781249999999 0.50154375 0.225565625 0.4976859375 0.22582343749999997 0.4945984375 0.22582343749999997 0.47723750000000004 0.22350781249999999 0.4629625 0.2224796875 0.46161250000000004 0.22067968750000003 0.46045468749999996 0.21270625 0.4627703125 0.20859062499999997 0.46720625 0.202675 0.4706796875 0.20113124999999998 0.47492343750000005 0.1936734375 0.476465625 0.1893 0.4783953125 0.186728125 0.48283125 0.18389843749999998 0.48514687500000003 0.18415625 0.4976859375 0.1869859375 0.503471875 0.1877578125 0.5084875 0.18904375 0.5378093749999999 0.190071875 0.53993125 0.1931578125 0.5648140625 0.19470156249999998 0.5650078125 0.1970171875 0.5706015625 0.20061718750000002 0.5713734374999999 0.200875 0.57253125
3 0.1846703125 0.2714125 0.18904375 0.2754625 0.18955781249999998 0.2787421875 0.19444375 0.2874234375 0.19547343749999999 0.294753125 0.19933125000000002 0.298225 0.2031890625 0.3067125 0.20730468750000003 0.344521875 0.206790625 0.36265468749999996 0.20344687499999997 0.3740359375 0.201903125 0.375 0.1923875 0.3767359375 0.19084375 0.37982187500000003 0.1893 0.3796296875 0.18595625 0.3809796875 0.1813265625 0.380015625 0.17515468750000002 0.3846453125 0.17746875 0.4164734375 0.1792703125 0.4201390625 0.183128125 0.423996875 0.18055625 0.428434375 0.180040625 0.4336421875 0.183128125 0.4627703125 0.18544218750000002 0.4668203125 0.1893 0.460840625 0.1936734375 0.459684375 0.19753125 0.45582500000000004 0.2075625 0.4511953125 0.2106484375 0.44888125 0.2129625 0.445409375 0.22402187499999998 0.44000781250000004 0.225565625 0.436921875 0.2286515625 0.43595625 0.2299375 0.43344843749999995 0.23328125000000002 0.4315203125 0.2294234375 0.42746874999999995 0.227109375 0.4263125 0.22505156249999997 0.41936718749999996 0.227109375 0.4106875 0.2291671875 0.4081796875 0.230453125 0.4045140625 0.2299375 0.39486875 0.23302499999999998 0.380015625 0.2386828125 0.3688265625 0.2420265625 0.3651625 0.2435703125 0.3533953125 0.2461421875 0.3499234375 0.2471703125 0.3454859375 0.251028125 0.3379625 0.24845625 0.33468437500000003 0.2479421875 0.3304390625 0.244084375 0.3242671875 0.2538578125 0.22588750000000002 0.25514375 0.2247296875 0.25514375 0.2226078125 0.2548875 0.22067968750000003 0.249228125 0.21315625 0.2286515625 0.20852656249999998 0.22479375 0.209490625 0.22067968750000003 0.20871875 0.21270625 0.20871875 0.206790625 0.21084062499999998 0.200875 0.21084062499999998 0.1931578125 0.212384375 0.18904375 0.2154703125 0.1851859375 0.22010000000000002 0.1862140625 0.2245375 0.1887859375 0.22665937500000002 0.191871875 0.2276234375 0.194959375 0.2310953125 0.200875 0.24903593750000003 0.20241718749999998 0.25135 0.20138906250000002 0.2559796875 0.19933125000000002 0.25925937499999996 0.1851859375 0.2673609375 0.1846703125 0.2714125
1 0.24022656250000002 0.23186718750000002 0.2536015625 0.2255015625 0.255915625 0.2210640625 0.25308593749999997 0.217978125 0.2512859375 0.21373437499999998 0.24974218750000002 0.2129625 0.2319953125 0.20775468749999998 0.220421875 0.20794687500000003 0.21682031249999997 0.2069828125 0.20447500000000002 0.20814062500000002 0.1931578125 0.2119984375 0.1875 0.2156640625 0.1846703125 0.219521875 0.1844140625 0.22125781249999998 0.18595625 0.225115625 0.1893 0.2276234375 0.194959375 0.23013124999999998 0.19727343749999998 0.23321718749999998 0.200875 0.232253125 0.2129625 0.2320609375 0.220421875 0.2303234375 0.2325109375 0.23013124999999998 0.24022656250000002 0.23186718750000002
3 0.7518 0.22723749999999998 0.7530859375000001 0.23244531249999997 0.7572015624999999 0.2401625 0.759259375 0.24903593750000003 0.759259375 0.2559796875 0.7566875 0.2679390625 0.7584875 0.2717984375 0.7757203125000001 0.48341093749999997 0.7741765625 0.48553281249999997 0.7749484375 0.5374234375 0.7754624999999999 0.5385796875 0.7815328125 0.5383875 0.78395 0.539159375 0.7857515625 0.5501546875 0.7875515625 0.5520828125 0.79218125 0.5526625000000001 0.794753125 0.551890625 0.7975828125 0.5472609375 0.80066875 0.544753125 0.8011828124999999 0.541859375 0.8009265624999999 0.5370375000000001 0.79578125 0.5293203125 0.79578125 0.5250765625 0.7939812500000001 0.5208328125 0.792953125 0.5098374999999999 0.7916671875 0.5065593749999999 0.7916671875 0.505015625 0.794753125 0.5007718750000001 0.79578125 0.4947921875 0.7939812500000001 0.4895828125 0.79578125 0.4863046875 0.796553125 0.47029375 0.7983546875 0.46624218749999996 0.8125 0.46527812500000004 0.8143 0.46836406249999996 0.8181578125 0.46624218749999996 0.8222734375 0.45929843750000005 0.8220171875 0.45447499999999996 0.8204734374999999 0.4511953125 0.8197015625 0.43445156249999994 0.8212453125 0.421296875 0.8209875 0.4010421875 0.8179015625 0.37924375 0.816871875 0.3613046875 0.8127578124999999 0.342978125 0.811471875 0.3142359375 0.80915625 0.3107640625 0.8070984375 0.2988046875 0.796296875 0.2714125 0.7919234375 0.2571375 0.78729375 0.2517359375 0.7808640625 0.24807031249999997 0.77855 0.24459843750000002 0.77855 0.240934375 0.7808640625 0.2376546875 0.7834359375 0.2283953125 0.78729375 0.2239578125 0.7867796874999999 0.2125765625 0.788065625 0.2091046875 0.788065625 0.20486093749999998 0.7908953125 0.20177499999999998 0.7975828125 0.201003125 0.7975828125 0.1971453125 0.7950109375000001 0.19290156249999998 0.7896093750000001 0.1892359375 0.7800921875 0.1878859375 0.775978125 0.188271875 0.7716046875 0.1855703125 0.7674890624999999 0.18460625 0.7595171875 0.18422031249999998 0.7476859375 0.1849921875 0.7461421875 0.1855703125 0.7451125000000001 0.1892359375 0.74845625 0.19309375 0.74845625 0.20138906250000002 0.7463984375 0.205246875 0.7417703125 0.20871875 0.7386828125 0.2127703125 0.738940625 0.21682031249999997 0.7427984375000001 0.2189421875 0.744084375 0.2210640625 0.7482 0.2228015625 0.7518 0.22723749999999998
1 0.7808640625 0.21084062499999998 0.786521875 0.2092984375 0.7893515625 0.2064046875 0.7960390625 0.20428281250000002 0.8001546875000001 0.20119531249999997 0.7998968750000001 0.1973375 0.7975828125 0.1932875 0.7908953125 0.1884640625 0.7878093749999999 0.1873078125 0.7718625 0.1844140625 0.759259375 0.1836421875 0.7458843749999999 0.185378125 0.7433125 0.18904375 0.74305625 0.1932875 0.745628125 0.1959875 0.7469140624999999 0.20119531249999997 0.7443421875 0.20447500000000002 0.7368828125 0.2089125 0.7368828125 0.2127703125 0.7397125 0.2135421875 0.7641453125 0.2127703125 0.7672328125 0.21180625000000003 0.7808640625 0.21084062499999998
3 0.35905312500000003 0.201003125 0.4004625 0.188271875 0.40509218750000003 0.1876921875 0.4084359375 0.18595625 0.4084359375 0.1815203125 0.40560625000000006 0.175540625 0.4040640625 0.1743828125 0.39994843750000003 0.1736109375 0.3966046875 0.16859531249999998 0.3930046875 0.16763125 0.391203125 0.1657015625 0.380915625 0.16319375 0.37834375 0.16184375 0.37705781250000003 0.1585640625 0.37679999999999997 0.15065625 0.3737140625 0.138503125 0.3752578125 0.13522343750000002 0.374228125 0.1307875 0.36805625000000003 0.125771875 0.362140625 0.1223 0.35751093749999996 0.12094843749999999 0.3495375 0.12114218750000001 0.3418203125 0.12365 0.3341046875 0.12924375 0.3315328125 0.1346453125 0.3305046875 0.1431328125 0.331275 0.14621875 0.3392484375 0.1585640625 0.33719062499999997 0.1620375 0.3281890625 0.1678234375 0.3266453125 0.169753125 0.3222734375 0.1707171875 0.318415625 0.1728390625 0.31429999999999997 0.172646875 0.3119859375 0.173996875 0.3022125 0.1969515625 0.3019546875 0.20158125 0.299640625 0.20852656249999998 0.29886875 0.2127703125 0.3027265625 0.21836406249999998 0.3034984375 0.2164359375 0.3068421875 0.2146984375 0.3119859375 0.21334843750000002 0.323109375 0.2083328125 0.3418203125 0.20814062500000002 0.3467078125 0.20505468750000003 0.357253125 0.202353125 0.35905312500000003 0.201003125
1 0.3762859375 0.1361875 0.37679999999999997 0.1344515625 0.3744859375 0.1302078125 0.36419687500000003 0.12287812499999999 0.35751093749999996 0.12075625000000001 0.3515953125 0.12075625000000001 0.3415640625 0.1232640625 0.333590625 0.130015625 0.33101875000000003 0.1354171875 0.32973281249999997 0.142746875 0.33384843750000004 0.1477625 0.3379625 0.1502703125 0.3400203125 0.1487265625 0.34130625000000003 0.1458328125 0.345421875 0.14718437499999998 0.356225 0.141396875 0.36677031250000003 0.13715312500000001 0.373971875 0.13792500000000002 0.3762859375 0.1361875