1 0.7208328125000001 0.52265625 0.7197921875 0.5265625 0.75625 0.5296875 0.7708328125 0.52421875 0.7739578125000001 0.5171875 0.7708328125 0.5046875 0.7447921875 0.471875 0.7625 0.4375 0.7604171875 0.4125 0.7395828125 0.38359375 0.6916671875 0.3546875 0.6541671874999999 0.34296875 0.6135421875 0.34140625 0.5875 0.35 0.5520828125 0.37578125 0.5385421874999999 0.3796875 0.49583281250000005 0.37421875 0.48125 0.375 0.47708281250000006 0.378125 0.478125 0.39296875 0.509375 0.41796875 0.5260421875 0.40625 0.5666671875 0.41484375 0.6302078125 0.4421875 0.66875 0.4625 0.7010421874999999 0.4859375 0.725 0.509375 0.725 0.52265625 0.7208328125000001 0.52265625
3 0.7916671875 0.99921875 0.8145828125 0.9703125 0.8260421875 0.94296875 0.834375 0.88203125 0.8322921875 0.821875 0.81875 0.74609375 0.7958328125 0.70546875 0.7822921875 0.665625 0.778125 0.66015625 0.7625 0.6546875 0.75 0.64453125 0.7416671874999999 0.63046875 0.74375 0.61796875 0.740625 0.60703125 0.7322921874999999 0.6 0.7322921874999999 0.5953125 0.7270828125000001 0.59375 0.7291671875 0.578125 0.7114578125000001 0.54140625 0.7177078125 0.534375 0.7338546874999999 0.528125 0.7625 0.52734375 0.7708328125 0.5171875 0.7677078125000001 0.5015625 0.7447921875 0.46953125 0.7614578125 0.434375 0.7583328125000001 0.41171875 0.7375 0.3828125 0.7166671874999999 0.36875 0.6697921874999999 0.34765625 0.6291671875 0.34140625 0.5947921875 0.34765625 0.5541671874999999 0.375 0.5395828125000001 0.38046875 0.48020781250000005 0.3765625 0.478125 0.38828125 0.490625 0.403125 0.5020828125000001 0.4078125 0.509375 0.4203125 0.5010421875 0.44140625 0.4739578125 0.45625 0.471875 0.46640625 0.47604218749999994 0.4703125 0.453125 0.521875 0.45625 0.52421875 0.45416718749999996 0.52890625 0.46458281250000005 0.53359375 0.47083281250000003 0.54453125 0.5159203125 0.5929859375000001 0.4314078125 0.6385296874999999 0.4052203125 0.7153296874999999 0.3729171875 0.7421875 0.3572921875 0.74296875 0.353125 0.74921875 0.3364578125 0.7515625 0.3302078125 0.75703125 0.3166671875 0.75703125 0.3125 0.7609375 0.3135421875 0.76953125 0.3208328125 0.7796875 0.3135421875 0.80234375 0.3229171875 0.81015625 0.3333328125 0.853125 0.3239578125 0.86875 0.309375 0.915625 0.3114578125 0.9640625 0.3052078125 0.99921875 0.7916671875 0.99921875
3 0 0.78984375 0.005207812500000001 0.79140625 0.009375 0.7859375 0.011457812500000001 0.76875 0.0229171875 0.7515625 0.078125 0.745571875 0.07291718750000001 0.78046875 0.0739578125 0.8109375 0.0802078125 0.8171875 0.0854171875 0.8171875 0.1072921875 0.8140625 0.121875 0.80703125 0.1260421875 0.78984375 0.1104171875 0.76015625 0.1104171875 0.7515625 0.11458281249999999 0.7484375 0.1125 0.73203125 0.11979218750000001 0.6625 0.1270828125 0.63515625 0.1364578125 0.63046875 0.1385421875 0.62578125 0.1520828125 0.62265625 0.1572921875 0.615625 0.1614578125 0.5953125 0.15 0.56953125 0.14375 0.5359375 0.1479171875 0.5078125 0.1416671875 0.484375 0.1458328125 0.4703125 0.1177078125 0.453125 0.1072921875 0.4390625 0.0927078125 0.4359375 0.0791671875 0.428125 0.0739578125 0.41796875 0.0760421875 0.4 0.071875 0.3953125 0.0625 0.39140625 0.0479171875 0.39140625 0.030207812499999997 0.39921875 0.030207812499999997 0.4171875 0.039582812499999995 0.42421875 0.039582812499999995 0.428125 0.0135421875 0.446875 0.0072921875 0.459375 0 0.4609375 0 0.78984375
3 0.8729171875 0.73515625 0.8520828125 0.77890625 0.871875 0.78125 0.896875 0.7734375 0.9052078124999999 0.7796875 0.903125 0.79375 0.9083328125 0.80234375 0.93125 0.80234375 0.9333328125 0.7984375 0.9458328125 0.79453125 0.9552078125 0.78125 0.9645828125 0.77890625 0.959375 0.7703125 0.94375 0.6515625 0.9583328124999999 0.61484375 0.9625 0.5671875 0.9760421875 0.5234375 0.9770828125 0.5046875 0.975 0.48515625 0.959375 0.45 0.9666671875 0.43515625 0.925 0.40234375 0.9072921875000001 0.4015625 0.8875 0.40859375 0.8760421875000001 0.434375 0.8802078124999999 0.4390625 0.8791671875 0.4484375 0.8645828124999999 0.4703125 0.8645828124999999 0.48671875 0.8416671875 0.54609375 0.8333328124999999 0.55546875 0.8354171875 0.57578125 0.840625 0.5859375 0.840625 0.61875 0.83125 0.6375 0.83125 0.65390625 0.846875 0.65703125 0.859375 0.66640625 0.8635421875 0.68125 0.8625 0.7140625 0.8729171875 0.73515625
1 0.9354171875 0.40625 0.9229171875000001 0.4 0.9072921875000001 0.39921875 0.8885421875 0.40625 0.8864578125 0.41953125 0.890625 0.4234375 0.91875 0.4265625 0.925 0.43046875 0.93125 0.4421875 0.946875 0.4453125 0.9677078124999999 0.4390625 0.965625 0.43203125 0.9458328125 0.41875 0.9354171875 0.40625
2 0.040625 0.4265625 0.06875 0.4234375 0.078125 0.4109375 0.0760421875 0.396875 0.0635421875 0.390625 0.0375 0.39296875 0.028125 0.4 0.027082812499999998 0.41328125 0.040625 0.4265625
3 0.1552078125 0.6234375 0.13125 0.6328125 0.128125 0.63671875 0.1166671875 0.6953125 0.11458281249999999 0.7546875 0.1260421875 0.78671875 0.1375 0.78984375 0.159375 0.78828125 0.1770828125 0.78515625 0.1822921875 0.77421875 0.171875 0.7359375 0.1572921875 0.72109375 0.15625 0.70390625 0.1489578125 0.69296875 0.14375 0.66796875 0.1666671875 0.62421875 0.175 0.62265625 0.175 0.60234375 0.1854171875 0.60078125 0.1958328125 0.5765625 0.1947921875 0.55390625 0.1854171875 0.52734375 0.1895828125 0.503125 0.1802078125 0.5015625 0.18125 0.49765625 0.1708328125 0.4875 0.18125 0.48203125 0.178125 0.47734375 0.1645828125 0.47734375 0.1552078125 0.46328125 0.1541671875 0.4375 0.1479171875 0.440625 0.1375 0.43828125 0.13125 0.41484375 0.1239578125 0.4078125 0.103125 0.40390625 0.0927078125 0.40703125 0.08333281249999999 0.41484375 0.0854171875 0.42578125 0.1125 0.43984375 0.1166671875 0.45078125 0.1427078125 0.4671875 0.146875 0.475 0.14375 0.49296875 0.1489578125 0.5140625 0.14375 0.52890625 0.1604171875 0.5984375 0.1552078125 0.6234375
1 0.0822921875 0.4265625 0.09375 0.4328125 0.115625 0.434375 0.1322921875 0.4296875 0.134375 0.4265625 0.13125 0.4125 0.1114578125 0.403125 0.090625 0.40703125 0.0822921875 0.41484375 0.0822921875 0.4265625
3 0.6072921874999999 0.33828125 0.603125 0.309375 0.6052078125 0.29375 0.6239578125 0.275 0.6260421875 0.20859375 0.615625 0.18359375 0.6072921874999999 0.17578125 0.60625 0.1625 0.6 0.15703125 0.5760421874999999 0.15703125 0.5645828125000001 0.16484375 0.56875 0.1921875 0.5510421875 0.2140625 0.5364578125 0.21953125 0.528125 0.228125 0.5166671875 0.25078125 0.5166671875 0.26484375 0.5270828125 0.28984375 0.53125 0.2875 0.5552078125000001 0.29375 0.5604171874999999 0.2984375 0.5614578125 0.34140625 0.5583328125 0.353125 0.5604171874999999 0.36015625 0.5677078125 0.35859375 0.6072921874999999 0.33828125
3 0.1635421875 0.625 0.1760421875 0.628125 0.1864578125 0.6234375 0.1916671875 0.5828125 0.1979171875 0.57578125 0.203125 0.4875 0.19375 0.46328125 0.184375 0.45625 0.1791671875 0.43125 0.1635421875 0.425 0.153125 0.425 0.1458328125 0.43125 0.153125 0.46640625 0.165625 0.4890625 0.175 0.4984375 0.1833328125 0.5203125 0.1885421875 0.55703125 0.1864578125 0.584375 0.1770828125 0.5921875 0.16875 0.59296875 0.1614578125 0.61640625 0.1635421875 0.625
1 0.5604171874999999 0.16953125 0.565625 0.17109375 0.5895828125 0.17109375 0.6 0.175 0.609375 0.171875 0.6083328125 0.16171875 0.596875 0.1546875 0.5760421874999999 0.1546875 0.5604171874999999 0.1640625 0.5604171874999999 0.16953125
3 0.384375 0.23203125 0.3739578125 0.23671875 0.3697921875 0.2421875 0.371875 0.25625 0.3583328125 0.26328125 0.3260421875 0.2546875 0.328125 0.2640625 0.3541671875 0.2734375 0.3416671875 0.290625 0.340625 0.30234375 0.40520781250000004 0.29765625 0.41875 0.29296875 0.41979218749999997 0.271875 0.4010421875 0.2390625 0.3947921875 0.234375 0.384375 0.23203125
1 0.4010421875 0.23671875 0.390625 0.23046875 0.3760421875 0.23203125 0.3729171875 0.23828125 0.4010421875 0.23671875
1 0.275 0.28515625 0.2895828125 0.2828125 0.29375 0.26796875 0.290625 0.26171875 0.25625 0.2640625 0.25625 0.26953125 0.265625 0.27421875 0.275 0.28515625
1 0.48378125 0.22952656249999998 0.5010421875 0.23984375 0.5104171875 0.23125 0.503125 0.2140625 0.5004453125 0.21613125000000002 0.4814015625 0.21345156250000002 0.459375 0.225 0.46041718749999994 0.234375 0.48378125 0.22952656249999998
2 0.153125 0.278125 0.1739578125 0.2859375 0.1927078125 0.284375 0.1979171875 0.2875 0.1958328125 0.2796875 0.1677078125 0.26328125 0.153125 0.265625 0.146875 0.27109375 0.153125 0.278125
3 0.5010421875 0.2171875 0.48125 0.21328125 0.4583328125 0.228125 0.46145781250000006 0.24609375 0.45729218749999995 0.25859375 0.45625 0.290625 0.5177078125000001 0.290625 0.51875 0.27421875 0.5083328125000001 0.25390625 0.509375 0.24296875 0.5166671875 0.2359375 0.5104171875 0.22578125 0.5010421875 0.2171875
3 0.446875 0.303125 0.45520781250000003 0.2875 0.46041718749999994 0.24765625 0.45625 0.24375 0.43541718749999997 0.24375 0.4270828125 0.2515625 0.43125 0.275 0.421875 0.284375 0.42083281250000004 0.290625 0.43125 0.296875 0.434375 0.34140625 0.43958281250000003 0.35625 0.446875 0.35703125 0.45104218749999997 0.353125 0.446875 0.34921875 0.446875 0.303125
1 0.45416718749999996 0.25234375 0.46041718749999994 0.24765625 0.45520781250000003 0.24140625 0.43541718749999997 0.24296875 0.43020781250000006 0.24609375 0.43125 0.25234375 0.44583281250000006 0.253125 0.45416718749999996 0.25234375
3 0.24333437500000002 0.32061562499999996 0.22905000000000003 0.3465125 0.22905000000000003 0.35990781250000003 0.2350015625 0.3911640625 0.2469046875 0.42688437500000004 0.256428125 0.4483171875 0.2492859375 0.4858234375 0.267140625 0.4822515625 0.2778546875 0.4331359375 0.280234375 0.48314375 0.3159453125 0.4634984375 0.295709375 0.42063281249999995 0.32784843750000003 0.37687499999999996 0.3040421875 0.349190625 0.3111828125 0.31525625 0.29375 0.2955359375 0.2980890625 0.3027546875 0.2873765625 0.28578749999999997 0.2849953125 0.266140625 0.2647609375 0.2589953125 0.2492859375 0.274178125 0.2469046875 0.28400156249999997 0.2659515625 0.2884671875 0.2707125 0.3009671875 0.24333437500000002 0.32061562499999996
3 0.1760421875 0.4265625 0.1875 0.43515625 0.2041671875 0.4359375 0.2104171875 0.39296875 0.2104171875 0.32890625 0.2052078125 0.325 0.2114578125 0.3125 0.1989578125 0.29453125 0.196875 0.284375 0.1895828125 0.27890625 0.1625 0.2640625 0.1510421875 0.27109375 0.15 0.27890625 0.1572921875 0.28203125 0.1572921875 0.28828125 0.1354171875 0.321875 0.125 0.35 0.1177078125 0.35546875 0.11979218750000001 0.403125 0.1375 0.41015625 0.1427078125 0.41796875 0.1760421875 0.4265625
2 0.1623921875 0.42331250000000004 0.1458328125 0.427678125 0.17072343750000002 0.4429578125 0.1861984375 0.4438515625 0.17548593750000002 0.43134843749999996 0.1623921875 0.42331250000000004