3 0.634375 0.66484375 0.75546875 0.66484375 0.75546875 0.5390625 0.634375 0.5390625 0.634375 0.66484375
3 0.06875 0.66015625 0.19453125 0.66015625 0.19453125 0.5421875 0.06875 0.5421875 0.06875 0.66015625
3 0.3046875 0.6609375 0.4109375 0.6609375 0.4109375 0.5453125 0.3046875 0.5453125 0.3046875 0.6609375
3 0.5171875 0.6625 0.6296875 0.6625 0.6296875 0.53125 0.5171875 0.53125 0.5171875 0.6625
3 0.19375 0.6609375 0.31875 0.6609375 0.31875 0.5671875 0.19375 0.5671875 0.19375 0.6609375
3 0.3984375 0.6640625 0.5171875 0.6640625 0.5171875 0.5953125 0.3984375 0.5953125 0.3984375 0.6640625
2 0.6895 0.5665 0.6955 0.5643328125 0.69425 0.5606671875 0.6955 0.5599999999999999 0.70025 0.5589999999999999 0.713 0.5589999999999999 0.71875 0.5566671875 0.7150000000000001 0.5488328124999999 0.712 0.5451671874999999 0.70125 0.5411671874999999 0.6935 0.5396671875 0.68575 0.54 0.67 0.5451671874999999 0.66625 0.5488328124999999 0.6675 0.5518328125 0.6677500000000001 0.5566671875 0.67375 0.5608328124999999 0.67775 0.5593328125 0.6797500000000001 0.5616671875 0.6797500000000001 0.5643328125 0.6815 0.5653328125 0.68625 0.5653328125 0.6895 0.5665
2 0.58 0.5546671875 0.5835 0.5536671875 0.5885 0.549 0.58775 0.5446671875 0.5832499999999999 0.5371671874999999 0.57225 0.5309999999999999 0.56925 0.5303328125 0.56075 0.5301671875 0.5519999999999999 0.533 0.54825 0.5356671875 0.54325 0.5411671874999999 0.5415 0.5448328124999999 0.542 0.5486671875 0.54575 0.5536671875 0.5485 0.5556671875 0.5525 0.5548328125 0.56075 0.5545 0.56825 0.5558328125 0.57225 0.5558328125 0.576 0.5571671874999999 0.58 0.5546671875
2 0.48150000000000004 0.593 0.47775 0.5933328125 0.46675000000000005 0.5965 0.45599999999999996 0.6035 0.45575 0.605 0.45325 0.6073328124999999 0.46849999999999997 0.6066671875 0.47725 0.6053328125 0.48674999999999996 0.6054999999999999 0.49050000000000005 0.6045 0.49175 0.6033328124999999 0.48724999999999996 0.5948328125 0.48475 0.5934999999999999 0.48150000000000004 0.593
2 0.35825 0.5723328125 0.3835 0.5688328125 0.38475000000000004 0.5691671875 0.39075000000000004 0.5646671875 0.39275000000000004 0.561 0.39249999999999996 0.5566671875 0.3855 0.5488328124999999 0.37675000000000003 0.5451671874999999 0.366 0.5438328125 0.357 0.5445 0.35350000000000004 0.546 0.34249999999999997 0.5531671874999999 0.33975 0.5575 0.3375 0.5591671875 0.3365 0.5605 0.33775 0.564 0.33675 0.5683328125 0.33825 0.5690000000000001 0.33999999999999997 0.5668328125000001 0.34175 0.5663328125 0.3445 0.5708328125000001 0.34875 0.5725 0.35275 0.5718328125000001 0.35825 0.5723328125
2 0.30325 0.5825 0.31 0.58 0.31 0.576 0.3065 0.5723328125 0.30225 0.5695 0.29900000000000004 0.5685 0.2885 0.5676671875 0.281 0.568 0.27375 0.5698328125 0.26575000000000004 0.5755 0.26425 0.5773328125 0.263 0.5806671875 0.26575000000000004 0.5866671875 0.26725 0.588 0.271 0.5876671875 0.27575 0.5860000000000001 0.279 0.587 0.28300000000000003 0.5868328125 0.28700000000000003 0.584 0.29100000000000004 0.5828328125 0.30325 0.5825
2 0.15025 0.5598328125 0.14425 0.5516671875 0.13474999999999998 0.5446671875 0.13075 0.5433328125 0.12250000000000001 0.5428328125 0.11525 0.5433328125 0.11100000000000002 0.5445 0.10725 0.5465 0.101 0.5525 0.09725 0.5589999999999999 0.0955 0.5603328125 0.0995 0.5653328125 0.135 0.5658328125 0.13899999999999998 0.5651671875 0.142 0.5631671875 0.14750000000000002 0.5633328125 0.15025 0.5650000000000001 0.15075 0.5645 0.15025 0.5598328125