3 0.029167187500000004 0.8765796874999999 0.0323328125 0.8736640625 0.0351671875 0.8730156250000001 0.0381671875 0.8697765625 0.0396671875 0.8662124999999999 0.043 0.8688046875 0.044167187499999996 0.871396875 0.047 0.8710718749999999 0.0483328125 0.8691281249999999 0.051832812500000006 0.8726921875 0.0603328125 0.8739874999999999 0.0618328125 0.8720437499999999 0.0673328125 0.87236875 0.0675 0.8772265625 0.0666671875 0.8817625 0.0643328125 0.888565625 0.0645 0.8908328125 0.0625 0.8950437499999999 0.0628328125 0.8969875 0.0646671875 0.8989312500000001 0.0648328125 0.9011984375000001 0.0618328125 0.9112406249999999 0.0615 0.9199875000000001 0.0621671875 0.9232265625 0.0613328125 0.9271140625 0.0606671875 0.942015625 0.061 0.9497890625000001 0.06 0.953028125 0.05716718750000001 0.9510859375 0.055167187500000006 0.95205625 0.05483281250000001 0.9552968749999999 0.05600000000000001 0.962746875 0.052667187500000004 0.9708453125000001 0.050832812500000005 0.9782953125 0.0478328125 0.9935218750000001 0.0486671875 0.997084375 0.05375 0.9974078125 0.055832812499999995 0.9996765625 0.057667187499999994 0.9996765625 0.0606671875 0.9974078125 0.0613328125 0.9996765625 0.1055 0.9996765625 0.1056671875 0.9977328125 0.10683281250000001 0.9974078125 0.10816718750000001 0.9996765625 0.141 0.9996765625 0.14116718749999999 0.9977328125 0.14250000000000002 0.9974078125 0.14666718750000002 0.9974078125 0.14850000000000002 0.9996765625 0.1528328125 0.9996765625 0.1528328125 0.99805625 0.1538328125 0.9974078125 0.1568328125 0.9996765625 0.1593328125 0.9996765625 0.1616671875 0.9974078125 0.1633328125 0.9996765625 0.18263281250000002 0.9996765625 0.1846671875 0.9974078125 0.1871671875 0.9996765625 0.2243328125 0.9996765625 0.22799999999999998 0.9967609375 0.23216718749999998 0.9957890624999999 0.233 0.9938453125000001 0.2333328125 0.970521875 0.2323328125 0.9562687499999999 0.2326671875 0.9462265625 0.23183281249999999 0.9433109375000001 0.2323328125 0.938775 0.2311671875 0.9277609375000001 0.23149999999999998 0.9151281250000001 0.2306671875 0.9050859375 0.2306671875 0.8765796874999999 0.23149999999999998 0.8613546875000001 0.23133281249999998 0.83025625 0.23216718749999998 0.8228046875 0.23149999999999998 0.8166499999999999 0.2323328125 0.8066078125 0.2308328125 0.8027203125 0.2306671875 0.7972140624999999 0.2323328125 0.7900875 0.23016718749999998 0.7865234375 0.23133281249999998 0.7829609375000001 0.23399999999999999 0.7803687499999999 0.2353328125 0.7819890625 0.2363328125 0.781665625 0.23900000000000002 0.7674125 0.23883281250000002 0.7632 0.2425 0.7512140625 0.2445 0.7366375 0.24300000000000002 0.7246515625 0.244 0.7123421875 0.248 0.7084546875 0.2518328125 0.7084546875 0.256 0.7058640625 0.2601671875 0.6987359375 0.2686671875 0.6961453125 0.2705 0.69258125 0.27366718749999996 0.691609375 0.2746671875 0.68901875 0.27783281249999997 0.6880468750000001 0.28166718749999997 0.6844828125 0.28266718750000003 0.6786531250000001 0.28216718749999997 0.6524140625 0.28033281250000003 0.634596875 0.2765 0.6310328125 0.27583281249999997 0.626175 0.27333281249999997 0.6232593750000001 0.27133281249999996 0.6138640625 0.2681671875 0.6132171875 0.26749999999999996 0.6073859374999999 0.2663328125 0.6038218750000001 0.2596671875 0.5928078125 0.2521671875 0.585034375 0.2486671875 0.57823125 0.2436671875 0.5762875000000001 0.24100000000000002 0.5720765625 0.236 0.5688375 0.2328328125 0.5672171875 0.2223328125 0.56656875 0.2203328125 0.56656875 0.219 0.5681890625 0.21138906249999997 0.553828125 0.21583281250000003 0.548428125 0.21933281249999997 0.5461609375 0.22149999999999997 0.5406546875 0.225 0.5380625 0.22783281249999998 0.5322312499999999 0.23216718749999998 0.5289921875 0.23483281250000002 0.5215421874999999 0.23566718749999999 0.51700625 0.2376671875 0.51344375 0.238 0.5102046875 0.2415 0.5053453125 0.24700000000000003 0.49400781250000003 0.2478328125 0.49012031250000004 0.2555 0.4923875 0.2638328125 0.49012031250000004 0.26549999999999996 0.487528125 0.2663328125 0.48331718749999997 0.26566718749999996 0.47910624999999996 0.26349999999999996 0.47424687499999996 0.259 0.468415625 0.257 0.462909375 0.2541671875 0.45804999999999996 0.2486671875 0.4382890625 0.248 0.430190625 0.2406671875 0.41593749999999996 0.23650000000000002 0.413021875 0.2331671875 0.40686718749999995 0.22766718749999998 0.40395156249999997 0.2266671875 0.40038906250000006 0.22566718749999998 0.3994171875 0.2208328125 0.398121875 0.21949999999999997 0.396178125 0.21733281249999997 0.3890515625 0.2166671875 0.37609375 0.2091671875 0.371234375 0.20066718749999998 0.372853125 0.1996671875 0.3689671875 0.2 0.36443125 0.1968328125 0.3449953125 0.1958328125 0.343375 0.1936671875 0.342728125 0.192 0.34013593750000004 0.1926671875 0.32620625 0.1908328125 0.325234375 0.1905 0.32231875 0.1878328125 0.3145453125 0.1855 0.310334375 0.1778328125 0.3012640625 0.16983281249999999 0.2960796875 0.1663328125 0.2951078125 0.14750000000000002 0.294784375 0.1421671875 0.29575625 0.1346671875 0.2993203125 0.1253328125 0.3096859375 0.12266718750000001 0.31746093750000004 0.1188328125 0.323615625 0.1143328125 0.336896875 0.1113328125 0.3508265625 0.10983281250000002 0.371071875 0.1073328125 0.3783609375 0.1033328125 0.3783609375 0.096 0.38224843750000004 0.0925 0.384515625 0.0908328125 0.3890515625 0.08716718749999999 0.3890515625 0.08 0.39520625 0.077 0.399740625 0.0753328125 0.40427656250000005 0.0723328125 0.4078390625 0.0643328125 0.42403593749999996 0.0631671875 0.43148749999999997 0.0618328125 0.4353734375 0.0621671875 0.4402328125 0.061 0.4463875 0.0616671875 0.45351406250000004 0.061 0.459021875 0.0623328125 0.46258437499999994 0.0611671875 0.4739234375 0.062 0.4778109375 0.0616671875 0.49012031250000004 0.063 0.49400781250000003 0.0633328125 0.49919062500000005 0.0655 0.50178125 0.0653328125 0.50566875 0.0685 0.5095562499999999 0.06883281249999999 0.51344375 0.0731671875 0.51733125 0.0738328125 0.52121875 0.0761671875 0.523809375 0.0766671875 0.5289921875 0.0801671875 0.533203125 0.0806671875 0.537090625 0.08299999999999999 0.5442171874999999 0.0883328125 0.54778125 0.0895 0.549725 0.0885 0.55555625 0.0896671875 0.5623578124999999 0.089 0.563978125 0.0896671875 0.5688375 0.0893328125 0.5766109375 0.08466718749999999 0.5814703125 0.08 0.5837375 0.076 0.58795 0.0721671875 0.58956875 0.0646671875 0.5960484375 0.0611671875 0.6015546875 0.0593328125 0.6073859374999999 0.05483281250000001 0.6112734375 0.05433281250000001 0.6148359375 0.052167187500000003 0.619046875 0.051832812500000006 0.6232593750000001 0.050332812500000004 0.625203125 0.0471671875 0.634596875 0.0456671875 0.65468125 0.043 0.65824375 0.039332812499999995 0.6731453125 0.0366671875 0.6799484375 0.0355 0.68513125 0.0306671875 0.6932296874999999 0.029167187500000004 0.699384375 0.0298328125 0.71169375 0.0295 0.73113125 0.027832812499999998 0.7596375 0.0283328125 0.7677359375 0.027500000000000004 0.7712984374999999 0.027667187500000003 0.7881437499999999 0.028667187500000003 0.8046640625 0.0288328125 0.8419171875 0.0283328125 0.850340625 0.029167187500000004 0.8765796874999999
1 0.086 0.5445421875 0.0921671875 0.5490765625 0.0953328125 0.5549078125 0.1023328125 0.5604140625 0.1178328125 0.569809375 0.134 0.5759640625 0.1418328125 0.5775828125 0.16183281249999998 0.57823125 0.177 0.575315625 0.1818328125 0.5717531250000001 0.1896671875 0.569809375 0.1973328125 0.5636546874999999 0.2023328125 0.562034375 0.2183328125 0.5464859375 0.2208328125 0.5413015624999999 0.2248328125 0.5377390625 0.2346671875 0.5221890625000001 0.2355 0.5176546875 0.2415 0.506640625 0.2441671875 0.4975703125 0.2476671875 0.49141562499999997 0.26533281249999996 0.4930359375 0.26749999999999996 0.498865625 0.27149999999999996 0.49919062500000005 0.27149999999999996 0.4936828125 0.2686671875 0.4930359375 0.26766718749999996 0.48623281250000006 0.26549999999999996 0.4784578125 0.2623328125 0.47424687499999996 0.2576671875 0.462909375 0.2545 0.4583734375 0.2523328125 0.45319062499999996 0.2485 0.43148749999999997 0.24516718750000002 0.42597968750000004 0.2418328125 0.41626250000000004 0.236 0.411403125 0.2325 0.4062203125 0.1968328125 0.33754531249999997 0.1953328125 0.3297703125 0.1935 0.3249109375 0.1855 0.3096859375 0.1798328125 0.3022359375 0.1696671875 0.2954328125 0.1573328125 0.2934890625 0.143 0.294784375 0.1343328125 0.2993203125 0.1253328125 0.3087140625 0.11850000000000001 0.323290625 0.1136671875 0.336896875 0.11116718750000001 0.34920625 0.1093328125 0.3711265625 0.10816718750000001 0.3754453125 0.091 0.384515625 0.0783328125 0.3965015625 0.0728328125 0.4046 0.0681671875 0.4136703125 0.0643328125 0.42403593749999996 0.0615 0.4353734375 0.0618328125 0.44120468749999997 0.0603328125 0.4467125 0.0603328125 0.45189531250000003 0.0615 0.48623281250000006 0.0631671875 0.49789374999999997 0.0656671875 0.50178125 0.06949999999999999 0.51344375 0.07116718749999999 0.5157109375 0.08083281249999999 0.537090625 0.086 0.5445421875
3 0.298 0.7010046875 0.3025 0.7133140625000001 0.3078328125 0.7201171875 0.3116671875 0.732103125 0.3206671875 0.7512140625 0.3253328125 0.7644968750000001 0.3275 0.7748625 0.3288328125 0.7907359375 0.3286671875 0.8030453124999999 0.3248328125 0.8328468750000001 0.3221671875 0.8419171875 0.3236671875 0.8428890625 0.3245 0.8451578124999999 0.3243328125 0.8532562499999999 0.32783281249999996 0.8769031249999999 0.3283328125 0.8888890625 0.3336671875 0.9096203125000001 0.33416718749999996 0.9164234375 0.33816718749999997 0.9352124999999999 0.3416671875 0.9708453125000001 0.3431671875 0.9786203125 0.34566718750000003 0.9828312499999999 0.35333281250000004 0.923875 0.3545 0.8960156250000001 0.357 0.8697765625 0.3641671875 0.8697765625 0.3651671875 0.8827343750000001 0.369 0.8824093749999999 0.373 0.886296875 0.3748328125 0.8756078125 0.3768328125 0.8720437499999999 0.3775 0.865565625 0.3778328125 0.836734375 0.3771671875 0.81689375 0.379 0.7991578125000001 0.3783328125 0.78069375 0.3793328125 0.7674125 0.3795 0.7521859375 0.379 0.7486234375 0.379 0.70975 0.3798328125 0.6656953125 0.381 0.6575968750000001 0.3795 0.6414 0.3795 0.626821875 0.3785 0.6216390625 0.3783328125 0.605765625 0.3791671875 0.5953999999999999 0.3776671875 0.5911890625 0.3786671875 0.580175 0.3781671875 0.5775828125 0.3793328125 0.5646265625 0.3791671875 0.556203125 0.377 0.5377390625 0.3771671875 0.5289921875 0.3748328125 0.5225140625 0.3748328125 0.5095562499999999 0.3728328125 0.5004859374999999 0.3681671875 0.49789374999999997 0.3663328125 0.49400781250000003 0.3611671875 0.48914843750000003 0.33999999999999997 0.4386140625 0.34033281249999997 0.4191765625 0.3391671875 0.403628125 0.3353328125 0.3896984375 0.33199999999999996 0.3848390625 0.3261671875 0.380628125 0.3188328125 0.37998125 0.3143328125 0.38127656249999997 0.3096671875 0.384515625 0.302 0.394234375 0.296 0.40427656250000005 0.2956671875 0.409134375 0.2963328125 0.42014843749999997 0.3003328125 0.43505000000000005 0.298 0.43958593749999997 0.298 0.4586984375 0.2988328125 0.46614843749999996 0.30116718750000004 0.4693875 0.3023328125 0.4735984375 0.300778125 0.483965625 0.2943328125 0.48364062499999994 0.2916671875 0.48590937500000003 0.2901671875 0.48979531249999997 0.283440625 0.4910859375 0.274346875 0.5087703125 0.267528125 0.5397171875 0.2599515625 0.5883484375 0.270559375 0.6089796875 0.2781359375 0.62076875 0.283440625 0.631084375 0.287228125 0.6473203125 0.2925328125 0.6561625 0.29480625 0.6650046875 0.29783750000000003 0.666478125 0.2995 0.6799484375 0.298 0.7010046875
2 0.3101671875 0.44768437499999997 0.3083328125 0.4548109375 0.3083328125 0.459021875 0.3056671875 0.46258437499999994 0.3046671875 0.466471875 0.3043328125 0.47457031250000004 0.3061671875 0.4765140625 0.3098328125 0.4748953125 0.3143328125 0.48072499999999996 0.3195 0.48202187500000004 0.3225 0.4846125 0.32799999999999996 0.4949796875 0.3286671875 0.4975703125 0.3283328125 0.5024296875 0.33016718749999996 0.5085843750000001 0.335 0.512471875 0.3376671875 0.517978125 0.3413328125 0.514415625 0.34516718750000003 0.50566875 0.34566718750000003 0.501134375 0.35 0.49692187499999996 0.3506671875 0.49400781250000003 0.3506671875 0.4846125 0.352 0.47813437499999994 0.351 0.47035937499999997 0.34966718750000003 0.466471875 0.34950000000000003 0.46258437499999994 0.34733281250000003 0.459021875 0.34566718750000003 0.45351406250000004 0.3413328125 0.45189531250000003 0.33999999999999997 0.44800781250000005 0.3396671875 0.4392609375 0.34049999999999997 0.43602187499999995 0.3408328125 0.42014843749999997 0.34016718749999997 0.40427656250000005 0.3356671875 0.3896984375 0.3316671875 0.38386718750000004 0.32583281249999996 0.37998125 0.321 0.3793328125 0.3146671875 0.380628125 0.3098328125 0.38354374999999996 0.3061671875 0.38775468750000003 0.2975 0.40038906250000006 0.2955 0.40557187499999997 0.296 0.42014843749999997 0.3008328125 0.434078125 0.3003328125 0.43893750000000004 0.3008328125 0.4415296875 0.3026671875 0.445415625 0.3035 0.442825 0.3051671875 0.44120468749999997 0.3076671875 0.44088125 0.3095 0.44250156250000006 0.3101671875 0.44768437499999997
3 0.3838921875 0.5670843750000001 0.385103125 0.5841890624999999 0.38722500000000004 0.5936203124999999 0.38904375 0.6024625 0.392984375 0.617778125 0.3965609375 0.6295078125 0.4089875 0.562390625 0.41353437499999995 0.5394015624999999 0.4102 0.515821875 0.407471875 0.4940125 0.40383281249999997 0.47068281250000005 0.40149999999999997 0.4506 0.399 0.43893750000000004 0.39249999999999996 0.4276 0.38633281249999996 0.42695156250000005 0.3845 0.42533281250000005 0.3841671875 0.419825 0.3848328125 0.4084875 0.3865 0.40427656250000005 0.3858328125 0.4000640625 0.388 0.396178125 0.3881671875 0.392290625 0.3865 0.3848390625 0.3833328125 0.380628125 0.3808328125 0.378684375 0.377 0.379009375 0.3751671875 0.380628125 0.3718328125 0.384515625 0.3701671875 0.391965625 0.3665 0.3965015625 0.3665 0.4010359375 0.3651671875 0.40589531250000005 0.3646671875 0.41334687499999995 0.3651671875 0.4276 0.3625 0.4347265625 0.359 0.43990937499999994 0.3566671875 0.447359375 0.3558328125 0.4544859375 0.35566718750000004 0.46258437499999994 0.357 0.47975312499999995 0.35966718750000004 0.4849375 0.3643328125 0.49012031250000004 0.3671671875 0.49109218749999994 0.3748328125 0.4975703125 0.3766671875 0.5089078125000001 0.3765 0.52121875 0.3823765625 0.5488109375 0.3838921875 0.5670843750000001
2 0.38849999999999996 0.3851640625 0.3858328125 0.380953125 0.3806671875 0.37641718750000003 0.3768328125 0.3773890625 0.3715 0.38224843750000004 0.3655 0.384515625 0.365 0.38937499999999997 0.3641671875 0.41852968749999997 0.3651671875 0.42436093750000003 0.3696671875 0.42533281250000005 0.3771671875 0.42241718749999996 0.3856671875 0.4156140625 0.3855 0.41043124999999997 0.3888328125 0.4000640625 0.3893328125 0.39520625 0.3893328125 0.3880796875 0.38849999999999996 0.3851640625
3 0.38849999999999996 0.8432140625000001 0.39066718749999996 0.8477484375 0.3896671875 0.8506640624999999 0.3876671875 0.8526078125 0.387 0.8571421875 0.39266718749999996 0.8584390624999999 0.3935 0.8564953125000001 0.39883281249999997 0.8568187500000001 0.3996671875 0.86070625 0.3993328125 0.865240625 0.4013328125 0.8668609375 0.403 0.8717203124999999 0.4043328125 0.8717203124999999 0.40533281250000003 0.8697765625 0.4048328125 0.86459375 0.4063328125 0.8616781250000001 0.40416718749999997 0.857790625 0.40583281250000003 0.8539031250000001 0.40533281250000003 0.8490437500000001 0.40650000000000003 0.8461296875000001 0.40416718749999997 0.83965 0.4056671875 0.838678125 0.40738906249999995 0.835115625 0.40916718750000003 0.835115625 0.4108328125 0.8325234375000001 0.41416718750000003 0.8305796875 0.41316718750000003 0.8283125 0.4148328125 0.81859375 0.41683281250000004 0.8189187499999999 0.4183328125 0.8166499999999999 0.4215 0.8147062500000001 0.42000000000000004 0.8124390625 0.42000000000000004 0.8079046875 0.42216718750000004 0.8027203125 0.42400000000000004 0.802396875 0.42400000000000004 0.798834375 0.4226671875 0.796890625 0.4188328125 0.7952703125 0.4206671875 0.789115625 0.4238328125 0.7878203125 0.425 0.7836093749999999 0.438 0.7884671875 0.4383328125 0.7952703125 0.4415 0.8027203125 0.4446671875 0.8066078125 0.44400000000000006 0.8092 0.4446671875 0.8130875 0.4441671875 0.8228046875 0.44349999999999995 0.827340625 0.44216718750000006 0.8299312499999999 0.44183281250000006 0.8406218750000001 0.4398328125 0.8487203125 0.4401671875 0.8730156250000001 0.4393328125 0.8765796874999999 0.4393328125 0.884678125 0.43816718750000005 0.8969875 0.4386671875 0.899578125 0.4383328125 0.9041140625 0.43949999999999995 0.907678125 0.44041718750000003 0.907678125 0.442 0.9105921875 0.4415 0.9118890625 0.4426671875 0.9138328124999999 0.44583281250000006 0.9271140625 0.44516718749999995 0.9322968749999999 0.4455 0.9439578125000001 0.4486671875 0.9630703125 0.44699999999999995 0.974084375 0.44699999999999995 0.9821828125 0.44583281250000006 0.9844515625 0.44483281249999995 0.9906062500000001 0.44566718749999995 0.993196875 0.44800000000000006 0.9957890624999999 0.4511671875 0.9974078125 0.46616718749999997 0.9977328125 0.4671671875 0.9996765625 0.6216671875 0.9996765625 0.625 0.99416875 0.6255 0.9773250000000001 0.6253328125000001 0.9708453125000001 0.6243328125 0.9666343749999999 0.6238328125 0.9471984375 0.6246671874999999 0.9410437500000001 0.6265 0.9361843750000001 0.628 0.9348875 0.6288328125 0.9300296875 0.6301671875 0.9274374999999999 0.6303328125000001 0.923875 0.6318328125 0.9190156249999999 0.6313328125 0.9105921875 0.6331671875 0.9041140625 0.6323328125 0.8979593749999999 0.6298328125 0.8924515625 0.6331671875 0.888565625 0.6306671875000001 0.88370625 0.6301671875 0.8772265625 0.6305 0.8691281249999999 0.6295 0.8649171875 0.6298328125 0.8587624999999999 0.631 0.8539031250000001 0.6301671875 0.84548125 0.6321671875 0.842565625 0.6326671875 0.8390015625 0.6311671875 0.8299312499999999 0.6325000000000001 0.82636875 0.6326671875 0.8182703124999999 0.6298328125 0.8124390625 0.6326671875 0.8066078125 0.6313328125 0.8053125 0.6276671875 0.8053125 0.627 0.80175 0.6273328125 0.798834375 0.625778125 0.7961343750000001 0.6248328125 0.7874953125 0.6248328125 0.7852281249999999 0.6266671875000001 0.7790734375 0.6251671875 0.7706515625 0.6286671875 0.7667640625 0.6293328125000001 0.76158125 0.6281671875 0.7142859374999999 0.6301671875 0.6984125 0.6278328125 0.68869375 0.6298328125 0.6825390625 0.6313328125 0.67185 0.6326671875 0.6692578124999999 0.6328328125 0.6653703125 0.632 0.6598640625 0.6325000000000001 0.6575968750000001 0.6356671875 0.6550046875 0.6385 0.6504703125 0.6445000000000001 0.6472296875 0.6466671875000001 0.643990625 0.6471671875 0.642371875 0.646 0.6381593750000001 0.6481671875 0.636215625 0.6495 0.6310328125 0.6503328125000001 0.6235828125 0.6525000000000001 0.6222875 0.6536671875 0.622934375 0.6513328125 0.6184000000000001 0.6548328125 0.601878125 0.6573328125 0.5992875 0.6563328125 0.5966953125 0.6565000000000001 0.5873015625 0.6595 0.5840625 0.6601671875 0.5808234375 0.6623328125 0.580175 0.663 0.5769359374999999 0.6663328125 0.5759640625 0.666 0.5720765625 0.6621671874999999 0.5681890625 0.6636109375 0.56559375 0.6619984375 0.5640265624999999 0.662503125 0.555184375 0.6614921875 0.55813125 0.6614921875 0.555184375 0.6584625 0.539465625 0.6547828124999999 0.5174890624999999 0.651246875 0.5115937500000001 0.6461953125 0.49783906250000004 0.6189171875 0.4722953125 0.5835578124999999 0.44380625 0.5759796875000001 0.415315625 0.6012375 0.4045078125 0.62144375 0.3819125 0.6259890625 0.364228125 0.627 0.35636875 0.628515625 0.35636875 0.6295265624999999 0.3426140625 0.63003125 0.32296562500000003 0.6235 0.3057984375 0.621 0.3012640625 0.6188328125 0.2934890625 0.6144999999999999 0.28830625 0.6111671875 0.287009375 0.6065 0.2831234375 0.5948328125 0.2827984375 0.5913328124999999 0.2840953125 0.5853328125 0.2821515625 0.5838328125000001 0.27923593750000003 0.5815 0.283446875 0.5793328125 0.282475 0.5781671875 0.27599687500000003 0.5783328125 0.2711375 0.5771671875 0.26141875 0.5773328125 0.23939062500000002 0.5763328125 0.21963125 0.5748328125 0.2131515625 0.5723328125 0.20796874999999998 0.5646671875 0.2008421875 0.5559999999999999 0.19663124999999998 0.537 0.1940390625 0.5136671875000001 0.19663124999999998 0.5126671875000001 0.20278593749999999 0.5096671875000001 0.20894062500000002 0.5093328125000001 0.212828125 0.5058328125 0.2251375 0.5038328125 0.2380953125 0.5018328125 0.24425 0.49583281250000005 0.27891093749999996 0.496 0.2831234375 0.4941671875 0.2847421875 0.49183281250000005 0.29025 0.4908328125 0.290896875 0.4903328125 0.2934890625 0.4888328125 0.2951078125 0.484 0.296728125 0.4821671875 0.2993203125 0.47983281250000004 0.2973765625 0.47966718750000004 0.293165625 0.4771671875 0.290896875 0.47000000000000003 0.290896875 0.4668328125 0.28798124999999997 0.4505 0.289278125 0.4478328125 0.285390625 0.4466671875 0.28636249999999996 0.4471671875 0.2954328125 0.4516671875 0.2983484375 0.4516671875 0.302559375 0.45366718749999996 0.30741874999999996 0.45316718749999996 0.310334375 0.4546671875 0.31162968750000003 0.4596671875 0.311953125 0.461 0.31486875 0.46133281249999997 0.3200515625 0.46216718749999997 0.32231875 0.4615 0.3258828125 0.46699999999999997 0.327503125 0.4688328125 0.3297703125 0.46783281250000003 0.34143124999999996 0.4706671875 0.344346875 0.47633281250000004 0.344671875 0.477 0.3466140625 0.47616718750000003 0.34920625 0.4765 0.350178125 0.4823328125 0.3537421875 0.48366718750000004 0.357953125 0.4858328125 0.36086874999999996 0.48600000000000004 0.3650796875 0.488 0.3650796875 0.5013328125000001 0.3945578125 0.5006671875 0.3965015625 0.5023328125 0.4010359375 0.49966718749999994 0.4078390625 0.49966718749999994 0.41626250000000004 0.4976671875 0.419825 0.4991671875 0.42436093750000003 0.4986671875 0.427275 0.4943328125 0.43051562499999996 0.48783281250000005 0.441853125 0.4826671875 0.44703593750000004 0.4813328125 0.450275 0.4783328125 0.4509234375 0.4706671875 0.4574015625 0.4673328125 0.462909375 0.46783281250000003 0.4655 0.466 0.468740625 0.46216718749999997 0.46744375 0.4525 0.47068281250000005 0.4513328125 0.47716250000000004 0.4523328125 0.4823453125 0.4518328125 0.48331718749999997 0.44699999999999995 0.48299375 0.4406671875 0.4849375 0.4363328125 0.4930359375 0.43416718750000005 0.49400781250000003 0.43311093749999996 0.4985421875 0.4313328125 0.4985421875 0.4268328125 0.50178125 0.4265 0.5059921875 0.4238328125 0.5089078125000001 0.4228328125 0.5215421874999999 0.42400000000000004 0.5251046875000001 0.4233328125 0.5293171875 0.4241671875 0.533528125 0.4233328125 0.537090625 0.4241671875 0.54000625 0.42300000000000004 0.5445421875 0.42300000000000004 0.5578234375 0.4206671875 0.5604140625 0.41333281250000004 0.6015546875 0.4106671875 0.6015546875 0.40883281250000003 0.606090625 0.40416718749999997 0.6070625 0.4061671875 0.6083578125 0.40654218750000004 0.6124875000000001 0.40283281249999997 0.6180765625 0.4011671875 0.6226109375 0.4021671875 0.626821875 0.3996671875 0.630709375 0.4 0.633625 0.399 0.6378359375 0.4 0.6407515625 0.399 0.6540328125 0.4046671875 0.655328125 0.40583281250000003 0.6563 0.40666718749999997 0.659540625 0.4063328125 0.6634265625 0.40716718749999997 0.6818921875 0.40416718749999997 0.6971171875 0.40583281250000003 0.6987359375 0.40700000000000003 0.7107218750000001 0.4078328125 0.712665625 0.40750000000000003 0.7168765625 0.40666718749999997 0.7188203125 0.40266718749999997 0.720440625 0.40549999999999997 0.7223843750000001 0.4051671875 0.7269187500000001 0.40266718749999997 0.728215625 0.404 0.729834375 0.403 0.73469375 0.399 0.7398765625 0.3995 0.7418203125 0.40099999999999997 0.7427921875 0.40099999999999997 0.745384375 0.3993328125 0.74635625 0.39883281249999997 0.7479750000000001 0.4003328125 0.7502421874999999 0.40049999999999997 0.7528343750000001 0.3991671875 0.7541296875 0.39849999999999997 0.7583421875 0.3955 0.7596375 0.398 0.76158125 0.3993328125 0.7674125 0.3991671875 0.7712984374999999 0.4001671875 0.7735671875000001 0.4 0.77648125 0.39883281249999997 0.777453125 0.3981671875 0.7810171875 0.3961671875 0.7829609375000001 0.3935 0.7852281249999999 0.3921671875 0.78458125 0.3886671875 0.7868484375 0.3871671875 0.7926796875 0.3853328125 0.794621875 0.39033281249999996 0.796890625 0.3915 0.800453125 0.39033281249999996 0.8030453124999999 0.388 0.8046640625 0.3861671875 0.8095234375 0.3843328125 0.810171875 0.3908328125 0.812115625 0.38833281249999996 0.8296078124999999 0.3886671875 0.83381875 0.3871671875 0.8357625000000001 0.386 0.8406218750000001 0.3845 0.84159375 0.38849999999999996 0.8432140625000001
1 0.47633281250000004 0.3534171875 0.4851671875 0.3650796875 0.489 0.3676703125 0.4971671875 0.37965625 0.5125 0.394234375 0.5171671875 0.39715 0.5295 0.40136093749999996 0.541 0.4071921875 0.5561671875 0.41204999999999997 0.5761671875000001 0.41237500000000005 0.5835 0.4107546875 0.5956671874999999 0.40557187499999997 0.6073328124999999 0.3955296875 0.6151671875 0.3858109375 0.623 0.36993906249999997 0.6268328125 0.3495296875 0.6283328125 0.3346296875 0.627 0.3194046875 0.6245 0.306121875 0.6191671875 0.296728125 0.6163328124999999 0.2934890625 0.6033328124999999 0.2837703125 0.5807218749999999 0.2811796875 0.5785 0.27923593750000003 0.5776671875 0.2322640625 0.5765 0.2170390625 0.5726671875 0.20829218749999998 0.5700000000000001 0.20472968749999998 0.5656671875 0.2008421875 0.5575 0.19663124999999998 0.5308328125 0.193715625 0.5135 0.195659375 0.5068328125 0.21801093749999997 0.5036671875 0.2361515625 0.4983328125 0.2597984375 0.4951671875 0.2798828125 0.49266718750000005 0.28668593750000004 0.4894 0.29025 0.4755 0.2886296875 0.47050000000000003 0.2896015625 0.46699999999999997 0.28636249999999996 0.45199999999999996 0.282475 0.44699999999999995 0.2831234375 0.44566718749999995 0.2857140625 0.44516718749999995 0.28733437500000003 0.44583281250000006 0.294784375 0.44800000000000006 0.3022359375 0.4551671875 0.3184328125 0.4565 0.3194046875 0.4575 0.32264375 0.4668328125 0.336896875 0.46783281250000003 0.34175625 0.47233281250000003 0.346290625 0.47633281250000004 0.3534171875
1 0.7166671874999999 0.44833125 0.7303328125 0.44412031250000006 0.7415 0.43699374999999996 0.7446671874999999 0.4311625 0.7468328125 0.42954375 0.7498328125 0.424684375 0.753 0.41334687499999995 0.754 0.40557187499999997 0.7575000000000001 0.40136093749999996 0.7586671875000001 0.39326249999999996 0.7585 0.3887265625 0.752 0.37641718750000003 0.7498328125 0.3754453125 0.7478328125 0.37252968750000004 0.7426671875 0.3705859375 0.7361671875 0.36345937500000003 0.7321671875 0.36054375 0.7286671874999999 0.359896875 0.7273328125 0.357628125 0.7263328125 0.32620625 0.7246671874999999 0.32037499999999997 0.7216671875 0.3142203125 0.714 0.305475 0.7005 0.2983484375 0.6901671875 0.2983484375 0.6845 0.302559375 0.682 0.306446875 0.6785 0.3168125 0.674 0.3394875 0.6685 0.34985468750000004 0.6658328124999999 0.3495296875 0.6623328125 0.3527703125 0.6566671875 0.3534171875 0.6553328125 0.35698124999999997 0.6423328125000001 0.3586 0.64 0.36119218750000004 0.6401671875 0.369290625 0.6416671875 0.37479687500000003 0.6501671875 0.3945578125 0.6571671875 0.40654375 0.6611671875 0.41107812499999996 0.666 0.4195015625 0.679 0.4353734375 0.6893328125 0.4421765625 0.6966671875 0.44509218749999996 0.7166671874999999 0.44833125
3 0.6581671874999999 0.419825 0.6578328124999999 0.4276 0.6605000000000001 0.4373171875 0.661 0.4499515625 0.662 0.4557828125 0.6633328125 0.4586984375 0.6631671875 0.4632328125 0.6663328125 0.4768390625 0.6676671875 0.49012031250000004 0.6723328125 0.51733125 0.6731671875 0.5296406250000001 0.6758328125 0.5481046875 0.675 0.5529640625 0.6763328125 0.556528125 0.6765 0.5604140625 0.6785 0.5643015625000001 0.679 0.5681890625 0.6791671874999999 0.5788796875 0.6781671874999999 0.587625 0.6785 0.590865625 0.6776671875 0.603175 0.6755 0.6112734375 0.6759999999999999 0.6352453125 0.6745 0.6618078125 0.6746671875 0.670878125 0.6806671875 0.7201171875 0.6821671874999999 0.74246875 0.6826671875 0.763525 0.6841671875 0.7748625 0.6838328125 0.7800453125 0.687 0.8182703124999999 0.689 0.8309031250000001 0.6926671875 0.8726921875 0.6936671875 0.87593125 0.6971671875000001 0.880790625 0.6981671875 0.8726921875 0.7011671875000001 0.8587624999999999 0.7046671875 0.859734375 0.7068328125 0.86459375 0.7061671875 0.8697765625 0.7075 0.8892125 0.712 0.9271140625 0.7128328125000001 0.9319734375 0.7141671875 0.9332687500000001 0.7126671875 0.9374796875 0.7125 0.9413671875 0.7143328125 0.9507609374999999 0.714 0.9552968749999999 0.7156671875 0.9659859375 0.7150000000000001 0.97116875 0.7178328125 0.995140625 0.7206671874999999 0.9977328125 0.7318328125 0.9977328125 0.7328328125 0.9996765625 0.7506671875 0.9996765625 0.7506671875 0.99805625 0.7518328125 0.9957890624999999 0.7518328125 0.993196875 0.7498328125 0.9844515625 0.7493328125 0.957671875 0.7523328125 0.8736640625 0.7545 0.8490437500000001 0.7563328125 0.8419171875 0.7563328125 0.833171875 0.7596671875000001 0.8108203125 0.76 0.7991578125000001 0.7615000000000001 0.7907359375 0.7603328125 0.779721875 0.7596671875000001 0.7560734375 0.7583328125000001 0.7440875 0.7568328125 0.7369609374999999 0.7578328125 0.728215625 0.753 0.708778125 0.7518328125 0.6977640625 0.7491671875 0.6893421875 0.7496671874999999 0.6770328125 0.7488328125 0.6741171875 0.7491671875 0.6695828125000001 0.7483328124999999 0.66601875 0.7493328125 0.6381593750000001 0.7498328125 0.6349203125 0.7518328125 0.6323296875 0.7521671875 0.6297375 0.7521671875 0.6226109375 0.7535000000000001 0.6148359375 0.7531671875 0.5957234375 0.7518328125 0.5937796875 0.7478328125 0.5957234375 0.7451671875 0.58795 0.7398328125 0.5840625 0.7325 0.5724 0.728 0.5685125 0.726 0.5643015625000001 0.722 0.5610625 0.7205 0.556528125 0.7121671875 0.54389375 0.7106671875 0.5377390625 0.7098328125 0.5273734375 0.7136671875 0.5098796875 0.7176671875 0.5001625 0.7193328125 0.493359375 0.7213328125 0.48979531249999997 0.7228328125 0.4846125 0.736 0.4586984375 0.7366671874999999 0.4548109375 0.7351671875 0.44606406249999997 0.7386671875 0.44412031250000006 0.7403328124999999 0.44088125 0.743 0.43893750000000004 0.7451671875 0.4311625 0.74905625 0.42824687499999997 0.7523328125 0.4276 0.7506671875 0.4204734375 0.7536671875 0.41237500000000005 0.7546671875000001 0.4071921875 0.757 0.403628125 0.7586671875000001 0.392290625 0.7565000000000001 0.3848390625 0.7518328125 0.37641718750000003 0.7493328125 0.3754453125 0.7476671875 0.372853125 0.7423328125 0.37091093750000004 0.7401671875 0.3679953125 0.7384999999999999 0.367346875 0.7363328124999999 0.363784375 0.7323328124999999 0.36119218750000004 0.7285 0.361515625 0.7266671875 0.358925 0.726 0.35536093750000003 0.7258328125 0.3268546875 0.7248328125 0.321671875 0.721 0.3142203125 0.717 0.3087140625 0.7126671875 0.30515 0.7013328125 0.2989953125 0.6958328125000001 0.29802343750000004 0.6921671875000001 0.29802343750000004 0.6881671875 0.2999671875 0.6851671875 0.302559375 0.6825 0.3067703125 0.6783328125 0.3181078125 0.6773328125 0.3258828125 0.6758328125 0.33009374999999996 0.6756671875 0.3336578125 0.6738328124999999 0.34175625 0.6585 0.357628125 0.6523328125 0.36086874999999996 0.6495 0.363784375 0.6488328125 0.3650796875 0.6503328125000001 0.372853125 0.6435 0.37479687500000003 0.6433328125 0.377065625 0.6456671875 0.3832203125 0.6498328124999999 0.3906703125 0.6511671875 0.39715 0.6541671874999999 0.4010359375 0.6548328125 0.40395156249999997 0.6575 0.4078390625 0.658 0.41334687499999995 0.6595 0.4146421875 0.6581671874999999 0.419825
3 0.7636515625 0.6044703124999999 0.7636515625 0.60868125 0.7663171875 0.6109484375 0.7663171875 0.6141890625 0.7656515625 0.6151609375 0.7746515625 0.628765625 0.776984375 0.6349203125 0.776984375 0.6465828124999999 0.7776515625 0.65079375 0.776984375 0.6585687499999999 0.7779843750000001 0.6666671875 0.7778171875 0.676709375 0.7793171875 0.6893421875 0.7788171875 0.693553125 0.7796515625 0.6987359375 0.7783171875 0.7084546875 0.7776515625 0.7233562499999999 0.7776515625 0.7525109375000001 0.7761515625000001 0.7638484375 0.776484375 0.7693546875 0.7751515625 0.779396875 0.7758171875000001 0.7826375 0.7756515625 0.7862 0.774484375 0.794621875 0.7758171875000001 0.7998062499999999 0.7748171875 0.8069328125 0.7738171875 0.8088765625000001 0.7739843750000001 0.814059375 0.7733171875 0.817946875 0.774484375 0.82248125 0.7738171875 0.82636875 0.7753171875 0.8315515625 0.7749843750000001 0.8360875 0.7733171875 0.8412703125000001 0.7733171875 0.8471 0.7721515625 0.8513125 0.7698171874999999 0.8539031250000001 0.7693171875 0.8571421875 0.7703171875 0.8697765625 0.7666515625 0.9122125000000001 0.7678171875 0.922903125 0.7676515625 0.935859375 0.7706515625 0.9773250000000001 0.770484375 0.9825078125 0.7716515625 0.985746875 0.7726515625 0.9954656249999999 0.7738171875 0.9977328125 0.777484375 0.9964359375 0.7793171875 0.9977328125 0.7796515625 0.9996765625 0.8224843749999999 0.9996765625 0.8243640624999999 0.9977328125 0.8331515625 0.9977328125 0.8341515625 0.99805625 0.8343171875 0.9996765625 0.8468171874999999 0.9996765625 0.8478171874999999 0.9977328125 0.8536515625 0.9974078125 0.8573171875 0.9974078125 0.8591515624999999 0.9996765625 0.8618171875 0.9996765625 0.8796515625 0.9957890624999999 0.890984375 0.995140625 0.8948171874999999 0.9967609375 0.8988171875000001 0.9957890624999999 0.8994843749999999 0.99449375 0.8988171875000001 0.989309375 0.8994843749999999 0.98671875 0.8996515625000001 0.972140625 0.9036515625 0.9682546875 0.9051515625000001 0.96371875 0.9048171875 0.9277609375000001 0.905484375 0.9212828125 0.9068171875000001 0.9164234375 0.9061515625000001 0.9096203125000001 0.9069843750000001 0.90055 0.9061515625000001 0.8963390625000001 0.9068171875000001 0.8840296875 0.9059843750000001 0.8811140625 0.9059843750000001 0.8762546875 0.9066515624999999 0.8736640625 0.906484375 0.865240625 0.9078171875000001 0.8535796875000001 0.9071515625 0.8509874999999999 0.9076515625000001 0.8286359375 0.9071515625 0.821509375 0.9078171875000001 0.8163265624999999 0.9093171874999999 0.7625531249999999 0.910484375 0.7418203125 0.909984375 0.735665625 0.9106515625 0.7246515625 0.909984375 0.7207640625 0.9108171875 0.7159046874999999 0.9106515625 0.619046875 0.9081515625 0.5999359375 0.908984375 0.5947515625 0.9106515625 0.5921609375 0.9116515625 0.5788796875 0.9143171875 0.573696875 0.9168171875000001 0.5643015625000001 0.9161515625 0.5610625 0.9158171875000001 0.5451890625 0.9143171875 0.5396828124999999 0.912484375 0.5406546875 0.9111515625 0.5464859375 0.9093171874999999 0.5490765625 0.8970671875 0.5272109375 0.8969843750000001 0.523809375 0.8978171875 0.5215421874999999 0.896484375 0.517978125 0.8973171875 0.5137671874999999 0.8963171875 0.5115000000000001 0.8978171875 0.5059921875 0.8963171875 0.501134375 0.897484375 0.49821875000000004 0.8956515625 0.4946546875 0.8973171875 0.49044375 0.8968171875 0.485584375 0.897484375 0.4823453125 0.8943171875000001 0.4784578125 0.8929843749999999 0.47068281250000005 0.8933171874999999 0.468740625 0.8951515625 0.46712031249999997 0.8988171875000001 0.468740625 0.9003171875 0.466471875 0.8991515625 0.4586984375 0.8969843750000001 0.45707812499999995 0.8961515625 0.4538390625 0.8953171875000001 0.4421765625 0.8916515625000001 0.43213437499999996 0.8896515624999999 0.42954375 0.8869843749999999 0.42306406250000006 0.8791515625 0.4156140625 0.872484375 0.4126984375 0.872484375 0.4084875 0.8708171874999999 0.40427656250000005 0.870484375 0.3851640625 0.8681515624999999 0.3773890625 0.867984375 0.365403125 0.863484375 0.3563328125 0.8576515625000001 0.3524453125 0.8516515625000001 0.3466140625 0.8513171875 0.3420796875 0.8481515625 0.34078437500000003 0.8361515624999999 0.34013593750000004 0.8244843749999999 0.34531875 0.8201515625000001 0.34985468750000004 0.8133171875 0.3641078125 0.811984375 0.365403125 0.8098171875 0.3735015625 0.79224375 0.3582984375 0.764965625 0.4172703125 0.7573875 0.42758593749999996 0.7376875 0.46000625 0.7405078125 0.45781406249999995 0.731625 0.471796875 0.7308125000000001 0.47733125000000004 0.7285953125 0.47474375 0.723290625 0.48653281249999997 0.711925 0.511584375 0.70889375 0.5413812499999999 0.7240484375 0.5620125 0.7511515625 0.5918375 0.7578171874999999 0.5953999999999999 0.7581515624999999 0.5999359375 0.762484375 0.6005828125 0.7636515625 0.6044703124999999
1 0.8603328125 0.5118234375 0.8703328125 0.5079359375 0.8828328125 0.49789374999999997 0.8903328125 0.48882343749999996 0.8958328124999999 0.4774859375 0.899 0.4804015625 0.8988328125 0.4823453125 0.9005000000000001 0.48623281250000006 0.8998328125 0.489471875 0.9003328125 0.49141562499999997 0.9041671875 0.4946546875 0.9061671875 0.49012031250000004 0.9045 0.47003593749999995 0.901 0.45610625000000005 0.9003328125 0.450275 0.8963328125000001 0.4353734375 0.8885 0.4220921875 0.8746671875 0.4078390625 0.8738328125000001 0.401684375 0.8748328125 0.372853125 0.8738328125000001 0.3696140625 0.8658328125000001 0.3508265625 0.8636671874999999 0.34920625 0.8630000000000001 0.3472625 0.857 0.344346875 0.8496671875 0.338840625 0.8390000000000001 0.33786875 0.8301671875000001 0.3411078125 0.8248328125000001 0.3449953125 0.8188328125 0.3527703125 0.8131671875 0.3650796875 0.8113328125000001 0.37252968750000004 0.8113328125000001 0.3900234375 0.8086671875 0.4126984375 0.7898328125 0.4337546875 0.788 0.4376421875 0.7856671875 0.4467125 0.7846671875 0.459021875 0.7858328125 0.465825 0.7896671875 0.47975312499999995 0.7929999999999999 0.4842890625 0.7973328125 0.49271093749999995 0.8128328125 0.5063171875 0.8181671875 0.5092328125 0.8335000000000001 0.5137671874999999 0.8496671875 0.5140906249999999 0.8603328125 0.5118234375
3 0.905 0.4548109375 0.9053328125 0.4619375 0.9071671875 0.4748953125 0.9105000000000001 0.48590937500000003 0.9121671875 0.49562656250000003 0.9178328125 0.5046968749999999 0.9171671874999999 0.5098796875 0.9151671875 0.51344375 0.916 0.518303125 0.9155 0.5205703125000001 0.916 0.5296406250000001 0.9185000000000001 0.531259375 0.9196671875 0.5367671875 0.9198328124999999 0.5413015624999999 0.9213328125 0.5451890625 0.9218328124999999 0.5519921875 0.921 0.5643015625000001 0.9191671875 0.5762875000000001 0.917 0.586978125 0.9136671875 0.596371875 0.9125 0.6034984375 0.9133328125 0.619046875 0.9138328124999999 0.6825390625 0.913 0.7016515625 0.9136671875 0.7048921874999999 0.9116671875 0.7732421875 0.9111671875 0.78425625 0.9096671875 0.794621875 0.9113328125000001 0.7972140624999999 0.9121671875 0.8011015625000001 0.9105000000000001 0.810171875 0.9111671875 0.815678125 0.9096671875 0.8250734375000001 0.9108328125 0.8315515625 0.9098328125 0.84159375 0.9098328125 0.8616781250000001 0.9088328125 0.871396875 0.9093328125 0.8888890625 0.9109999999999999 0.8927765624999999 0.9106671875 0.9125359375000001 0.9101671874999999 0.9245218749999999 0.909 0.928409375 0.9083328125 0.9348875 0.909 0.9604796875 0.9086671875000001 0.9708453125000001 0.9053328125 0.9747328124999999 0.9039999999999999 0.9786203125 0.9029999999999999 0.9948171875 0.9039999999999999 0.9996765625 0.9551671875000001 0.9996765625 0.9570000000000001 0.9906062500000001 0.9596671875 0.9831546875000001 0.9611671875000001 0.9763531249999999 0.9671671875 0.9591843750000001 0.9721671875 0.9403953125 0.975 0.9332687500000001 0.9765 0.9261421875 0.9818328125000001 0.9125359375000001 0.9828328125000001 0.907353125 0.9843328124999999 0.9050859375 0.9941671875000001 0.901521875 0.9981671875 0.8973109375 0.9998328125 0.8973109375 0.9998328125 0.8519593750000001 0.9966671874999999 0.8516359375 0.9943328125 0.84936875 0.9945 0.8428890625 0.9964999999999999 0.8422421874999999 0.9978328125000001 0.8399734375 0.9998328125 0.83965 0.9998328125 0.8321999999999999 0.998 0.8321999999999999 0.9966671874999999 0.83025625 0.9956671874999999 0.8260453125 0.9938328125 0.8250734375000001 0.9931671874999999 0.7972140624999999 0.9998328125 0.796565625 0.9998328125 0.7712984374999999 0.998 0.770975 0.9960000000000001 0.7654687499999999 0.9981671875 0.7596375 0.9998328125 0.7596375 0.9998328125 0.69646875 0.9958328125 0.6961453125 0.9955 0.693553125 0.9943328125 0.6922578125000001 0.99175 0.69258125 0.9875 0.6906375 0.9866671874999999 0.687075 0.9876671874999999 0.6857796875 0.9866671874999999 0.6848078125 0.9856671875 0.6712015625000001 0.9873328125 0.6702296875 0.9806671874999999 0.668934375 0.9793328125 0.6627796874999999 0.9801671875 0.6621312500000001 0.978 0.661484375 0.9768328125 0.659540625 0.977 0.656625 0.978 0.65435625 0.9755 0.6465828124999999 0.9746671875 0.6375124999999999 0.9755 0.633625 0.9741671875 0.6310328125 0.9755 0.6294140625 0.9758328125 0.627146875 0.9708328125 0.6248781250000001 0.9708328125 0.622934375 0.9666671875 0.6235828125 0.9661671875 0.6196953125 0.9668328125000001 0.6119203125 0.9664999999999999 0.60868125 0.9636671874999999 0.604146875 0.9640000000000001 0.6025265625 0.9663328124999999 0.5999359375 0.9658328125000001 0.5953999999999999 0.9668328125000001 0.5944281250000001 0.9763328124999999 0.5950765625 0.9831671875 0.5941046875 0.9903328124999999 0.5957234375 0.9951671875000001 0.5918375 0.9945 0.586653125 0.9963328125 0.5840625 0.9946671874999999 0.58211875 0.9973328125 0.5655984375 0.9998328125 0.5655984375 0.9998328125 0.48817656249999997 0.9981671875 0.48817656249999997 0.994 0.4823453125 0.9921671875 0.476190625 0.9893328125 0.47133125 0.9884999999999999 0.466796875 0.9831671875 0.45804999999999996 0.9813328125 0.451246875 0.9791671875000001 0.449628125 0.9788328125 0.4382890625 0.9808328124999999 0.4356984375 0.9808328124999999 0.4318109375 0.9795 0.42403593749999996 0.9766671875 0.4204734375 0.9756671875 0.41626250000000004 0.9723328125 0.41237500000000005 0.9706671874999999 0.4081625 0.9653328125 0.403628125 0.9630000000000001 0.396825 0.9611671875000001 0.3955296875 0.9615640624999999 0.39034843750000003 0.9566687500000001 0.37765468750000003 0.9559109375 0.3643921875 0.959109375 0.3558734375 0.9583515625000001 0.35145312500000003 0.9583515625000001 0.3439390625 0.959109375 0.3188859375 0.9469859375 0.293834375 0.9325890625 0.2849921875 0.9151609374999999 0.2746765625 0.898490625 0.2879390625 0.8750015624999999 0.330675 0.8712140625 0.3468859375 0.8765171875 0.4014109375 0.9021671874999999 0.4084875 0.9031671875 0.41043124999999997 0.9029999999999999 0.413021875 0.9019999999999999 0.4172328125 0.9 0.42014843749999997 0.901 0.42144531250000006 0.9028328125 0.42144531250000006 0.9045 0.4237125 0.9051671875 0.42792343749999995 0.9029999999999999 0.43083906250000004 0.9023328125000001 0.4347265625 0.9015000000000001 0.4356984375 0.9021671874999999 0.43602187499999995 0.9036671875 0.4431484375 0.9033328125000001 0.447359375 0.905 0.4548109375
1 0.8906671875000001 0.39876875 0.8988328125 0.40297968749999996 0.9111671875 0.4117265625 0.9343328124999999 0.43051562499999996 0.9546671874999999 0.44250156250000006 0.9626671874999999 0.44412031250000006 0.9734999999999999 0.443796875 0.9776671875 0.4415296875 0.9808328124999999 0.4353734375 0.9813328125 0.43148749999999997 0.9808328124999999 0.4276 0.9763328124999999 0.41626250000000004 0.9613328125 0.3945578125 0.9551671875000001 0.38127656249999997 0.9536671875 0.37252968750000004 0.9551671875000001 0.365403125 0.9556671874999999 0.34013593750000004 0.9568328125000001 0.32620625 0.9560000000000001 0.3142203125 0.952 0.3022359375 0.9418328125000001 0.29057343750000003 0.9298328124999999 0.282475 0.9164999999999999 0.2769671875 0.9076671875000001 0.27761562500000003 0.9036671875 0.28053125 0.9011671874999999 0.28636249999999996 0.8976671875 0.290896875 0.8963328125000001 0.2973765625 0.892 0.30191093750000003 0.8898328125000001 0.294784375 0.8871671875 0.29057343750000003 0.885 0.2886296875 0.8831671875 0.289278125 0.8806671875 0.290896875 0.8800000000000001 0.292840625 0.8766671875000001 0.310334375 0.8766671875000001 0.3142203125 0.8783328125000001 0.3194046875 0.8779999999999999 0.3219953125 0.8734999999999999 0.329121875 0.8683328124999999 0.333009375 0.8648328125000001 0.3381921875 0.8644999999999999 0.342728125 0.8658328125000001 0.3495296875 0.8688328125 0.3573046875 0.8708328125 0.358925 0.8721671875 0.3621640625 0.8744999999999999 0.3735015625 0.8738328125000001 0.37641718750000003 0.8741671875 0.384515625 0.8766671875000001 0.388403125 0.8906671875000001 0.39876875