3 0.8003328125 0 0.7996671875 0.002746875 0.7986671875 0.003746875 0.7881671875 0.009740625 0.7801671875 0.0207296875 0.7806671875 0.0292203125 0.7791671874999999 0.03121875 0.7753328125000001 0.031718750000000004 0.7731671875 0.034465625 0.7725 0.040959375 0.7753328125000001 0.049201562500000004 0.7673328125000001 0.146103125 0.7596671875000001 0.146103125 0.7568328125 0.14935 0.7523328125 0.1513484375 0.7361671875 0.153846875 0.7326671874999999 0.1608390625 0.7308328125 0.1625875 0.7231671875 0.16533437499999998 0.7168328125000001 0.1710796875 0.7144999999999999 0.178071875 0.7123328124999999 0.18081875 0.709 0.1830671875 0.7025 0.191309375 0.6945 0.1988015625 0.6895 0.20129843749999998 0.6866671875 0.2107890625 0.6836671875 0.21503437500000003 0.6793328125 0.21903125 0.6735 0.221778125 0.6691671875 0.2302703125 0.6639999999999999 0.234765625 0.6608328125 0.2362640625 0.6583328125000001 0.23901093750000002 0.6551671875 0.2490015625 0.6493328125 0.2514984375 0.6435 0.2609890625 0.6425 0.2609890625 0.6348328125 0.26848125 0.6333328125000001 0.271478125 0.6328328125 0.275475 0.6306671875000001 0.277471875 0.6306671875000001 0.2822171875 0.633 0.28171875 0.6341671875 0.2869625 0.636 0.2872125 0.6365000000000001 0.2862140625 0.6385 0.2869625 0.6395 0.28271718749999997 0.6376671875000001 0.28046875 0.6378328125 0.278221875 0.6395 0.2767234375 0.641 0.272228125 0.6425 0.271478125 0.6456671875 0.274725 0.6455 0.275725 0.6473328125 0.278221875 0.648 0.28171875 0.6493328125 0.28321718749999997 0.6493328125 0.2869625 0.6506671875000001 0.2874625 0.6536671875 0.28521406250000003 0.6546671875000001 0.2857140625 0.6561671875 0.2892109375 0.6595 0.290959375 0.6638328125 0.29545468750000003 0.6715 0.3009484375 0.6728328125 0.3039453125 0.6755 0.30694374999999996 0.6769999999999999 0.3106890625 0.6776671875 0.31093906250000003 0.6785 0.309690625 0.7976671875 0.35614375 0.7988328124999999 0.36488437500000004 0.8001671874999999 0.3668828125 0.8023328125000001 0.3738765625 0.8074999999999999 0.3766234375 0.8105 0.3771234375 0.8148328125000001 0.3761234375 0.8213328125 0.378871875 0.8215 0.38061875 0.8221671875000001 0.38111875 0.8398328125000001 0.3826171875 0.8408328125000001 0.3821171875 0.8414999999999999 0.38037031250000003 0.8438328125 0.3796203125 0.8445 0.3768734375 0.8461671875000001 0.3758734375 0.8526671875 0.38161875 0.9025000000000001 0.377621875 0.9046671875 0.378121875 0.9119999999999999 0.3766234375 0.9135 0.374375 0.9195 0.37212812500000003 0.9223328125 0.3728765625 0.9276671875 0.37212812500000003 0.9355 0.36913125 0.9648328125000001 0.3416578125 0.9658328125000001 0.33816250000000003 0.959 0.3209296875 0.9480000000000001 0.2977015625 0.9455 0.29445625 0.9448328125 0.290959375 0.9425000000000001 0.2869625 0.9413328125 0.28271718749999997 0.9411671875 0.2792203125 0.9361671875 0.26823125000000003 0.9358328124999999 0.25574375 0.9331671874999999 0.25075 0.9291671875 0.24625312500000002 0.9268328125 0.2367625 0.9211671875 0.22927031250000002 0.9183328124999999 0.2230265625 0.916 0.215534375 0.913 0.21128906249999999 0.9081671874999999 0.20005 0.9053328125 0.19530468750000002 0.9039999999999999 0.19330624999999999 0.8996671875000001 0.190559375 0.8965 0.1870625 0.8925000000000001 0.18481562499999998 0.8885 0.1795703125 0.8836671875000001 0.177821875 0.8806671875 0.1738265625 0.8775000000000001 0.1728265625 0.8744999999999999 0.16957968750000002 0.8681671874999999 0.1673328125 0.8625 0.1638359375 0.8611671875000001 0.1618375 0.8533328125 0.16133906250000002 0.8503328124999999 0.1580921875 0.8453328125 0.15634375 0.8441671875000001 0.1545953125 0.843 0.14984999999999998 0.8375 0.14435625000000002 0.8378328125 0.1396109375 0.8416671875 0.1396109375 0.8421671875 0.1388609375 0.8431671875 0.1298703125 0.8470000000000001 0.124875 0.8511671875 0.12287656250000001 0.8515 0.11513437500000001 0.8508328125 0.10689375000000001 0.8486671875 0.10164843750000001 0.8496671875 0.0954046875 0.853 0.083665625 0.8533328125 0.07992031250000001 0.8613328125 0.0771734375 0.8651671875 0.0739265625 0.8678328125 0.06643281250000001 0.868 0.0636859375 0.8671671875 0.059690625 0.8681671874999999 0.052446875000000004 0.8653328124999999 0.0459546875 0.8603328125 0.040709375 0.8615 0.037212499999999996 0.8611671875000001 0.0352140625 0.8573328124999999 0.026223437500000002 0.8550000000000001 0.024475 0.8535 0.019729687500000002 0.85 0.0172328125 0.8441671875000001 0.015984375000000002 0.8400000000000001 0.0134859375 0.8293328125 0.0102390625 0.8261671875 0.007992187500000001 0.8208328125 0.0072421874999999995 0.8128328125 0.0022484375 0.8125 0 0.8003328125 0
3 0.3713328125 0.38511562499999996 0.3731671875 0.3883609375 0.3728328125 0.3926078125 0.3765 0.4070921875 0.382 0.421578125 0.3845 0.42432499999999995 0.389 0.425575 0.3913328125 0.42332656249999995 0.3931671875 0.42307656250000003 0.39466718749999996 0.4235765625 0.3953328125 0.425575 0.39649999999999996 0.42632343749999996 0.398 0.4235765625 0.4001671875 0.42307656250000003 0.4318328125 0.42332656249999995 0.4535 0.4328171875 0.45716718749999996 0.4353140625 0.4588328125 0.4390609375 0.4596671875 0.4390609375 0.5303328125 0.40035 0.5296671875000001 0.396603125 0.5315000000000001 0.390859375 0.5346671875 0.38861093750000003 0.5358328125 0.384365625 0.5338328125 0.3796203125 0.5328328124999999 0.378871875 0.5138328125 0.2172828125 0.5146671875 0.21653281249999998 0.5146671875 0.2125375 0.5138328125 0.209290625 0.515 0.1985515625 0.5143328125 0.19380625 0.5146671875 0.1893109375 0.5175 0.1863140625 0.5215 0.1855640625 0.5215 0.1820671875 0.523 0.1793203125 0.5288328124999999 0.1768234375 0.533 0.17632343749999999 0.5393328125 0.1618375 0.54 0.1578421875 0.5418328125 0.15559375 0.5433328125 0.146353125 0.5435 0.13061875 0.5413328125 0.1236265625 0.5388328125 0.121378125 0.5376671875000001 0.11913125 0.5375 0.1136359375 0.534 0.10739218749999999 0.5318328125 0.09965 0.5295 0.083665625 0.5248328124999999 0.07917031249999999 0.5188328125 0.0761734375 0.5156671875 0.071428125 0.5138328125 0.0666828125 0.5118328125 0.064934375 0.5096671875000001 0.0606890625 0.506 0.059440625000000004 0.5063328125 0.05644375 0.5058328125 0.05594375 0.5018328125 0.05569375 0.5005 0.0584421875 0.4976671875 0.058940625 0.4938328125 0.057192187500000005 0.4901671875 0.053196875 0.48650000000000004 0.05219843749999999 0.4848328125 0.04995 0.4788328125 0.0459546875 0.47450000000000003 0.0459546875 0.47050000000000003 0.049201562500000004 0.46783281250000003 0.048951562500000004 0.4646671875 0.0459546875 0.4583328125 0.042207812500000004 0.45499999999999996 0.041957812500000004 0.4471671875 0.04995 0.44483281249999995 0.053945312499999995 0.4425 0.0606890625 0.43550000000000005 0.0644359375 0.4325 0.06868125 0.42400000000000004 0.0989015625 0.42533281250000005 0.10739218749999999 0.4273328125 0.11113906250000001 0.42750000000000005 0.1233765625 0.42883281249999994 0.13061875 0.42933281250000005 0.1381125 0.4316671875 0.15009999999999998 0.4316671875 0.1545953125 0.43283281249999994 0.1583421875 0.43283281249999994 0.1628375 0.4311671875 0.16933125 0.43099999999999994 0.178071875 0.4286671875 0.1853140625 0.4245 0.19255781249999998 0.4205 0.196553125 0.4116671875 0.19305624999999998 0.4081671875 0.19380625 0.4003328125 0.1988015625 0.39466718749999996 0.20504531250000002 0.3933328125 0.20829218749999998 0.3886671875 0.21228750000000002 0.3836671875 0.21928125 0.3765 0.224525 0.3735 0.22827187499999999 0.3735 0.2330171875 0.3685 0.25274687500000004 0.3661671875 0.25649375 0.3621671875 0.259740625 0.359 0.2647359375 0.3565 0.2667328125 0.35116718750000003 0.2869625 0.3508328125 0.29545468750000003 0.3565 0.3141859375 0.3558328125 0.3421578125 0.3568328125 0.347403125 0.3611671875 0.360140625 0.3633328125 0.3638859375 0.3641671875 0.36913125 0.3656671875 0.3728765625 0.3691671875 0.3771234375 0.3713328125 0.38511562499999996
3 0.1868328125 0.49924999999999997 0.1988328125 0.5134859374999999 0.20099999999999998 0.515734375 0.2041671875 0.5172328125 0.20566718750000001 0.521228125 0.209 0.5254749999999999 0.21333281249999997 0.524975 0.21383281250000002 0.5284718749999999 0.21583281250000003 0.5292203125 0.2166671875 0.5292203125 0.2183328125 0.524225 0.22183281250000003 0.5174828125000001 0.2361671875 0.502996875 0.2588328125 0.48751249999999996 0.26349999999999996 0.48601406249999995 0.2685 0.4822671875 0.2751671875 0.48027031249999996 0.28716718750000003 0.48051875 0.29700000000000004 0.48251718749999994 0.3028328125 0.48551406249999995 0.307 0.48601406249999995 0.3103328125 0.48851093749999996 0.3181671875 0.49050937499999997 0.3263328125 0.4955046875 0.33399999999999996 0.5027468749999999 0.34049999999999997 0.5104890625 0.3501671875 0.5289703125 0.3505 0.5332171875 0.3525 0.5417078125 0.35350000000000004 0.552446875 0.35733281250000004 0.55594375 0.3663328125 0.5544453125000001 0.3793328125 0.54995 0.3843328125 0.5507 0.39249999999999996 0.54995 0.3971671875 0.547453125 0.4011671875 0.54345625 0.40549999999999997 0.5407093749999999 0.40750000000000003 0.5372125 0.4078328125 0.5324671875 0.41005624999999996 0.5292203125 0.4153328125 0.528721875 0.4191671875 0.5269734374999999 0.42800000000000005 0.5269734374999999 0.4428328125 0.5197296875 0.4551671875 0.522228125 0.46166718749999996 0.5199796875 0.4625 0.51823125 0.462 0.5167328125 0.45783281249999996 0.5137359375 0.4598328125 0.5102390625 0.4588328125 0.5079921875 0.45716718749999996 0.5072421874999999 0.45716718749999996 0.5042453124999999 0.45899999999999996 0.503496875 0.4598328125 0.5017484375000001 0.45899999999999996 0.50075 0.45499999999999996 0.5005 0.45416718749999996 0.5019984375 0.4535 0.50699375 0.45149999999999996 0.508990625 0.44983281249999996 0.5082421874999999 0.4485 0.50624375 0.44749999999999995 0.5022484375 0.44800000000000006 0.497503125 0.4468328125 0.49475468749999996 0.44583281250000006 0.48651406250000007 0.445 0.48426562500000003 0.4468328125 0.4797703125 0.45 0.475275 0.4511671875 0.474775 0.45199999999999996 0.4760234375 0.4551671875 0.4767734375 0.46083281249999997 0.472028125 0.4636671875 0.4670328125 0.4638328125 0.45479531250000005 0.4628328125 0.45054999999999995 0.45499999999999996 0.4353140625 0.4415 0.42982031249999997 0.43783281250000006 0.4270734375 0.4226671875 0.4240765625 0.4198328125 0.42382656250000006 0.40883281250000003 0.4265734375 0.40333281249999997 0.4265734375 0.3958328125 0.425075 0.3895 0.42782187499999996 0.3846671875 0.4270734375 0.381 0.42332656249999995 0.3791671875 0.41583437500000003 0.3748328125 0.40684375 0.3745 0.40035 0.3721671875 0.396103125 0.3688328125 0.3871125 0.3675 0.3796203125 0.3658328125 0.3761234375 0.36366718750000004 0.3741265625 0.3503328125 0.272228125 0.3508328125 0.2674828125 0.3558328125 0.2637359375 0.35966718750000004 0.25574375 0.3605 0.25124843750000003 0.3618328125 0.25075 0.3651671875 0.2519984375 0.3668328125 0.2480015625 0.3651671875 0.2447546875 0.3618328125 0.234015625 0.3608328125 0.22552500000000003 0.3618328125 0.21878125 0.3666671875 0.20529531250000002 0.3666671875 0.19405624999999999 0.3621671875 0.1870625 0.3611671875 0.1708296875 0.35750000000000004 0.1583421875 0.3498328125 0.14210781249999999 0.3415 0.13086875 0.33416718749999996 0.1233765625 0.3221671875 0.115884375 0.3158328125 0.11438593749999999 0.3066671875 0.11413593749999999 0.2986671875 0.11688281250000002 0.29083281250000004 0.12287656250000001 0.28716718750000003 0.1266234375 0.28300000000000003 0.13286718749999998 0.27533281249999997 0.146353125 0.26749999999999996 0.1675828125 0.26566718749999996 0.184065625 0.2663328125 0.21378593750000002 0.26549999999999996 0.2175328125 0.26349999999999996 0.21953125 0.2551671875 0.2325171875 0.24916718750000003 0.2362640625 0.2473328125 0.23951093750000002 0.244 0.24250781250000003 0.2418328125 0.24775156250000002 0.2385 0.2522484375 0.22799999999999998 0.258740625 0.2245 0.26298750000000004 0.2208328125 0.2644859375 0.2171671875 0.2674828125 0.2145 0.271978125 0.21183281250000002 0.27447499999999997 0.2016671875 0.290709375 0.1916671875 0.3259234375 0.1893328125 0.33191875 0.187 0.3416578125 0.1856671875 0.34965 0.183 0.377621875 0.179 0.3923578125 0.1771671875 0.41933125000000004 0.1743328125 0.435065625 0.1743328125 0.44055937500000003 0.17099999999999999 0.4635359375 0.1706671875 0.4665328125 0.17350000000000002 0.4740265625 0.1763328125 0.47727343749999995 0.1786671875 0.48251718749999994 0.1815 0.48551406249999995 0.1835 0.48576406250000004 0.1841671875 0.48676250000000004 0.1838328125 0.49025937500000005 0.1845 0.49350625 0.1868328125 0.49924999999999997
3 0 0.796203125 0.006 0.796703125 0.007000000000000001 0.803696875 0.011667187499999999 0.8104390625000001 0.017499999999999998 0.8139359374999999 0.0218328125 0.8146859375 0.029167187500000004 0.8134359375000001 0.0445 0.80694375 0.048 0.8044453125000001 0.053167187500000004 0.802946875 0.0638328125 0.796453125 0.06833281249999999 0.7954546875 0.073 0.7924578125 0.0761671875 0.7917078125 0.0788328125 0.7889609375 0.08399999999999999 0.7869625 0.0891671875 0.7829671874999999 0.0935 0.78171875 0.1045 0.774725 0.11100000000000002 0.7727265625 0.12033281250000001 0.7622375 0.12433281249999999 0.759740625 0.126 0.75649375 0.1273328125 0.7557437499999999 0.1281671875 0.7514984375 0.1308328125 0.7502500000000001 0.1346671875 0.7547453125 0.1385 0.7524968750000001 0.1408328125 0.7477515625 0.1418328125 0.74300625 0.1428328125 0.7425078125 0.14650000000000002 0.74400625 0.159 0.7362640625 0.16983281249999999 0.728271875 0.1818328125 0.7177828125 0.1843328125 0.7145359375 0.1878328125 0.7052953125 0.1891671875 0.6980515625 0.1908328125 0.6955546874999999 0.1925 0.6905593750000001 0.1985 0.6853140625 0.1998328125 0.6740765625 0.1995 0.6695796875 0.1976671875 0.6643359375 0.196 0.6618375000000001 0.1945 0.65559375 0.196 0.6476031250000001 0.1955 0.6416078125 0.1945 0.6386109375 0.1955 0.634615625 0.1935 0.63111875 0.1935 0.6293703125000001 0.1946671875 0.6268734375 0.1895 0.624375 0.1895 0.5886609375 0.1946671875 0.5869125000000001 0.1971671875 0.584665625 0.198 0.5801703125000001 0.1978328125 0.572428125 0.1986671875 0.5669328124999999 0.1983328125 0.559190625 0.20266718749999998 0.5454546875 0.20783281250000002 0.5372125 0.20933281250000002 0.5327171875000001 0.2083328125 0.5294703125 0.2046671875 0.5232265625 0.1823328125 0.496503125 0.1776671875 0.48451562499999995 0.1738328125 0.477521875 0.17099999999999999 0.47502500000000003 0.16983281249999999 0.4710296875 0.16616718749999998 0.465284375 0.1623328125 0.45654374999999997 0.1586671875 0.4510484375 0.1541671875 0.44105937500000003 0.1501671875 0.4355640625 0.14850000000000002 0.434565625 0.14650000000000002 0.43056875000000006 0.1431671875 0.428821875 0.14150000000000001 0.4265734375 0.1406671875 0.42257812499999997 0.1408328125 0.41583437500000003 0.14733281250000002 0.396353125 0.1493328125 0.3876125 0.14950000000000002 0.3801203125 0.146 0.352896875 0.14566718750000002 0.34240781249999996 0.1408328125 0.325175 0.1386671875 0.3111890625 0.1323328125 0.2829671875 0.1261671875 0.2674828125 0.121 0.26148906250000004 0.11516718749999999 0.2505 0.1105 0.247253125 0.1075 0.24350624999999998 0.0996671875 0.23801250000000002 0.0898328125 0.23226718750000003 0.08549999999999999 0.23076875000000002 0.0811671875 0.22502499999999998 0.08 0.2230265625 0.0793328125 0.21853125 0.08266718749999999 0.21678281250000003 0.08233281249999999 0.21178750000000002 0.08283281249999999 0.208790625 0.08499999999999999 0.20529531250000002 0.08383281249999999 0.2022984375 0.08033281249999999 0.2003 0.0771671875 0.20104843749999998 0.0778328125 0.20504531250000002 0.0761671875 0.21353593750000002 0.07305625 0.21328593749999997 0.0718328125 0.2107890625 0.0726671875 0.209040625 0.0721671875 0.20829218749999998 0.0705 0.20954062499999998 0.0606671875 0.21128906249999999 0.056832812499999996 0.2107890625 0.0471671875 0.20604375 0.042167187499999995 0.202546875 0.041332812499999996 0.20104843749999998 0.04 0.2040453125 0.037 0.20654374999999997 0.0298328125 0.2070421875 0.0218328125 0.21128906249999999 0.0133328125 0.2127875 0.012 0.2147859375 0.0086671875 0.21678281250000003 0.0096671875 0.21853125 0.0131671875 0.22027968750000002 0.0091671875 0.2332671875 0.0075 0.24325625 0.0081671875 0.247253125 0.0086671875 0.2624875 0.011 0.2709796875 0.0143328125 0.2739765625 0.0156671875 0.27972031249999996 0.0216671875 0.283715625 0.0231671875 0.28671406250000003 0.0236671875 0.29395625000000003 0.0223328125 0.2987015625 0.025 0.31818124999999997 0.027167187500000002 0.3204296875 0.027832812499999998 0.3226765625 0.027167187500000002 0.3261734375 0.029167187500000004 0.3301703125 0.03 0.3369125 0.0298328125 0.3416578125 0.0315 0.3454046875 0.0315 0.34940000000000004 0.036167187499999996 0.359640625 0.036167187499999996 0.365134375 0.0371671875 0.3666328125 0.0395 0.3766234375 0.0411671875 0.38037031250000003 0.0416671875 0.384615625 0.0448328125 0.38661406249999997 0.0506671875 0.396353125 0.056499999999999995 0.39985 0.058167187499999995 0.40459531249999997 0.0588328125 0.409340625 0.058499999999999996 0.415084375 0.0573328125 0.4200796875 0.054667187500000006 0.4265734375 0.050832812500000005 0.4330671875 0.047 0.4375625 0.033332812499999996 0.446303125 0.030167187499999998 0.45554375 0.0295 0.460040625 0.025332812500000003 0.46178749999999996 0.02 0.4697796875 0.017499999999999998 0.472028125 0.0165 0.47702343750000004 0.0136671875 0.48126875 0.0123328125 0.4882625 0.0096671875 0.49025937500000005 0.0076671875 0.5 0.0058328125 0.5019984375 0.003 0.5134859374999999 0.0045 0.5167328125 0.0033328125 0.5189812500000001 0 0.5189812500000001 0 0.796203125
3 0.10300000000000001 0.997003125 0.15 0.9977515625000001 0.1898328125 0.997003125 0.3168328125 0.997253125 0.3356671875 0.997503125 0.3373328125 0.99975 0.3391671875 0.99975 0.3402078125 0.9977515625000001 0.3531671875 0.9977515625000001 0.35333281250000004 0.99975 0.3545 0.9977515625000001 0.3678203125 0.9977515625000001 0.3695 0.99975 0.37051406249999996 0.9977515625000001 0.3811671875 0.997503125 0.3821671875 0.9977515625000001 0.3831671875 0.99975 0.4633328125 0.99975 0.46441718749999994 0.9977515625000001 0.4655 0.997503125 0.5146671875 0.9977515625000001 0.5218328125 0.9965031249999999 0.5235000000000001 0.99425625 0.5215 0.9917578125000001 0.5178328125 0.9897609375 0.5153328125 0.9857640625 0.5053328125000001 0.9812687499999999 0.5005 0.9762734375000001 0.4933328125 0.9717781249999999 0.48949999999999994 0.9677828125 0.4861671875 0.9662843750000001 0.4786671875 0.9572921875 0.47050000000000003 0.953296875 0.4668328125 0.9500500000000001 0.4646671875 0.94405625 0.4626671875 0.94330625 0.4596671875 0.93156875 0.45499999999999996 0.9270734375 0.45199999999999996 0.922078125 0.4466671875 0.9200796875 0.4431671875 0.9148359375 0.4393328125 0.915084375 0.43550000000000005 0.9085921875 0.43150000000000005 0.9075921875 0.42400000000000004 0.9038468749999999 0.42133281250000004 0.8971031249999999 0.4148328125 0.8888609375 0.41200000000000003 0.883865625 0.4085 0.883615625 0.40583281250000003 0.8791203124999999 0.40233281249999997 0.8771234375000001 0.4003328125 0.8736265624999999 0.4001671875 0.86913125 0.3995 0.86813125 0.39633281249999996 0.8641359375000001 0.39249999999999996 0.8643859375 0.39066718749999996 0.860140625 0.3873328125 0.85639375 0.3798328125 0.8521484375 0.3726671875 0.8523968749999999 0.3638328125 0.8496499999999999 0.36150000000000004 0.8479015625 0.3588328125 0.8499000000000001 0.3531671875 0.8503999999999999 0.351 0.8499000000000001 0.3458328125 0.8456546875000001 0.3411671875 0.8474031249999999 0.3295 0.8446546875 0.322 0.8409093750000001 0.3201671875 0.833915625 0.3201671875 0.8301703125 0.3173328125 0.8254250000000001 0.317 0.81818125 0.3161671875 0.814934375 0.3136671875 0.809940625 0.3121671875 0.7957046875 0.3096671875 0.7877125 0.3096671875 0.7842156250000001 0.3115 0.7792203125 0.3135 0.7639859375 0.3153328125 0.7557437499999999 0.321 0.7477515625 0.322 0.7447546875 0.32599999999999996 0.7397609375 0.3296671875 0.727521875 0.3333328125 0.7237765625 0.335 0.71953125 0.34183281249999997 0.7092906250000001 0.34500000000000003 0.691309375 0.34516718750000003 0.68131875 0.3445 0.678571875 0.34416718749999997 0.66808125 0.34483281250000003 0.6510984375 0.3461671875 0.6391109375 0.346 0.634365625 0.3478328125 0.63186875 0.3508328125 0.6228765625 0.3526671875 0.615384375 0.3528328125 0.6111390625 0.3546671875 0.6076421875 0.3563328125 0.6016484375 0.3581671875 0.5909093750000001 0.3541671875 0.5609390624999999 0.3506671875 0.5511984375 0.34950000000000003 0.540959375 0.3481671875 0.5372125 0.3481671875 0.5332171875 0.34566718750000003 0.53046875 0.34516718750000003 0.524975 0.3415 0.515734375 0.3343328125 0.50624375 0.3311671875 0.5047453125 0.3296671875 0.5017484375000001 0.327 0.4995 0.3105 0.49025937500000005 0.3065 0.4897609375 0.2958328125 0.48501562500000006 0.2873328125 0.48301718749999994 0.28016718749999997 0.48251718749999994 0.2711671875 0.48376562500000003 0.2556671875 0.49175781250000006 0.24 0.5017484375000001 0.2246671875 0.5169828125 0.22149999999999997 0.522228125 0.21816718750000003 0.53046875 0.209 0.540959375 0.2083328125 0.54395625 0.20249999999999999 0.5571921875 0.2016671875 0.5604390625 0.2043328125 0.5646859375 0.20316718749999998 0.5684312499999999 0.20099999999999998 0.571928125 0.2016671875 0.5764234375 0.20066718749999998 0.5799203125 0.20033281249999998 0.5879125000000001 0.20183281250000001 0.5919078125 0.20099999999999998 0.5946546875000001 0.20099999999999998 0.5999 0.1981671875 0.6076421875 0.2013328125 0.61863125 0.20183281250000001 0.646853125 0.20350000000000001 0.6543453125 0.1995 0.6580921875 0.20049999999999998 0.6618375000000001 0.20266718749999998 0.6648359375 0.2041671875 0.6738265625000001 0.20783281250000002 0.6823171875 0.211 0.6875625000000001 0.2131671875 0.6895609375 0.2146671875 0.6928078125 0.2165 0.69430625 0.21733281249999997 0.6970531249999999 0.21783281250000003 0.708790625 0.219 0.7167828125 0.2205 0.7205296875 0.223 0.7360140625 0.223 0.740009375 0.21949999999999997 0.7447546875 0.21366718750000002 0.7624875 0.20933281250000002 0.7677328125 0.2091671875 0.771478125 0.207 0.775225 0.2065 0.7794703125 0.20383281250000002 0.78196875 0.1971671875 0.7844656249999999 0.1938328125 0.7877125 0.1843328125 0.7897109375 0.1815 0.7917078125 0.1805 0.7884609375 0.1776671875 0.7872125 0.1763328125 0.784965625 0.1738328125 0.7832171875 0.17133281250000001 0.775225 0.16983281249999999 0.7734765625 0.16599999999999998 0.7734765625 0.1635 0.771478125 0.1621671875 0.7674828125000001 0.1581671875 0.7669828125 0.1553328125 0.765234375 0.13999999999999999 0.7637359375 0.13883281249999999 0.7607390625 0.13916718749999998 0.759740625 0.13783281249999998 0.759490625 0.1345 0.7604890625 0.1308328125 0.7629875 0.12466718750000001 0.7639859375 0.1191671875 0.7677328125 0.1123328125 0.7784718749999999 0.1073328125 0.7832171875 0.1035 0.7922078124999999 0.1006671875 0.8021984375000001 0.0968328125 0.8261734374999999 0.095 0.865134375 0.095 0.8891109374999999 0.0958328125 0.8921078124999999 0.0958328125 0.9002671875000001 0.0956671875 0.9045953125 0.0941671875 0.9120874999999999 0.0963328125 0.94355625 0.0985 0.9600406250000001 0.0998328125 0.99425625 0.101 0.9960046874999999 0.10300000000000001 0.997003125
3 0.6926671875 0.9547953124999999 0.6941671875 0.9585421875 0.6926671875 0.9627874999999999 0.6945 0.9630375000000001 0.697 0.9652843750000001 0.6968328125000001 0.9690312499999999 0.696 0.9705296875 0.696 0.9745250000000001 0.6976671875 0.975775 0.7018328125 0.9727765625 0.7056671875 0.9862640624999999 0.7111671875 0.9897609375 0.7096671875 0.99400625 0.7128328125000001 0.9957546875000001 0.7181671875 0.9952546874999999 0.7206671874999999 0.996253125 0.7228328125 0.9950046875 0.7264999999999999 0.9947546875000001 0.7325 0.9950046875 0.7361671875 0.997253125 0.7376671875 0.9965031249999999 0.7508328125 0.996253125 0.7518328125 0.997003125 0.7975 0.996753125 0.7986671875 0.997503125 0.8085000000000001 0.9950046875 0.8140000000000001 0.9965031249999999 0.8300000000000001 0.9960046874999999 0.8390000000000001 0.9927578125000001 0.8414999999999999 0.9890109375 0.8435 0.9902593749999999 0.8433328124999999 0.99400625 0.8533328125 0.9955046875000001 0.8550000000000001 0.99400625 0.8558328124999999 0.9882625 0.8583328124999999 0.9862640624999999 0.8546671874999999 0.984015625 0.852 0.9795203125 0.853 0.9772734375000001 0.8551671875 0.9765234375 0.8560000000000001 0.9722781250000001 0.8583328124999999 0.9707796875 0.8576671875 0.9697796875 0.8576671875 0.9642859375 0.859 0.9625375 0.858 0.9585421875 0.8588328125 0.9547953124999999 0.8561671875 0.9515484375 0.8564999999999999 0.94955 0.858 0.947303125 0.8561671875 0.94380625 0.8574999999999999 0.9393109374999999 0.8558328124999999 0.9383109375 0.853 0.9330671875000001 0.853 0.9303203124999999 0.8546671874999999 0.927821875 0.8538328125 0.9245749999999999 0.8546671874999999 0.9195796875 0.8535 0.9168328125 0.8546671874999999 0.9113390625 0.8538328125 0.9083421875000001 0.8539999999999999 0.9038468749999999 0.8525 0.9006000000000001 0.8539999999999999 0.8966031250000001 0.8543328125 0.8571421875 0.8521671874999999 0.8556437499999999 0.8515 0.8526468749999999 0.8521671874999999 0.8506500000000001 0.8535 0.8503999999999999 0.8541671875000001 0.8491515625 0.8518328125 0.847153125 0.851 0.8439062500000001 0.8528328125 0.834915625 0.8541671875000001 0.8334171874999999 0.8531671875000001 0.8324171874999999 0.8501671875 0.8241765624999999 0.8508328125 0.8236765625 0.8516671875 0.8196796875000001 0.8543328125 0.81843125 0.8515 0.8146859375 0.8543328125 0.8104390625000001 0.8535 0.8091906249999999 0.8535 0.803696875 0.8543328125 0.802446875 0.8525 0.8007 0.8525 0.797203125 0.8536671874999999 0.796703125 0.8546671874999999 0.7947046875 0.8526671875 0.7929578125 0.8526671875 0.7889609375 0.8546671874999999 0.7869625 0.8545 0.7729765625 0.8554999999999999 0.771478125 0.8554999999999999 0.76923125 0.8573328124999999 0.76873125 0.8578328125000001 0.7672328125 0.8564999999999999 0.7664828124999999 0.8539999999999999 0.7579921875 0.8548328125 0.7567437499999999 0.8543328125 0.753496875 0.8526671875 0.7519984375 0.8538328125 0.7497499999999999 0.8539999999999999 0.7477515625 0.8508328125 0.7457546875000001 0.851 0.7417578125000001 0.85 0.7387609375 0.8515 0.734265625 0.8535 0.733765625 0.8545 0.7322671875 0.8518328125 0.7302703125 0.8503328124999999 0.7270234375 0.8481671875 0.7260234375 0.8466671874999999 0.7227765625 0.8438328125 0.722278125 0.8426671875 0.7202796874999999 0.8406671875 0.7200296875000001 0.8375 0.7107890625 0.8400000000000001 0.70629375 0.8431671875 0.7050453125 0.8414999999999999 0.703796875 0.8383328125 0.6628375 0.8414999999999999 0.659340625 0.8441671875000001 0.6580921875 0.8468328125 0.6540953125 0.8478328125000001 0.6501 0.8474999999999999 0.6426078125 0.8453328125 0.6371125 0.8441671875000001 0.63061875 0.8426671875 0.615134375 0.8426671875 0.597653125 0.8445 0.584415625 0.8453328125 0.56893125 0.8456671874999999 0.5516984375 0.8451671875000001 0.541209375 0.8411671875 0.521978125 0.8408328125000001 0.5174828125000001 0.8378328125 0.5067437499999999 0.8300000000000001 0.48526406250000004 0.8230000000000001 0.4700296875 0.8183328124999999 0.4645359375 0.8101671874999999 0.45729218749999995 0.8068328125 0.45279687500000004 0.8019999999999999 0.45054999999999995 0.7988328124999999 0.447303125 0.7935 0.446803125 0.7871671874999999 0.44405625000000004 0.7795 0.44255781250000004 0.7708328125 0.4428078125 0.7636671875000001 0.44555468749999994 0.7575000000000001 0.45154843749999996 0.756 0.45504531249999997 0.7543328125000001 0.45629375000000005 0.748 0.45679375 0.743 0.4610390625 0.7365 0.46378593749999997 0.7271671875 0.471278125 0.725 0.4702796875 0.7205 0.4705296875 0.7176671875 0.472528125 0.7141671875 0.478271875 0.7113328125 0.4897609375 0.7038328125 0.5364640625 0.7033328125 0.54445625 0.7038328125 0.572178125 0.7006671875 0.61888125 0.7021671875 0.621378125 0.7033328125 0.6258734375 0.7041671875 0.633865625 0.7038328125 0.6383609375 0.705 0.640609375 0.7095 0.640859375 0.7116671875 0.6423578125 0.7168328125000001 0.64985 0.7173328125 0.6540953125 0.7195 0.6573421875000001 0.7195 0.6625875 0.7261671875 0.6735765625 0.7268328125 0.677571875 0.7306671875 0.6858140625 0.7318328125 0.7015484375 0.7335 0.7050453125 0.7343328125 0.709040625 0.7355 0.7105390625 0.7401671875 0.7142859374999999 0.748 0.7147859375000001 0.7516671875000001 0.7132859375 0.7558328125 0.7137859375 0.7636671875000001 0.7120375 0.7673328125000001 0.7092906250000001 0.7755 0.7085421875 0.7781671875 0.7102890625 0.7798328125 0.7127875 0.78 0.7162843750000001 0.783 0.7205296875 0.7855000000000001 0.728271875 0.7856671875 0.73076875 0.7815000000000001 0.740009375 0.7798328125 0.7457546875000001 0.7791671874999999 0.7512484374999999 0.7715 0.7517484375000001 0.7703328125 0.7549953125 0.768 0.75624375 0.7651671875 0.7604890625 0.7638328125 0.7667328125 0.7591671875 0.7674828125000001 0.7581671875 0.76948125 0.7558328125 0.7704796875000001 0.749 0.7789703125 0.7474999999999999 0.7829671874999999 0.7483328124999999 0.7862140625 0.7466671875 0.7889609375 0.744 0.7884609375 0.7424999999999999 0.789959375 0.7396671875 0.7907093749999999 0.739 0.79395625 0.7353328125 0.7949546875 0.7343328125 0.796953125 0.7336671875 0.802446875 0.7323328124999999 0.8054453125000001 0.7278328125 0.8079421874999999 0.7263328125 0.8106890625000001 0.7216671875 0.8144359375000001 0.7205 0.8166828125000001 0.7183328125 0.8304203125 0.7150000000000001 0.8421578125 0.7096671875 0.8456546875000001 0.71 0.8466531249999999 0.7056671875 0.8518984375 0.705 0.8508984375 0.7008328125000001 0.8499000000000001 0.6978328125 0.8526468749999999 0.7013328125 0.8637609375 0.7003328125 0.8688812499999999 0.7006671875 0.8733765625000001 0.7 0.88161875 0.7021671875 0.8853640625000001 0.7013328125 0.8893609375 0.6981671875 0.8928578125 0.6953328125 0.89385625 0.6945 0.8981015625 0.6928328125000001 0.89985 0.6931671875000001 0.9010984375 0.6945 0.9003500000000001 0.6961671875000001 0.902846875 0.6953328125 0.9065937500000001 0.6943328125 0.9080921875 0.6955 0.9135859375000001 0.6965 0.9148359375 0.6950000000000001 0.9240765625 0.6948328125 0.953296875 0.6926671875 0.9547953124999999
3 0.9236671875000001 0.640359375 0.9256671875 0.639859375 0.9276671875 0.6373624999999999 0.9291671875 0.6413593750000001 0.9353328125000001 0.6456046875 0.9471671875000001 0.646353125 0.9508328125000001 0.6491015625000001 0.9546671874999999 0.6476031250000001 0.9588328125000001 0.647353125 0.9606671875 0.6448546875 0.9638328125 0.6426078125 0.9650000000000001 0.6388609375 0.9666671875 0.6373624999999999 0.9683328124999999 0.633865625 0.9726671874999999 0.63136875 0.9756671875 0.6263734375000001 0.9911671875 0.6168828125 0.9976671874999999 0.6116390625 0.9998328125 0.6113890625 0.9998328125 0.34090937499999996 0.9758328125 0.340659375 0.9705 0.3416578125 0.9623328125 0.3459046875 0.958 0.3504 0.9553328125 0.35464531250000003 0.95 0.3573921875 0.9411671875 0.365634375 0.9361671875 0.3728765625 0.9339999999999999 0.374625 0.9283328125000001 0.383865625 0.9279999999999999 0.38861093750000003 0.9265000000000001 0.3926078125 0.9248328125 0.40559375 0.9243328125 0.4120875 0.9255000000000001 0.415584375 0.9255000000000001 0.42107968749999997 0.9246671875000001 0.42532500000000006 0.916 0.421578125 0.914 0.41908124999999996 0.9126671875 0.415584375 0.908 0.4123375 0.9058328124999999 0.4073421875 0.9045 0.40634375 0.9003328125 0.40634375 0.899 0.4080921875 0.8991671875 0.4110890625 0.9008328125 0.41608437499999995 0.9013328125 0.42057968749999997 0.8988328125 0.4240765625 0.8925000000000001 0.4265734375 0.8898328125000001 0.4353140625 0.891 0.4373125 0.8945000000000001 0.4388109375 0.8906671875000001 0.45504531249999997 0.8901671875 0.4667828125 0.8945000000000001 0.474275 0.8998328125 0.47802187500000004 0.9015000000000001 0.4822671875 0.9041671875 0.484765625 0.9076671875000001 0.48576406250000004 0.9081671874999999 0.49050937499999997 0.9131671875 0.49450625 0.916 0.5002500000000001 0.9205 0.5027468749999999 0.9238328125 0.50699375 0.9289999999999999 0.509740625 0.9293328125 0.5139859375 0.9356671875 0.515734375 0.9376671875 0.5204796875000001 0.9376671875 0.525725 0.9391671875000001 0.53196875 0.9441671875000001 0.5327171875000001 0.9438328125 0.5369625 0.9451671875000001 0.5389609375 0.9516671875 0.5397109375 0.9521671875 0.54320625 0.9496671875 0.54345625 0.9483328125 0.5449546875 0.9506671875 0.5459546875 0.9551671875000001 0.5452046875 0.9585000000000001 0.546703125 0.9560000000000001 0.571428125 0.9513328124999999 0.56918125 0.9470000000000001 0.56918125 0.943 0.5674328125 0.9278328124999999 0.571678125 0.923 0.5759234375 0.9221671875 0.5786718750000001 0.9191671875 0.5821671875 0.9113328125000001 0.583915625 0.9063328125 0.5884109375000001 0.889 0.5929078125 0.8651671875 0.59365625 0.8583328124999999 0.5919078125 0.8548328125 0.5896609374999999 0.8523328125 0.5861640625 0.8494999999999999 0.584165625 0.8456671874999999 0.5854140625 0.8451671875000001 0.5876625 0.8436671875 0.597153125 0.844 0.6118875 0.8456671874999999 0.6206296874999999 0.8521671874999999 0.622378125 0.8585 0.622378125 0.8615 0.621378125 0.8643328125 0.622378125 0.8796671875 0.6233765625000001 0.9198328124999999 0.6378625 0.9236671875000001 0.640359375
2 0.5056671875000001 0.19305624999999998 0.5075000000000001 0.1893109375 0.5136671875000001 0.18756250000000002 0.5171671875 0.1853140625 0.5171671875 0.1828171875 0.5184578125 0.18106875 0.5213328125000001 0.18106875 0.5253328125000001 0.17832187500000002 0.533 0.177571875 0.5401671875 0.1620875 0.5425 0.1540953125 0.5443328125 0.1391109375 0.544 0.1303703125 0.542 0.1236265625 0.54 0.121128125 0.5371671874999999 0.109390625 0.5345 0.10339687500000001 0.5326671875 0.1011484375 0.5296671875000001 0.083665625 0.5176671875000001 0.0729265625 0.5158328125 0.06843125 0.512 0.0636859375 0.511 0.0606890625 0.5058328125 0.054445312499999995 0.5021671875 0.0551953125 0.5 0.0579421875 0.4973328125 0.058192187500000006 0.4936671875 0.05644375 0.4898328125 0.0514484375 0.4795 0.0459546875 0.4741671875 0.0454546875 0.46966718749999997 0.0479515625 0.46699999999999997 0.0454546875 0.46233281249999997 0.0447046875 0.4591671875 0.0424578125 0.45499999999999996 0.0414578125 0.4471671875 0.048951562500000004 0.44516718749999995 0.052696875 0.4438328125 0.058192187500000006 0.44216718750000006 0.0606890625 0.4356671875 0.0644359375 0.4325 0.06843125 0.42400000000000004 0.096903125 0.4238328125 0.1004 0.4268328125 0.11113906250000001 0.42699999999999994 0.12287656250000001 0.42883281249999994 0.1301203125 0.42933281250000005 0.1388609375 0.4316671875 0.1540953125 0.43416718750000005 0.16033906250000002 0.43716718749999994 0.1630875 0.502 0.19255781249999998 0.5056671875000001 0.19305624999999998
2 0.26566718749999996 0.24775156250000002 0.2685 0.2522484375 0.26933281249999996 0.25574375 0.27133281249999996 0.258990625 0.272 0.2632375 0.27383281249999997 0.2669828125 0.2746671875 0.27122812500000004 0.28033281250000003 0.28121874999999996 0.28233281250000003 0.2872125 0.28666718750000003 0.29420625 0.2988328125 0.30844218749999996 0.3016671875 0.3106890625 0.3108328125 0.316184375 0.3143328125 0.31243750000000003 0.3181671875 0.3119375 0.3208328125 0.31043906250000003 0.3203328125 0.3071921875 0.3223328125 0.3019484375 0.3235 0.3009484375 0.3296671875 0.2984515625 0.33816718749999997 0.2977015625 0.3411671875 0.2959546875 0.3436671875 0.29295781249999997 0.3461671875 0.2869625 0.34766718750000003 0.2794703125 0.34733281250000003 0.274725 0.34950000000000003 0.2699796875 0.352 0.258740625 0.35333281250000004 0.2572421875 0.36150000000000004 0.2572421875 0.36366718750000004 0.25574375 0.3651671875 0.25274687500000004 0.3653328125 0.24775156250000002 0.3611671875 0.227521875 0.3603328125 0.22802187499999998 0.35950000000000004 0.22652343749999998 0.361 0.221528125 0.3613328125 0.21678281250000003 0.3651671875 0.208790625 0.365 0.20504531250000002 0.3638328125 0.2017984375 0.3633328125 0.196303125 0.364 0.19305624999999998 0.3628328125 0.1883109375 0.3611671875 0.16883125000000002 0.35733281250000004 0.15759218749999998 0.34950000000000003 0.1416078125 0.3415 0.13086875 0.333 0.122628125 0.3198328125 0.11513437500000001 0.3086671875 0.1138859375 0.3021671875 0.11513437500000001 0.29916718750000004 0.11813125 0.29516718750000004 0.1196296875 0.2906671875 0.12287656250000001 0.28316718750000003 0.1321171875 0.2751671875 0.146353125 0.27349999999999997 0.1515984375 0.27149999999999996 0.1548453125 0.26749999999999996 0.166084375 0.26566718749999996 0.18506562499999998 0.2661671875 0.197053125 0.26566718749999996 0.2172828125 0.2663328125 0.22052968750000002 0.265 0.22352656249999997 0.26349999999999996 0.224525 0.2648328125 0.22527499999999998 0.2661671875 0.22927031250000002 0.2636671875 0.2397609375 0.26549999999999996 0.24400624999999998 0.26566718749999996 0.24775156250000002
2 0.0318328125 0.3491515625 0.033 0.3513984375 0.0368328125 0.3548953125 0.0468328125 0.36088906249999997 0.0486671875 0.365384375 0.05433281250000001 0.36488437500000004 0.057499999999999996 0.3548953125 0.0608328125 0.34940000000000004 0.0618328125 0.346153125 0.0623328125 0.33141875 0.0616671875 0.324925 0.0646671875 0.3144359375 0.063 0.3106890625 0.064 0.3074421875 0.0681671875 0.30569375 0.0725 0.3009484375 0.0795 0.2979515625 0.08416718749999999 0.2984515625 0.0885 0.29695312500000004 0.0988328125 0.29945 0.1105 0.30019999999999997 0.1143328125 0.297203125 0.1191671875 0.289959375 0.12250000000000001 0.2879625 0.1315 0.290709375 0.1323328125 0.289959375 0.1328328125 0.2872125 0.1325 0.2829671875 0.1308328125 0.278221875 0.1276671875 0.2729765625 0.1258328125 0.2677328125 0.1208328125 0.2612390625 0.1153328125 0.25075 0.0995 0.23751250000000002 0.0886671875 0.23176875 0.0765 0.22827187499999999 0.0721671875 0.22852187499999999 0.06883281249999999 0.23126875 0.065 0.2327671875 0.054167187500000005 0.24400624999999998 0.0475 0.24925000000000003 0.043667187499999996 0.25574375 0.042667187499999995 0.258990625 0.0381671875 0.265234375 0.0351671875 0.27447499999999997 0.032 0.27997031250000004 0.03 0.2877125 0.027000000000000003 0.29445625 0.028167187500000003 0.300575 0.027332812499999998 0.30644375 0.027832812499999998 0.3134359375 0.027332812499999998 0.3261734375 0.029667187499999997 0.3394109375 0.0293328125 0.3416578125 0.0315 0.3456546875 0.0318328125 0.3491515625
2 0.2083328125 0.665834375 0.2103328125 0.6703296875 0.20983281250000002 0.6738265625000001 0.21133281249999997 0.678821875 0.2123328125 0.6893109374999999 0.2146671875 0.690809375 0.2171671875 0.6958046875 0.21966718749999997 0.7045453125 0.22016718750000003 0.709040625 0.23500000000000001 0.725775 0.2403328125 0.728021875 0.242 0.7322671875 0.2441671875 0.734015625 0.2558328125 0.7362640625 0.26349999999999996 0.7365140625000001 0.26749999999999996 0.740009375 0.27005625 0.7395109375 0.2748328125 0.740759375 0.2835 0.741259375 0.28650000000000003 0.740259375 0.29116718750000004 0.7365140625000001 0.2955 0.7352640625 0.29916718750000004 0.728521875 0.3043328125 0.725525 0.3068328125 0.7187812499999999 0.3143328125 0.7112890625 0.3183328125 0.7092906250000001 0.3211671875 0.703046875 0.3235 0.7012984375 0.3285 0.69355625 0.3306671875 0.6853140625 0.3335 0.6830671875000001 0.3393328125 0.6730765625 0.34416718749999997 0.6678328125 0.3465 0.6416078125 0.3551671875 0.6071421875 0.358 0.5993999999999999 0.35933281250000004 0.5911593749999999 0.3548328125 0.5644359375 0.3551671875 0.5604390625 0.3531671875 0.5581921875 0.351 0.552696875 0.34950000000000003 0.5334671875 0.3461671875 0.5289703125 0.34199999999999997 0.5167328125 0.337 0.509490625 0.33383281249999996 0.5054937500000001 0.3261671875 0.4987515625 0.3206671875 0.4960046875 0.3183328125 0.49350625 0.3141671875 0.49300625 0.3106671875 0.49000937499999997 0.3035 0.4877625 0.2983328125 0.48501562500000006 0.28716718750000003 0.48251718749999994 0.2763328125 0.4822671875 0.26733281249999996 0.48501562500000006 0.2516671875 0.49325625000000006 0.2363328125 0.5052453125 0.2245 0.5172328125 0.2203328125 0.524225 0.21816718750000003 0.53046875 0.21549999999999997 0.5337156249999999 0.21150000000000002 0.5367140625 0.2046671875 0.5459546875 0.2015 0.558940625 0.2021671875 0.565684375 0.20083281249999999 0.5831671875 0.2013328125 0.590159375 0.20049999999999998 0.59440625 0.20083281249999999 0.60015 0.197 0.6108890625 0.1971671875 0.616384375 0.2 0.61863125 0.20033281249999998 0.621628125 0.1996671875 0.6268734375 0.20099999999999998 0.628871875 0.2021671875 0.634115625 0.20316718749999998 0.6510984375 0.2045 0.6553453124999999 0.2068328125 0.659590625 0.2083328125 0.665834375
2 0.7331671875 0.5609390624999999 0.7353328125 0.5651843750000001 0.7346671875 0.5681812500000001 0.7386671875 0.5704296875 0.7418328125 0.5759234375 0.7555 0.578421875 0.7653328125 0.578421875 0.7728328125 0.58116875 0.775 0.583915625 0.7796671875000001 0.583665625 0.7816671875 0.5916578125 0.7831671874999999 0.5934062499999999 0.7868328124999999 0.5946546875000001 0.7889999999999999 0.597153125 0.7889999999999999 0.5999 0.7911671874999999 0.6008984374999999 0.7958328125 0.5984015625 0.7978328125 0.6071421875 0.8033328125000001 0.6143859375 0.8056671874999999 0.6228765625 0.8111671875 0.6261234375 0.8145 0.634865625 0.8186671875 0.6358640624999999 0.8221671875000001 0.6391109375 0.8258328125000001 0.6388609375 0.8283328125 0.6373624999999999 0.8298328125 0.6326171875 0.833 0.628371875 0.8346671875 0.628371875 0.8376671874999999 0.63186875 0.8416671875 0.6321171875 0.8426671875 0.6236265624999999 0.8425 0.5986515625 0.8458328125 0.5571921875 0.8453328125 0.5414578125 0.8396671874999999 0.509740625 0.8306671874999999 0.48551406249999995 0.8213328125 0.4677828125 0.8063328125 0.45304687499999996 0.8018328125 0.45204843749999996 0.7938328125 0.447303125 0.787 0.4448046875 0.771 0.4428078125 0.7653328125 0.44555468749999994 0.762 0.44880156250000003 0.758 0.4510484375 0.7566671875 0.4552953125 0.7481671875 0.45729218749999995 0.7406671874999999 0.4625375 0.7361671875 0.46378593749999997 0.7281671875 0.471528125 0.7203328124999999 0.4702796875 0.7168328125000001 0.4727765625 0.7133328125 0.478271875 0.7095 0.49400625 0.709 0.50649375 0.7075 0.5129875 0.7085 0.5172328125 0.7088328125000001 0.51798125 0.7133328125 0.5172328125 0.7195 0.521478125 0.7268328125 0.524725 0.7343328125 0.5516984375 0.7331671875 0.55669375 0.7331671875 0.5609390624999999
2 0.9535 0.46928125 0.969 0.47802187500000004 0.9748328125000001 0.47802187500000004 0.982 0.48126875 0.9913328124999999 0.48751249999999996 0.9933328124999999 0.49050937499999997 0.9960000000000001 0.4922578125 0.998 0.496503125 0.9998328125 0.496503125 0.9998328125 0.3414078125 0.9904999999999999 0.339909375 0.9761671875 0.33966093750000004 0.9698328125 0.34090937499999996 0.9625 0.3451546875 0.9551671875000001 0.353396875 0.9468328125 0.35939062499999996 0.9391671875000001 0.3668828125 0.9343328124999999 0.3728765625 0.9326671875000001 0.378121875 0.9281671875 0.384615625 0.9255000000000001 0.4001 0.9246671875000001 0.4125875 0.9261671874999999 0.41908124999999996 0.9258328125 0.42382656250000006 0.9293328125 0.4355640625 0.9296671875 0.4393109375 0.9351671874999999 0.44555468749999994 0.9380000000000001 0.45179843750000004 0.9413328125 0.4540453125 0.9463328125 0.4615390625 0.9535 0.46928125
2 0.8009999999999999 0 0.8006671875 0.0047453124999999995 0.7988328124999999 0.0064937499999999995 0.7948328124999999 0.00624375 0.791 0.0072421874999999995 0.788 0.009240624999999999 0.7855000000000001 0.012737499999999999 0.7836671875000001 0.0177328125 0.7803328125 0.019979687500000003 0.7771671875 0.0237265625 0.776 0.03046875 0.7745 0.0322171875 0.77 0.041957812500000004 0.7696671875 0.0447046875 0.7713328125000001 0.047203125 0.7755 0.048701562500000004 0.7793328125000001 0.046953125 0.7805 0.048701562500000004 0.7786671875 0.0639359375 0.7791671874999999 0.077671875 0.7801671875 0.072428125 0.7798328125 0.0674328125 0.7813328125 0.0624375 0.7831671874999999 0.060939062499999995 0.7841671875 0.0574421875 0.7878890625 0.051365625000000005 0.7906671875 0.0484515625 0.7975 0.05169843750000001 0.8036671875 0.053196875 0.807 0.057192187500000005 0.8154999999999999 0.057192187500000005 0.8206671875 0.058940625 0.8300000000000001 0.0634359375 0.8361671875000001 0.0679328125 0.8396671874999999 0.0726765625 0.8403328125 0.0759234375 0.8401671875 0.07992031250000001 0.8413328124999999 0.083665625 0.841 0.0876625 0.8425 0.09190781249999999 0.8394999999999999 0.0954046875 0.8403328125 0.10489531249999999 0.8413328124999999 0.10739218749999999 0.8461671875000001 0.10239687500000001 0.8494999999999999 0.09715312499999999 0.8531671875000001 0.0766734375 0.8576671875 0.075175 0.8613328125 0.078671875 0.8636671874999999 0.0741765625 0.866 0.07217812500000001 0.8676671875 0.0679328125 0.8676671875 0.05644375 0.8685 0.052696875 0.8661671875 0.047203125 0.8623890624999999 0.0417921875 0.8613328125 0.0387109375 0.8613328125 0.0327171875 0.859 0.0289703125 0.8550000000000001 0.025224999999999997 0.8545 0.021228125 0.8533328125 0.018981249999999998 0.8308328125 0.0104890625 0.826 0.0074921875 0.8183328124999999 0.0064937499999999995 0.8130000000000001 0.0022484375 0.8126671875 0 0.8009999999999999 0