3 0.3982 0.844884375 0.3972 0.8520859375000001 0.3886 0.8535859374999999 0.386 0.8721875000000001 0.3854 0.8889890625 0.38639999999999997 0.8931890625 0.3856 0.8958890625 0.38580000000000003 0.9024906250000001 0.3828 0.9276921874999999 0.3832 0.93579375 0.39 0.9591953125 0.3936 0.9672968750000001 0.39780000000000004 0.970596875 0.3984 0.974796875 0.4002 0.9771984375 0.40359999999999996 0.9768984375 0.40499999999999997 0.9825984375000001 0.40659999999999996 0.9846984375 0.41980000000000006 0.9925 0.43019999999999997 0.9949 0.43579999999999997 0.9949 0.43760000000000004 0.9930999999999999 0.43920000000000003 0.9891984375 0.44320000000000004 0.9894984375 0.4464 0.9849984375 0.45119999999999993 0.9840984374999999 0.4532 0.9786984375 0.45199999999999996 0.974496875 0.4548 0.962496875 0.4584 0.963996875 0.461 0.9633968749999999 0.4606 0.961596875 0.45899999999999996 0.960996875 0.45899999999999996 0.9579953124999999 0.46020000000000005 0.9570953125000001 0.461 0.9540953125 0.4638 0.9531953124999999 0.4668 0.9552953125 0.4676 0.9528953124999999 0.47220000000000006 0.9513953125000001 0.4824 0.93969375 0.48739999999999994 0.94359375 0.4888 0.9474953125000001 0.4936 0.9549953125 0.49240000000000006 0.9597953125 0.4896 0.963096875 0.49139999999999995 0.965796875 0.4918 0.970896875 0.4902 0.974196875 0.48760000000000003 0.975096875 0.487 0.9795984375 0.484 0.9864984375000001 0.4852 0.9918984375000001 0.4866 0.9930999999999999 0.4888 0.9897984375 0.49139999999999995 0.9934 0.49119999999999997 0.9943 0.4928 0.9955 0.4974 0.9973000000000001 0.5062 0.9976 0.5082 0.9997 0.5176000000000001 0.9997 0.5418000000000001 0.9949 0.5469999999999999 0.9973000000000001 0.5566 0.9964000000000001 0.5591999999999999 0.9978999999999999 0.5594 0.9997 0.5618000000000001 0.9997 0.5674 0.9970000000000001 0.5716 0.9978999999999999 0.576 0.9970000000000001 0.5876 0.9978999999999999 0.5932000000000001 0.9970000000000001 0.6182000000000001 0.9978999999999999 0.6288 0.9970000000000001 0.6492 0.9978999999999999 0.654 0.9970000000000001 0.6734 0.9978999999999999 0.6768 0.9970000000000001 0.6814 0.9978999999999999 0.8112 0.9973000000000001 0.8208 0.9978999999999999 0.8224 0.9997 0.8237 0.9978999999999999 0.8333999999999999 0.9970000000000001 0.8384 0.9928000000000001 0.843 0.9858984375000001 0.8454 0.9792984375 0.8493999999999999 0.9759968750000001 0.8506 0.9711968750000001 0.8544 0.966696875 0.86 0.9516953125000001 0.8624 0.94299375 0.8634000000000001 0.93579375 0.8644000000000001 0.9207921875 0.8642 0.8961890625000001 0.8630000000000001 0.8844890624999999 0.8635999999999999 0.8811875 0.8634000000000001 0.8562859375 0.8608 0.8436843749999999 0.8608 0.8262828125 0.8593999999999999 0.8184812499999999 0.857 0.8136812499999999 0.8573999999999999 0.80978125 0.8566 0.8028796874999999 0.8550000000000001 0.7989796874999999 0.8544 0.7920796875 0.85 0.776178125 0.8497999999999999 0.7713765625 0.8452 0.7557750000000001 0.8438000000000001 0.7449749999999999 0.8385999999999999 0.7302734375 0.8346 0.713171875 0.8343999999999999 0.6972703124999999 0.8362 0.69426875 0.8390000000000001 0.68586875 0.8400000000000001 0.6783671874999999 0.8398 0.6696671875 0.8362 0.650465625 0.8342 0.6435640625 0.8310000000000001 0.6378640625 0.8284 0.6288625 0.8215999999999999 0.6156609375000001 0.8182 0.6054609375 0.8144 0.6012593749999999 0.8130000000000001 0.595259375 0.8064 0.5838578125 0.8026 0.5724578124999999 0.7988000000000001 0.56975625 0.7974 0.56465625 0.794 0.5598562499999999 0.7718 0.49054843750000005 0.7716000000000001 0.474046875 0.7704 0.46714687499999996 0.7694 0.463246875 0.7656 0.4575453125 0.7618 0.43924375 0.7584 0.43594375 0.7556 0.42604218749999995 0.7542 0.4242421875 0.7546 0.4200421875 0.7532 0.41614218750000004 0.7506 0.412540625 0.7485999999999999 0.403240625 0.7392421875 0.374521875 0.7200453125 0.36491875 0.697646875 0.37532187499999997 0.7013796875 0.353715625 0.6996421875000001 0.28168906250000003 0.6905765625 0.2696859375 0.692709375 0.25127968749999996 0.6472 0.1362140625 0.6462 0.1302125 0.6432 0.12541249999999998 0.6418 0.1194125 0.6388 0.11371093750000001 0.6308 0.1044109375 0.6172 0.10321093750000002 0.607 0.10381093749999999 0.6003999999999999 0.10831093750000001 0.5932000000000001 0.11131093750000001 0.5700000000000001 0.1272125 0.5631999999999999 0.13561406250000002 0.5606 0.14101406249999998 0.5551999999999999 0.1470140625 0.5532 0.155115625 0.5498000000000001 0.15661562499999998 0.546 0.162015625 0.544 0.16861718750000002 0.541 0.1716171875 0.536 0.18361875 0.5322 0.18781874999999998 0.5294 0.19471875 0.5264 0.1974203125 0.5246000000000001 0.2016203125 0.519 0.20942031249999998 0.5136000000000001 0.212721875 0.5067999999999999 0.219621875 0.5032 0.225621875 0.49960000000000004 0.2343234375 0.49660000000000004 0.24842499999999998 0.49400000000000005 0.25082499999999996 0.492 0.256525 0.4852 0.287128125 0.488 0.3024296875 0.4906 0.30633125 0.4906 0.31053125000000004 0.49379999999999996 0.31443125 0.49400000000000005 0.3222328125 0.4934 0.338134375 0.491 0.345934375 0.4892 0.35703593749999996 0.49000000000000005 0.3627359375 0.48840000000000006 0.3732375 0.4894 0.3765375 0.48840000000000006 0.3843390625 0.48840000000000006 0.3888390625 0.4894 0.3924390625 0.48840000000000006 0.399040625 0.4888 0.405040625 0.4856 0.41944218749999995 0.4864 0.42154218749999994 0.4892 0.42394218749999996 0.48719999999999997 0.43534375000000003 0.4892 0.43984375 0.4896 0.4539453125 0.4892 0.467746875 0.48979999999999996 0.470746875 0.48819999999999997 0.48214843749999997 0.48840000000000006 0.4869484375 0.48600000000000004 0.49474999999999997 0.484 0.5094515625 0.4848 0.5181515625 0.48339999999999994 0.525053125 0.4826 0.537053125 0.4706 0.56795625 0.46820000000000006 0.5829578125 0.4646 0.588059375 0.4654 0.591959375 0.4678 0.592859375 0.47000000000000003 0.5958593750000001 0.4678 0.6036609375 0.4678 0.6120609375 0.4666 0.6168609375 0.46399999999999997 0.6189625000000001 0.4648 0.6237625 0.4628 0.6249625 0.462 0.6276625 0.4612 0.6429640625 0.4596 0.6495656249999999 0.45999999999999996 0.654965625 0.4586 0.6582656250000001 0.46020000000000005 0.6693671875 0.45940000000000003 0.6761671875 0.4588 0.6786671875 0.4566 0.6795671875 0.4558 0.68106875 0.45640000000000003 0.68766875 0.4554 0.69246875 0.45220000000000005 0.6972703124999999 0.4524 0.6990703125 0.45099999999999996 0.7035703125 0.4484 0.7053703125 0.44820000000000004 0.7095703125 0.44560000000000005 0.713171875 0.446 0.721571875 0.4452 0.725471875 0.4424 0.7293734374999999 0.43620000000000003 0.7347734375 0.4354 0.7338734375 0.433 0.7362734375 0.4328 0.7404734375 0.434 0.745575 0.43179999999999996 0.7470749999999999 0.4314 0.748575 0.43579999999999997 0.750375 0.4368 0.753975 0.43579999999999997 0.7599765625 0.4062 0.7911796875 0.404 0.7884781249999999 0.3986 0.7929796875 0.3968 0.7962796875 0.3948 0.7962796875 0.3908 0.7929796875 0.3902 0.7914796875000001 0.3908 0.783378125 0.3894 0.782178125 0.38639999999999997 0.783378125 0.3862 0.787278125 0.3846 0.7908796875 0.381 0.786978125 0.37679999999999997 0.784578125 0.377 0.7941796875 0.3812 0.7950796875 0.3832 0.7995796875 0.38039999999999996 0.8043796875 0.38079999999999997 0.81458125 0.3848 0.8226828125000001 0.39180000000000004 0.8283828124999999 0.39239999999999997 0.8379843749999999 0.39580000000000004 0.8436843749999999 0.3982 0.844884375
1 0.5724 0.31233125 0.5838 0.31623125 0.5932000000000001 0.3213328125 0.5953999999999999 0.3243328125 0.5998 0.32373281249999997 0.611 0.3306328125 0.615 0.33123281250000003 0.619 0.3339328125 0.6344000000000001 0.339334375 0.6388 0.34233437499999997 0.6748000000000001 0.3561359375 0.6772 0.3576359375 0.6854 0.3672375 0.6892 0.3699375 0.6954 0.3657359375 0.6990000000000001 0.36093593749999997 0.7022 0.346834375 0.7022 0.3333328125 0.7001999999999999 0.31413125000000003 0.701 0.31053125000000004 0.7008 0.2922296875 0.6994 0.282328125 0.6950000000000001 0.274828125 0.6904 0.2721265625 0.6886 0.2682265625 0.6878 0.248725 0.6846 0.2337234375 0.6774 0.213021875 0.6592 0.1719171875 0.643 0.1194125 0.6364 0.1077109375 0.6306 0.1029109375 0.609 0.10201093750000001 0.6038 0.10321093750000002 0.6 0.10621093749999999 0.5934 0.1092109375 0.5826 0.1179125 0.5724 0.12391250000000001 0.5604 0.1347140625 0.5532 0.1464140625 0.5511999999999999 0.152715625 0.5466 0.158415625 0.536 0.1794171875 0.5304 0.18811875 0.5292 0.19141875 0.5246000000000001 0.1974203125 0.5212 0.20462031249999998 0.5186 0.20762031250000001 0.5098 0.21392187499999998 0.502 0.22472187500000002 0.4986 0.2322234375 0.497 0.2397234375 0.49139999999999995 0.255625 0.4904 0.2631265625 0.4868 0.2712265625 0.4848 0.281728125 0.48419999999999996 0.287128125 0.4852 0.2928296875 0.488 0.3024296875 0.4902 0.30513124999999997 0.49400000000000005 0.30663125 0.5002 0.2973296875 0.5058 0.2943296875 0.5258 0.2961296875 0.5528 0.3033296875 0.5724 0.31233125
1 0.2954 0.20882031250000002 0.3024 0.21242187499999998 0.3044 0.21242187499999998 0.3144 0.2109203125 0.3174 0.20882031250000002 0.3254 0.2013203125 0.3316 0.18871875 0.3308 0.18511875 0.32639999999999997 0.18061875 0.302759375 0.18061875 0.2982 0.1791171875 0.2968 0.1731171875 0.2952 0.153915625 0.294 0.149415625 0.2934 0.1383140625 0.29100000000000004 0.1308125 0.2902 0.1227125 0.2864 0.1152109375 0.2826 0.11071093750000001 0.2682 0.10531093750000001 0.252 0.1044109375 0.2424 0.100809375 0.22759999999999997 0.099909375 0.21960000000000002 0.10110937499999999 0.2042 0.10801093749999999 0.2016 0.11071093750000001 0.197 0.1191125 0.1946 0.1263125 0.194 0.1383140625 0.1898 0.157815625 0.18839999999999998 0.1719171875 0.1888 0.18151875 0.18460000000000001 0.19441875 0.1732 0.19531875 0.15660000000000002 0.1995203125 0.1532 0.2010203125 0.1524 0.20282031250000002 0.1522 0.2049203125 0.15940000000000001 0.2091203125 0.1722 0.21212187500000002 0.21459999999999999 0.211521875 0.2234 0.2091203125 0.2294 0.20942031249999998 0.2324 0.2109203125 0.24380000000000002 0.20792031249999998 0.268 0.2073203125 0.2954 0.20882031250000002
1 0.2678 0.4518453125 0.2794 0.4473453125 0.28700000000000003 0.44254375 0.2922 0.43654374999999995 0.30019999999999997 0.42394218749999996 0.30619999999999997 0.4197421875 0.3083328125 0.41024062499999997 0.3114 0.405040625 0.3166 0.3873390625 0.3162 0.3804375 0.312 0.3690375 0.2944 0.344134375 0.2846 0.3339328125 0.2806 0.3267328125 0.26739999999999997 0.31353125 0.2528 0.3009296875 0.2472 0.29462968749999996 0.2298 0.281728125 0.22080000000000002 0.276628125 0.1998 0.2730265625 0.185 0.2724265625 0.1658 0.279628125 0.1558 0.286228125 0.1392 0.3027296875 0.131 0.31353125 0.1216 0.3303328125 0.1182 0.340534375 0.1156 0.345334375 0.11339999999999999 0.3531359375 0.1116 0.36093593749999997 0.11080000000000001 0.3717375 0.11100000000000002 0.3852390625 0.1102 0.3930390625 0.11140000000000001 0.42064218750000004 0.11299999999999999 0.4278421875 0.1152 0.43054375 0.124 0.42574218750000004 0.14479999999999998 0.42604218749999995 0.186 0.43174375 0.262 0.4527453125 0.2678 0.4518453125
2 0.8220000000000001 0.3222328125 0.8253999999999999 0.31653125000000004 0.8278000000000001 0.30693125 0.8295999999999999 0.30483125 0.8380000000000001 0.30513124999999997 0.8417999999999999 0.31023125 0.842 0.31413125000000003 0.8458 0.3240328125 0.8478 0.336034375 0.8480000000000001 0.34233437499999997 0.8455999999999999 0.3582359375 0.8464 0.3573359375 0.8492000000000001 0.3612359375 0.8534 0.3618359375 0.8564 0.34338437499999996 0.8573999999999999 0.339934375 0.8593999999999999 0.337834375 0.8582000000000001 0.3321328125 0.8587999999999999 0.3300328125 0.8564 0.3267328125 0.8548 0.31773125 0.8507999999999999 0.30963124999999997 0.8462 0.2949296875 0.8416 0.2892296875 0.8390000000000001 0.288628125 0.826 0.288628125 0.8202 0.2931296875 0.8140000000000001 0.3030296875 0.8099999999999999 0.31323124999999996 0.8019999999999999 0.32583281249999996 0.8018000000000001 0.3345328125 0.7996000000000001 0.34173437500000003 0.8026 0.35493593749999997 0.8116 0.3537359375 0.8162 0.35133437500000003 0.8183999999999999 0.34773437500000004 0.819 0.345334375 0.8182 0.341134375 0.8206 0.3270328125 0.8220000000000001 0.3222328125
3 0.7856 0.5388531249999999 0.7868 0.5448546875 0.7896 0.5469546875 0.7918000000000001 0.5526546875 0.8005328125 0.56545625 0.8160000000000001 0.5961593749999999 0.8332 0.6345640625 0.8378 0.6468640625 0.8416 0.6450640625 0.8460000000000001 0.6231625000000001 0.8464 0.6072609375 0.8438000000000001 0.586859375 0.8423999999999999 0.5640562499999999 0.8408 0.55955625 0.8416 0.55715625 0.8408 0.5532546875000001 0.8413999999999999 0.5442546875 0.8390000000000001 0.528053125 0.8382 0.5136515625 0.8375999999999999 0.466846875 0.8366 0.4497453125 0.837 0.43504375 0.834 0.4242421875 0.8337999999999999 0.41734218749999996 0.8343999999999999 0.4146421875 0.8417999999999999 0.402040625 0.8444 0.3924390625 0.8496 0.3804375 0.85 0.3726375 0.8486 0.3693375 0.851 0.337534375 0.8525 0.3286828125 0.8538 0.3261328125 0.8512000000000001 0.31413125000000003 0.8488 0.31143125 0.8444 0.2949296875 0.8416 0.2913296875 0.8380000000000001 0.28982968750000004 0.826 0.28982968750000004 0.82 0.29462968749999996 0.8150000000000001 0.3030296875 0.8122 0.31143125 0.8036 0.3261328125 0.8032 0.3336328125 0.8008 0.341134375 0.8009999999999999 0.346834375 0.799 0.35433593750000003 0.7974 0.35583593750000003 0.7968 0.3591359375 0.7948000000000001 0.3606359375 0.786 0.3798375 0.7824 0.3840390625 0.7817999999999999 0.3873390625 0.7822 0.3930390625 0.7796000000000001 0.400240625 0.7794 0.40384062500000006 0.7664 0.44134375 0.7678 0.4539453125 0.772 0.46654687499999997 0.7742 0.46924687499999995 0.7752 0.49955 0.7727999999999999 0.50195 0.7722 0.50585 0.7744 0.5091515625 0.7828 0.5172515625 0.7854 0.525953125 0.7856 0.5388531249999999
3 0.1542 0.19861875 0.1544 0.2025203125 0.1584 0.2064203125 0.16140000000000002 0.20762031250000001 0.1692 0.20942031249999998 0.17726718749999998 0.2097203125 0.18784218749999998 0.2264796875 0.18090937499999998 0.2512859375 0.1902421875 0.2722953125 0.2206 0.2691265625 0.22280000000000003 0.2697265625 0.2234 0.2724265625 0.2264 0.2766265625 0.2306 0.2781265625 0.23559999999999998 0.281128125 0.2392 0.285028125 0.24780000000000002 0.289228125 0.24900000000000003 0.292228125 0.255 0.30002968750000003 0.2616 0.3045296875 0.26539999999999997 0.3090296875 0.2696 0.31203125 0.2732 0.31683125 0.281 0.32253125 0.2832 0.3270328125 0.2852 0.3279328125 0.2868 0.3315328125 0.2964 0.342034375 0.2984 0.347134375 0.30179999999999996 0.350134375 0.309 0.3624359375 0.3128 0.3666359375 0.31520000000000004 0.3720359375 0.317 0.37953749999999997 0.3174 0.38613749999999997 0.3136 0.4014390625 0.3144 0.40293906249999994 0.3362 0.4035390625 0.3424 0.40564062500000003 0.3498 0.413740625 0.3516 0.419140625 0.3566 0.42844218749999996 0.3598 0.43684375 0.3612 0.44404374999999996 0.3612 0.44854374999999996 0.365 0.4563453125 0.3688 0.4581453125 0.377 0.45904531249999997 0.38079999999999997 0.46114531249999996 0.3868 0.467746875 0.389 0.47164687499999997 0.3926 0.47254687500000003 0.39540000000000003 0.469846875 0.4 0.4605453125 0.40140000000000003 0.45574531250000005 0.4008 0.44434375 0.39740000000000003 0.43654374999999995 0.3944 0.4320421875 0.3906 0.42064218750000004 0.3872 0.41524062500000003 0.38639999999999997 0.40564062500000003 0.383 0.4011390625 0.3812 0.3936390625 0.376 0.3840375 0.38180000000000003 0.3705359375 0.3832 0.354034375 0.3826 0.346534375 0.38039999999999996 0.3357328125 0.37839999999999996 0.3084296875 0.3748 0.293128125 0.37 0.280228125 0.365 0.2709265625 0.36219999999999997 0.2685265625 0.3572 0.261025 0.3464 0.253225 0.3418 0.2445234375 0.3366 0.2394234375 0.3324 0.231921875 0.3278 0.22652187499999998 0.3234 0.2166203125 0.319 0.2157203125 0.31579999999999997 0.21212031250000002 0.3164 0.2085203125 0.3186 0.2049203125 0.32080000000000003 0.20192031250000003 0.3252 0.19921875 0.3302 0.19081874999999998 0.3316 0.18721875 0.3318 0.1830171875 0.3282 0.1791171875 0.325 0.17791718750000002 0.2982 0.17821718749999998 0.2968 0.1716171875 0.296 0.15931562500000002 0.2932 0.14101406249999998 0.2932 0.1359125 0.2908 0.12811250000000002 0.2902 0.12271093749999999 0.28500000000000003 0.1128109375 0.2804 0.107409375 0.2682 0.103209375 0.2528 0.102309375 0.2444 0.099009375 0.2298 0.097809375 0.2186 0.099309375 0.20400000000000001 0.105909375 0.2016 0.10861093749999999 0.1972 0.1170109375 0.1948 0.1245125 0.194 0.13651249999999998 0.1896 0.159015625 0.1886 0.169515625 0.1888 0.1791171875 0.18660000000000002 0.18901874999999999 0.1832 0.19261875 0.1728 0.19351875000000002 0.1542 0.19861875
3 0.0546 0.6789671875 0.0524 0.68196875 0.051000000000000004 0.69336875 0.0852 0.9816984375000001 0.0852 0.9861984375 0.0836 0.994 0.091 0.9970000000000001 0.0994 0.9945999999999999 0.10553281249999999 0.9943 0.1116 0.9952 0.11539999999999999 0.9973000000000001 0.127 0.9945999999999999 0.1356 0.9952 0.1384 0.9964000000000001 0.15460000000000002 0.9970000000000001 0.1644 0.9961 0.2102 0.9997 0.4034 0.9997 0.40599999999999997 0.9945999999999999 0.4044 0.9891984375 0.3982 0.9828984374999999 0.397 0.9783984374999999 0.3934 0.974496875 0.3928 0.970896875 0.3888 0.966696875 0.3886 0.9603953125 0.3826 0.9480953124999999 0.3798 0.9381937499999999 0.38079999999999997 0.9156921875 0.379 0.9147921875 0.37879999999999997 0.910290625 0.38079999999999997 0.904590625 0.38 0.8948390625 0.38039999999999996 0.8916890625 0.382 0.8883890624999999 0.383 0.8805875000000001 0.382 0.8718875 0.384 0.8652859375 0.384 0.8613859375 0.3852 0.8574859375000001 0.3852 0.8526859375000001 0.38639999999999997 0.848184375 0.3862 0.839484375 0.385 0.8358828125000001 0.383 0.8337828125 0.3828 0.8298828125 0.3812 0.8268828125000001 0.38079999999999997 0.8208828125000001 0.379 0.81938125 0.3766 0.81458125 0.3754 0.7971796875 0.373 0.7905796875 0.3684 0.783378125 0.3684 0.775278125 0.3704 0.7713765625 0.371 0.7635765625000001 0.365 0.753675 0.3608 0.751875 0.3588 0.747675 0.3574 0.7398734375 0.3552 0.7404734375 0.35419999999999996 0.742575 0.3528 0.7407734375 0.35019999999999996 0.7287734375 0.34500000000000003 0.715271875 0.3438 0.6984703125 0.34540000000000004 0.68916875 0.3488 0.68616875 0.36019999999999996 0.68526875 0.36960000000000004 0.68646875 0.37320000000000003 0.6846687499999999 0.37679999999999997 0.68706875 0.3874 0.6867687499999999 0.3916 0.68826875 0.4034 0.6885687500000001 0.409 0.7029703125 0.4142 0.7056703125 0.41459999999999997 0.7086703125 0.41580000000000006 0.7101703125000001 0.42060000000000003 0.7098703125 0.422 0.7116718750000001 0.4236 0.717371875 0.425 0.716771875 0.4264 0.713171875 0.4298 0.7086703125 0.4314 0.6993703124999999 0.4344 0.69336875 0.4372 0.68436875 0.4384 0.6777671875 0.43739999999999996 0.6735671875 0.4408 0.6696671875 0.4412 0.6645671875 0.4434 0.661865625 0.4444 0.6459640624999999 0.44400000000000006 0.6303625 0.4426 0.6231625000000001 0.4426 0.6162609375 0.441 0.6114609375 0.4412 0.6069609375 0.43879999999999997 0.5979593750000001 0.4372 0.56435625 0.4354 0.5538546875 0.42800000000000005 0.532853125 0.42919999999999997 0.529553125 0.4288 0.524453125 0.42939999999999995 0.5202515625 0.4274 0.5130515625000001 0.42460000000000003 0.5097515625 0.4112 0.50255 0.3574 0.43954375 0.355 0.43534375000000003 0.3544 0.43144375 0.34940000000000004 0.4233421875 0.3448 0.4203421875 0.3442 0.4158421875 0.3416 0.41104062499999994 0.3368 0.40804062500000005 0.31861875 0.40804062500000005 0.3126 0.410740625 0.311 0.408340625 0.31120000000000003 0.404140625 0.3136 0.3963390625 0.3134 0.3846390625 0.3146 0.3807375 0.3124 0.37353749999999997 0.3106 0.3690375 0.3004 0.3534359375 0.2982 0.3516359375 0.2948 0.345934375 0.2894 0.34173437500000003 0.2874 0.337834375 0.2842 0.33513281250000004 0.279 0.3261328125 0.26739999999999997 0.31473125 0.2602 0.30993125 0.2408 0.29102968749999997 0.2324 0.284728125 0.20579999999999998 0.275128125 0.18839999999999998 0.274228125 0.1814 0.276328125 0.1766671875 0.279628125 0.16599999999999998 0.281128125 0.158 0.286228125 0.15560000000000002 0.2904296875 0.1554 0.2955296875 0.1484 0.2973296875 0.1416 0.3033296875 0.1392 0.30663125 0.13879999999999998 0.30873125 0.1328 0.31293125 0.125 0.3276328125 0.1234 0.3339328125 0.1234 0.344134375 0.12 0.348334375 0.1202 0.3516359375 0.11839999999999999 0.35703593749999996 0.11479999999999999 0.3612359375 0.11240000000000001 0.3726375 0.1132 0.37893750000000004 0.11180000000000001 0.3888390625 0.1132 0.3924390625 0.11200000000000002 0.404140625 0.11399999999999999 0.408340625 0.11359999999999999 0.41614218750000004 0.11499999999999999 0.4197421875 0.12 0.4230421875 0.11979999999999999 0.4251421875 0.1166 0.43084375 0.11220000000000001 0.44434375 0.10980000000000001 0.4464453125 0.1076 0.44464375 0.1034 0.44434375 0.0996 0.44914531249999995 0.096 0.45124531250000005 0.09519999999999999 0.4596453125 0.0916 0.461146875 0.089 0.467746875 0.0866 0.470746875 0.0876 0.474046875 0.0916 0.474346875 0.093 0.4782484375 0.0918 0.4833484375 0.0868 0.49265 0.0848 0.5112515625 0.08265 0.5148515625 0.0764 0.5151515625 0.07139999999999999 0.5169515625 0.06860000000000001 0.5208515625000001 0.0646 0.524153125 0.062 0.536453125 0.0638 0.56915625 0.0648 0.5757578125 0.0668 0.5799578125 0.0688 0.596759375 0.0648 0.6075609375 0.0638 0.6144609375 0.0636 0.6390640624999999 0.0626 0.6483640625 0.05620000000000001 0.6699671875 0.0546 0.6789671875
1 0 0.2994296875 0.0068000000000000005 0.2988296875 0.0038 0.2967296875 0.0038 0.2940296875 0.0056 0.2928296875 0.0098 0.2928296875 0.013000000000000001 0.29462968749999996 0.014000000000000002 0.2970296875 0.0214 0.2985296875 0.022600000000000002 0.2967296875 0.024 0.2907296875 0.024399999999999998 0.27842812499999997 0.0206 0.25982656249999997 0.019200000000000002 0.255625 0.014000000000000002 0.24782500000000002 0.0092 0.245425 0.0036 0.24452500000000002 0 0.24452500000000002 0 0.2994296875
3 0.0810671875 0.93829375 0.0852671875 0.93829375 0.0886671875 0.93649375 0.0900671875 0.9337937500000001 0.0938671875 0.93079375 0.09526718749999999 0.9229921875 0.0932671875 0.914890625 0.0882671875 0.907090625 0.0838671875 0.9034906250000001 0.0808671875 0.8977890625 0.07106718749999999 0.8644859374999999 0.06586718750000001 0.81588125 0.0654671875 0.7960796875 0.0622671875 0.7666765625 0.061067187499999995 0.7108703125 0.060067187499999994 0.7045703125 0.057067187500000005 0.7027703125 0.0822671875 0.4591453125 0.0848671875 0.4579453125 0.0864671875 0.4546453125 0.08666718749999999 0.4495453125 0.0888671875 0.4474453125 0.09106718750000001 0.43844374999999997 0.0942671875 0.43334374999999997 0.09446718750000001 0.4264421875 0.0926671875 0.41564218750000004 0.08666718749999999 0.400340625 0.0848671875 0.3859390625 0.08186718750000001 0.38053750000000003 0.0802671875 0.3754375 0.0664671875 0.3586359375 0.058867187499999994 0.352034375 0.0457265625 0.34011562500000003 0.04359375 0.30650625 0.023862500000000002 0.2907015625 0.0194671875 0.255425 0.012867187499999998 0.247025 0.0066671875 0.244625 0.0010671875 0.244625 0.0010671875 0.9532953125000001 0.0038671875 0.9535953125000001 0.007267187499999999 0.9535953125000001 0.014667187500000001 0.9496953124999999 0.030867187499999997 0.94609375 0.054667187500000006 0.9379937500000001 0.0654671875 0.93769375 0.0768671875 0.9352937499999999 0.0810671875 0.93829375
3 0.8924 0.350134375 0.8942 0.35703593749999996 0.8964000000000001 0.3606359375 0.8984 0.3618359375 0.901 0.3669359375 0.9019999999999999 0.37293750000000003 0.9036 0.3768375 0.9028 0.38163749999999996 0.8984 0.3846390625 0.8954000000000001 0.3885390625 0.8896000000000001 0.39213906249999997 0.8872 0.3969390625 0.8836 0.400240625 0.882 0.406240625 0.8805999999999999 0.40804062500000005 0.8804000000000001 0.412840625 0.8789999999999999 0.4179421875 0.8766 0.4191421875 0.8724000000000001 0.4146421875 0.868 0.4158421875 0.8656 0.4197421875 0.8678000000000001 0.4278421875 0.8752000000000001 0.43684375 0.874 0.43954375 0.8747999999999999 0.44284375000000004 0.8742000000000001 0.4485453125 0.8754 0.45454531249999997 0.8736 0.468646875 0.8714000000000001 0.47044687500000004 0.8710000000000001 0.49565000000000003 0.8714000000000001 0.49775 0.873 0.49955 0.8768 0.50135 0.8802 0.5097515625 0.8804000000000001 0.5133515625 0.8821999999999999 0.5184515625 0.8842000000000001 0.537053125 0.8837999999999999 0.5457546875 0.8858 0.55475625 0.8868 0.5763578125000001 0.8880000000000001 0.5796578125 0.8880000000000001 0.588059375 0.8888 0.591659375 0.8892 0.6042609375 0.889 0.6081609375 0.8874000000000001 0.6111609375 0.8876 0.6204625 0.8888 0.6303625 0.893 0.6309625 0.8986000000000001 0.6261625000000001 0.9099999999999999 0.6204625 0.9273999999999999 0.6153609375 0.9346 0.6117609374999999 0.9391999999999999 0.6111609375 0.9366 0.595559375 0.9332 0.5841578125 0.9308 0.5703578125 0.9304 0.5511546875 0.9284000000000001 0.526253125 0.9286 0.5172515625 0.9296 0.5097515625 0.9321999999999999 0.50105 0.9432 0.48094843750000005 0.9448000000000001 0.47164687499999997 0.9471999999999999 0.46654687499999997 0.9496 0.4503453125 0.952 0.44374375 0.9522 0.43924375 0.951 0.43714375 0.9488 0.43594375 0.9486000000000001 0.43324375000000004 0.9507999999999999 0.42364218749999993 0.95 0.41944218749999995 0.9526 0.41104062499999994 0.9518000000000001 0.40144062500000005 0.9522 0.3945390625 0.951 0.3873390625 0.9484 0.3843390625 0.9471999999999999 0.3762375 0.9444000000000001 0.37353749999999997 0.9432 0.3678375 0.9388 0.3693375 0.9364000000000001 0.3669359375 0.9314 0.3666359375 0.9279999999999999 0.3618359375 0.9224 0.3564359375 0.922 0.3552359375 0.924 0.341134375 0.9221999999999999 0.338134375 0.9234 0.336634375 0.9266 0.3357328125 0.9273999999999999 0.3333328125 0.9216 0.3300328125 0.9204000000000001 0.3276328125 0.9166000000000001 0.3270328125 0.9146000000000001 0.3249328125 0.913 0.32013125 0.9119999999999999 0.31263125 0.9098 0.30963124999999997 0.9071999999999999 0.30813125 0.9067999999999999 0.3027296875 0.9042 0.2994296875 0.9032 0.3009296875 0.8964000000000001 0.3045296875 0.889 0.31263125 0.8817999999999999 0.31803125 0.8800000000000001 0.3219328125 0.8800000000000001 0.32583281249999996 0.8808 0.3270328125 0.8855999999999999 0.3270328125 0.8886 0.3294328125 0.891 0.32973281249999997 0.8922000000000001 0.3339328125 0.8944000000000001 0.336634375 0.8954000000000001 0.342034375 0.8924 0.345034375 0.8924 0.350134375
2 0.922 0.3534359375 0.9228 0.3585359375 0.933 0.3690375 0.9384 0.37083750000000004 0.9461999999999999 0.3702375 0.9465999999999999 0.3612359375 0.9458 0.3573359375 0.942 0.349234375 0.9376 0.3348328125 0.9356 0.3219328125 0.9334 0.31353125 0.9276 0.30002968750000003 0.9198000000000001 0.2928296875 0.9082000000000001 0.2952296875 0.9038 0.2985296875 0.9022 0.30152968750000003 0.8996000000000001 0.3027296875 0.9048 0.3042296875 0.9077999999999999 0.30903125 0.9102 0.31083125 0.9146000000000001 0.3228328125 0.9202 0.3321328125 0.921 0.340234375 0.9202 0.349534375 0.922 0.3534359375
3 0.4276 0.4563453125 0.42779999999999996 0.4602453125 0.4266 0.46084531249999994 0.42619999999999997 0.463246875 0.42699999999999994 0.465346875 0.4288 0.46654687499999997 0.42800000000000005 0.47044687500000004 0.42460000000000003 0.474346875 0.4242 0.4782484375 0.4196 0.4857484375 0.4184 0.49535 0.41900000000000004 0.49775 0.4236 0.49924999999999997 0.4274 0.50255 0.4316 0.5106515625 0.4328 0.5226515625 0.4314 0.5286531250000001 0.4316 0.537053125 0.4326 0.537953125 0.43579999999999997 0.5478546875 0.43879999999999997 0.5607562500000001 0.4424 0.589559375 0.44539999999999996 0.598859375 0.44539999999999996 0.6078609375 0.4474 0.6237625 0.4492 0.6228625 0.45119999999999993 0.6192624999999999 0.45099999999999996 0.6150609375 0.4518 0.6123609375 0.45499999999999996 0.6081609375 0.45439999999999997 0.6036609375 0.4548 0.596459375 0.4566 0.588659375 0.45899999999999996 0.5859593750000001 0.4608 0.5790578125 0.4662 0.56795625 0.4662 0.55925625 0.46180000000000004 0.5505546875 0.462 0.5409546875 0.465 0.538553125 0.4688 0.532853125 0.4726 0.530153125 0.4732 0.5247531249999999 0.4746 0.5232515624999999 0.4756 0.5196515625 0.481 0.49385 0.48360000000000003 0.48634843749999995 0.48419999999999996 0.47884843750000006 0.487 0.466846875 0.4866 0.4503453125 0.4838 0.4269421875 0.4816 0.41614218750000004 0.481 0.400840625 0.4812 0.3912390625 0.4856 0.37293750000000003 0.4814 0.37083750000000004 0.47859999999999997 0.3660359375 0.47640000000000005 0.3597359375 0.4784 0.3576359375 0.4808 0.35703593749999996 0.47919999999999996 0.35223593750000004 0.4798 0.3354328125 0.4784 0.31623125 0.4788 0.31353125 0.4826 0.31053125000000004 0.484 0.30663125 0.4822 0.28802812499999997 0.4798 0.28532812500000004 0.471 0.284428125 0.4668 0.28532812500000004 0.465 0.286828125 0.4586 0.2970296875 0.45499999999999996 0.30813125 0.4542 0.31593125 0.4546 0.32313281250000003 0.453 0.3285328125 0.44699999999999995 0.32913281250000004 0.4364 0.3279328125 0.4304 0.3300328125 0.42000000000000004 0.337534375 0.41500000000000004 0.348634375 0.4144 0.35223593750000004 0.41479999999999995 0.3651359375 0.41859999999999997 0.3696375 0.4168 0.3807375 0.4196 0.3846390625 0.42119999999999996 0.40564062500000003 0.4242 0.4146421875 0.4184 0.43924375 0.4182 0.4476453125 0.4232 0.45364531250000006 0.4276 0.4563453125
2 0.48040000000000005 0.31053125000000004 0.4808 0.30603125000000003 0.4798 0.2997296875 0.4808 0.2934296875 0.4822 0.29102968749999997 0.48179999999999995 0.286828125 0.47939999999999994 0.28532812500000004 0.4744 0.285628125 0.4704 0.283228125 0.4636 0.287128125 0.4588 0.29462968749999996 0.454 0.31323124999999996 0.454 0.32583281249999996 0.45499999999999996 0.3276328125 0.4582 0.3288328125 0.46719999999999995 0.3285328125 0.4686 0.3261328125 0.4686 0.3216328125 0.4706 0.31683125 0.4734 0.31503125 0.4782 0.31443125 0.48040000000000005 0.31053125000000004
3 0.1212 0.3267328125 0.12079999999999999 0.3243328125 0.1166 0.31833125 0.10880000000000001 0.31413125000000003 0.0996 0.31353125 0.09559999999999999 0.31533125 0.0918 0.31503125 0.0878 0.31773125 0.08399999999999999 0.3234328125 0.0832 0.3261328125 0.08080000000000001 0.3588359375 0.0786 0.3651359375 0.0786 0.3699375 0.0954 0.43204374999999995 0.1034 0.43804375 0.1076 0.43804375 0.11200000000000002 0.43174375 0.1096 0.40564062500000003 0.1106 0.3633359375 0.11339999999999999 0.348934375 0.11979999999999999 0.3339328125 0.1212 0.3267328125
2 0.123 0.3222328125 0.11879999999999999 0.31773125 0.11140000000000001 0.31293125 0.0954 0.31263125 0.0918 0.31383125 0.0854 0.31923124999999997 0.08199999999999999 0.3261328125 0.08080000000000001 0.3339328125 0.081 0.343234375 0.08399999999999999 0.346534375 0.0892 0.344134375 0.0996 0.3279328125 0.1028 0.32583281249999996 0.11120000000000001 0.3267328125 0.119 0.3345328125 0.12179999999999999 0.32973281249999997 0.12179999999999999 0.3255328125 0.123 0.3222328125