1 0.1796875 0.5546875 0.21875 0.5546875 0.21875 0.4234375 0.1796875 0.4234375 0.1796875 0.5546875
3 0 0.7562859375000001 0.0028578125 0.7601625000000001 0.0025 0.7717140625 0.0042859375 0.782571875 0.0025 0.8171421875 0.0025 0.9517140625 0.003928124999999999 0.966571875 0.008571875 0.966571875 0.007142187499999999 0.9645718750000001 0.018571874999999998 0.9531421874999999 0.026428125000000004 0.953428125 0.029285937499999998 0.9548578125 0.0328578125 0.953428125 0.042857812499999995 0.9531421874999999 0.0471421875 0.9557140625 0.0471421875 0.9591421875 0.048571875 0.960571875 0.0503578125 0.9591421875 0.05500000000000001 0.9591421875 0.0571421875 0.9602859374999999 0.058571874999999995 0.9588578125 0.0621421875 0.9588578125 0.0642859375 0.96 0.0653578125 0.9577140625 0.0746421875 0.9557140625 0.0771421875 0.9568578125 0.0782140625 0.960571875 0.08214218749999999 0.9617140624999999 0.0828578125 0.9642859375 0.08499999999999999 0.9637140625 0.08607187499999999 0.9608578124999999 0.0892859375 0.9608578124999999 0.0907140625 0.9634281250000001 0.093928125 0.9645718750000001 0.095 0.968 0.0967859375 0.967428125 0.0982140625 0.9640000000000001 0.10071406249999999 0.9631421874999999 0.10142812500000001 0.960571875 0.1071421875 0.9637140625 0.10857187500000001 0.9631421874999999 0.1107140625 0.968 0.11321406249999999 0.966571875 0.138928125 0.9645718750000001 0.13999999999999999 0.9631421874999999 0.14714218750000002 0.9637140625 0.151428125 0.960571875 0.1528578125 0.9548578125 0.1603578125 0.9511421875 0.1625 0.9377140624999999 0.163928125 0.9354281249999999 0.16535781249999998 0.9277140625 0.16464218749999998 0.9157140625 0.1675 0.9119999999999999 0.16535781249999998 0.906571875 0.17214218750000002 0.8811421875000001 0.173928125 0.8608578124999999 0.1753578125 0.857428125 0.1767859375 0.8140000000000001 0.1732140625 0.807428125 0.1746421875 0.8042859375000001 0.1746421875 0.798571875 0.1678578125 0.7908578125 0.16642812499999998 0.7774281249999999 0.1621421875 0.772 0.1582140625 0.772571875 0.1571421875 0.770571875 0.1575 0.7548578125 0.156071875 0.7508578124999999 0.153571875 0.7497140625000001 0.15 0.744 0.1528578125 0.7382859374999999 0.156071875 0.7371421875 0.156071875 0.7348578125 0.1532140625 0.7312859375 0.1532140625 0.7282859375 0.158928125 0.725428125 0.1596421875 0.724 0.1642859375 0.7228578125 0.1657140625 0.726571875 0.16642812499999998 0.7151421874999999 0.166071875 0.712571875 0.16321406249999998 0.709428125 0.1625 0.6980000000000001 0.158928125 0.6848578125 0.156071875 0.6817140625 0.1557140625 0.6777140625 0.153571875 0.6748578125 0.15 0.674 0.148571875 0.671428125 0.14571406250000002 0.6711421875 0.14714218750000002 0.658571875 0.1417859375 0.650571875 0.141071875 0.6417140625 0.14571406250000002 0.6388578125000001 0.1467859375 0.634571875 0.1357140625 0.6002859375 0.138571875 0.5980000000000001 0.1396421875 0.5942859375 0.143571875 0.5917140625 0.14285781250000001 0.5871421875 0.146428125 0.5842859375 0.1557140625 0.5837140625 0.1582140625 0.585428125 0.168928125 0.5848578125 0.171071875 0.5837140625 0.171071875 0.5791421875 0.166071875 0.576 0.166071875 0.5694281250000001 0.16999999999999998 0.5654281250000001 0.16964218749999999 0.5637140625 0.16678593749999998 0.5657140625 0.1621421875 0.563428125 0.1582140625 0.5648578125 0.1532140625 0.564 0.1503578125 0.5654281250000001 0.1482140625 0.5631421875 0.14250000000000002 0.5608578125 0.146428125 0.5491421875 0.14571406250000002 0.544571875 0.14428593750000002 0.5434281249999999 0.138571875 0.5428578125 0.136071875 0.5408578125 0.1353578125 0.536571875 0.1321421875 0.5317140625000001 0.1346421875 0.40428593749999997 0.1325 0.4028578125 0.1303578125 0.39828593749999996 0.1246421875 0.3968578125 0.12392812499999999 0.392 0.126071875 0.38714218749999996 0.1246421875 0.3768578125 0.1232140625 0.3751421875 0.116428125 0.3757140625 0.111071875 0.3782859375 0.1092859375 0.384571875 0.10357187500000001 0.385428125 0.10142812500000001 0.372571875 0.10285781249999999 0.368 0.1075 0.3631421875 0.1078578125 0.36085781250000004 0.10142812500000001 0.35371406250000004 0.0882140625 0.3482859375 0.0732140625 0.34742812500000003 0.05785781250000001 0.34857187500000003 0.05 0.352571875 0.041071875 0.353428125 0.028928125 0.364 0.016428125 0.40114218749999997 0.014285937500000002 0.404 0.0146421875 0.41200000000000003 0.018928125 0.41571406250000004 0.0242859375 0.4422859375 0.028928125 0.44685781249999995 0.0317859375 0.45999999999999996 0.0367859375 0.4622859375 0.038928125 0.46514218749999997 0.038571875 0.470571875 0.041785937499999995 0.476 0.040714062499999995 0.48228593750000004 0.0446421875 0.48600000000000004 0.049642187500000004 0.497428125 0.054285937500000006 0.5022859375000001 0.055357812500000006 0.5062859375000001 0.0471421875 0.5137140625 0.045 0.5222859375 0.041428124999999996 0.5251421875 0.0382140625 0.537428125 0.017499999999999998 0.552571875 0.013928125 0.5497140625 0.013214062500000002 0.5502859375 0.0107140625 0.564 0.0125 0.576 0.009285937499999999 0.5877140625 0.011071875 0.6102859375 0.0067859375 0.6228578125 0.003571875 0.6268578125000001 0.0032140625 0.6622859375 0.0046421875000000005 0.67 0.006428125 0.672571875 0.0067859375 0.6827140625 0.0021421875 0.6897140625 0 0.6900000000000001 0 0.709428125 0.0017859375 0.709428125 0.0025 0.7111421874999999 0.0025 0.7154281250000001 0 0.7202859375 0 0.7562859375000001
1 0.041071875 0.464571875 0.045 0.47371406250000003 0.040714062499999995 0.48228593750000004 0.0432140625 0.4837140625 0.0446421875 0.486571875 0.05 0.48228593750000004 0.11892812500000001 0.49800000000000005 0.1217859375 0.48885781250000004 0.1307140625 0.487428125 0.1353578125 0.484 0.141071875 0.48228593750000004 0.1446421875 0.47828593750000004 0.14571406250000002 0.474571875 0.14285781250000001 0.44742812499999995 0.13999999999999999 0.43942812499999995 0.1392859375 0.4151421875 0.1378578125 0.40800000000000003 0.1325 0.3968578125 0.14285781250000001 0.3722859375 0.14285781250000001 0.3651421875 0.138571875 0.3571421875 0.1307140625 0.352571875 0.1196421875 0.3511421875 0.11499999999999999 0.35285781250000003 0.1128578125 0.35685781250000004 0.10964218750000002 0.3571421875 0.1042859375 0.355428125 0.101071875 0.352571875 0.0871421875 0.34771406250000003 0.0746421875 0.34685781250000003 0.06 0.34771406250000003 0.0467859375 0.3522859375 0.04 0.353428125 0.0353578125 0.358571875 0.029285937499999998 0.362571875 0.0242859375 0.3728578125 0.021071875 0.38828593749999996 0.017499999999999998 0.39628593749999996 0.017499999999999998 0.40057187499999997 0.013571875 0.40800000000000003 0.015357812500000002 0.41200000000000003 0.018928125 0.41542812500000004 0.0232140625 0.44285781249999995 0.027500000000000004 0.44771406249999995 0.0317859375 0.4591421875 0.041071875 0.464571875
3 0.1732140625 0.48228593750000004 0.1782140625 0.48228593750000004 0.1882140625 0.485428125 0.1903578125 0.49000000000000005 0.1892859375 0.49371406249999994 0.186071875 0.4962859375 0.18 0.49685781249999994 0.178928125 0.5017140625 0.181428125 0.507428125 0.183571875 0.506571875 0.183928125 0.5051421875 0.1892859375 0.508 0.191071875 0.5062859375000001 0.191071875 0.503428125 0.1971421875 0.5011421875 0.2003578125 0.5048578125 0.2028578125 0.5028578125000001 0.20249999999999999 0.499428125 0.2 0.49771406249999994 0.1996421875 0.4877140625 0.20142812499999999 0.47771406250000004 0.2 0.47514218750000003 0.20071406249999998 0.470571875 0.1982140625 0.46714218750000003 0.1996421875 0.4571421875 0.19892812499999998 0.45085781249999995 0.2071421875 0.441428125 0.21392812499999997 0.4368578125 0.21535781250000002 0.43142812499999994 0.2096421875 0.41542812500000004 0.2 0.4097140625 0.188928125 0.4091421875 0.1821421875 0.41171406250000003 0.1728578125 0.424571875 0.17250000000000001 0.43571406250000005 0.1753578125 0.43971406249999995 0.1767859375 0.4462859375 0.181428125 0.45171406249999996 0.18 0.4602859375 0.1803578125 0.46742812499999997 0.1817859375 0.46971406250000003 0.1792859375 0.4771421875 0.1757140625 0.47828593750000004 0.1732140625 0.48228593750000004
3 0.1967859375 0.575428125 0.195 0.592 0.186428125 0.6008578124999999 0.1842859375 0.6008578124999999 0.181428125 0.597428125 0.1807140625 0.599428125 0.183928125 0.622 0.1792859375 0.6291421875000001 0.1782140625 0.634571875 0.181071875 0.6382859375 0.1796421875 0.6437140625 0.1807140625 0.654 0.1817859375 0.654571875 0.1828578125 0.650571875 0.1853578125 0.649428125 0.186071875 0.6417140625 0.1846421875 0.638 0.1892859375 0.630571875 0.1932140625 0.619428125 0.1967859375 0.5957140625 0.201071875 0.589428125 0.203571875 0.5837140625 0.2028578125 0.5797140625 0.20571406250000002 0.576 0.2032140625 0.5731421875 0.203571875 0.570571875 0.21000000000000002 0.563428125 0.21535781250000002 0.560571875 0.216071875 0.552571875 0.21821406250000003 0.5514281249999999 0.218928125 0.548 0.21642812500000003 0.533428125 0.21392812499999997 0.529428125 0.21107187500000002 0.5171421875 0.20214218750000001 0.5119046875000001 0.201071875 0.5071421875000001 0.1982140625 0.508571875 0.1967859375 0.5111421875 0.1982140625 0.5162859375 0.1975 0.5222859375 0.1921421875 0.5251421875 0.1875 0.5228578125000001 0.1871421875 0.517428125 0.185 0.5162859375 0.1828578125 0.5211421875 0.1832140625 0.5257140625 0.1807140625 0.5291421875 0.1882140625 0.5322859375 0.1878578125 0.5368578125 0.191428125 0.5388578125000001 0.193928125 0.5442859375 0.1996421875 0.548571875 0.19892812499999998 0.5577140625 0.1971421875 0.5599999999999999 0.1967859375 0.5694281250000001 0.1982140625 0.5728578125 0.1967859375 0.575428125
1 0.2471421875 0.556571875 0.2557140625 0.5554281249999999 0.2653578125 0.5511421875 0.271428125 0.5391421875 0.2778578125 0.5062859375000001 0.27642812499999997 0.47828593750000004 0.2725 0.4757140625 0.268571875 0.46942812500000003 0.2646421875 0.46828593749999997 0.263571875 0.4631421875 0.2671421875 0.45857187499999996 0.26392812499999996 0.4537140625 0.26392812499999996 0.45085781249999995 0.2517859375 0.438 0.24678593750000002 0.43885781250000006 0.2492859375 0.44371406249999995 0.2471421875 0.44685781249999995 0.24857187500000003 0.4502859375 0.24500000000000002 0.45885781249999996 0.246428125 0.45942812499999997 0.2478578125 0.46342812499999997 0.24142812500000002 0.4771421875 0.2375 0.47828593750000004 0.23857187500000002 0.48171406250000004 0.2371421875 0.4828578125 0.218571875 0.4931421875 0.21464218750000003 0.49771406249999994 0.215 0.502 0.21285781250000002 0.5057140625 0.21392812499999997 0.508 0.2132140625 0.513428125 0.215 0.5162859375 0.218928125 0.5451421875 0.22214218749999998 0.5505718749999999 0.2296421875 0.5545718749999999 0.2421421875 0.5548578125 0.2471421875 0.556571875
3 0.21285781250000002 0.562 0.2103578125 0.5642859375 0.21107187500000002 0.5682859375 0.2078578125 0.572 0.20928593750000002 0.575428125 0.20750000000000002 0.5828578125 0.2003578125 0.5957140625 0.1967859375 0.6208578124999999 0.1932140625 0.63 0.1932140625 0.6368578125 0.188928125 0.6457140625 0.188928125 0.654571875 0.1975 0.655428125 0.19892812499999998 0.654 0.20249999999999999 0.6537140625 0.2028578125 0.6559999999999999 0.205 0.657428125 0.208928125 0.658 0.2096421875 0.6568578125 0.21357187500000002 0.6568578125 0.2171421875 0.6577140625 0.21928593749999997 0.661428125 0.2207140625 0.6731421875 0.22464218749999998 0.6742859375 0.225 0.6717140625 0.2325 0.6677140625 0.23285781249999998 0.665428125 0.2307140625 0.6639999999999999 0.2303578125 0.6617140625 0.23357187499999998 0.658571875 0.2371421875 0.651428125 0.248928125 0.6422859375 0.2492859375 0.6371421875000001 0.2525 0.6311421875 0.2532140625 0.6168578124999999 0.2617859375 0.5991421875 0.2642859375 0.5700000000000001 0.268571875 0.5608578125 0.27214218749999997 0.5317140625000001 0.27821406249999997 0.503428125 0.27749999999999997 0.48171406250000004 0.2803578125 0.47114218750000003 0.27964218750000003 0.4582859375 0.2778578125 0.4551421875 0.268928125 0.453428125 0.26749999999999996 0.45085781249999995 0.2567859375 0.4431421875 0.2571421875 0.4351421875 0.2525 0.43057187499999994 0.2478578125 0.4297140625 0.238928125 0.4302859375 0.228571875 0.4322859375 0.21357187500000002 0.437428125 0.20071406249999998 0.44742812499999995 0.19892812499999998 0.45085781249999995 0.1996421875 0.4591421875 0.1978578125 0.47000000000000003 0.201071875 0.5177140625 0.203571875 0.516571875 0.2107140625 0.516571875 0.21392812499999997 0.520571875 0.21357187500000002 0.5291421875 0.21642812500000003 0.5342859375 0.218571875 0.5528578125 0.216071875 0.556571875 0.2171421875 0.5614281250000001 0.21285781250000002 0.562
3 0.331428125 0.892 0.3325 0.9128578125000001 0.331071875 0.9197140625 0.3325 0.9228578125 0.33357187499999996 0.9348578125 0.328571875 0.9431421875 0.328571875 0.960571875 0.3207140625 0.99 0.32464218749999996 0.9960000000000001 0.328571875 0.998 0.328571875 0.9997140625000001 0.5846421875 0.9997140625000001 0.5878578125 0.994 0.5871421875 0.9885718750000001 0.588571875 0.9822859375 0.591428125 0.9791421874999999 0.5900000000000001 0.966571875 0.5917859375 0.9640000000000001 0.5921421875 0.9402859375 0.6032140625 0.8771421875 0.606428125 0.8728578125 0.616071875 0.8728578125 0.6157140625 0.868571875 0.6121421875 0.8631421874999999 0.6142859374999999 0.8608578124999999 0.6174999999999999 0.86 0.6178578124999999 0.853428125 0.6260718749999999 0.850571875 0.6267859375 0.8517140624999999 0.6303578125 0.8511421875 0.6332140625 0.845428125 0.6325000000000001 0.843428125 0.6307140625 0.8428578124999999 0.625 0.844 0.6246421875 0.841428125 0.6192859375 0.8368578125000001 0.6153578125 0.8380000000000001 0.6103578125 0.8368578125000001 0.6028578125 0.8302859375 0.5992859375 0.825428125 0.5957140625 0.817428125 0.5953578125 0.8134281250000001 0.5992859375 0.8082859375 0.62 0.8105718749999999 0.626428125 0.8122859375000001 0.63 0.8117140624999999 0.6403578125 0.8154281250000001 0.6425 0.8182859375 0.6432140625 0.8151421875 0.6467859375 0.811428125 0.646071875 0.808 0.6475 0.7982859375 0.645 0.79 0.6467859375 0.7702859375 0.6478578125000001 0.7691421875 0.6478578125000001 0.7671421875 0.646428125 0.7662859375 0.6517859374999999 0.646571875 0.653928125 0.6451421875000001 0.6542859375 0.642 0.646071875 0.6402859375000001 0.645 0.6371421875000001 0.6482140625 0.632 0.653928125 0.6317140625000001 0.6542859375 0.626571875 0.6442859375000001 0.6248578124999999 0.638928125 0.619428125 0.6396421875 0.617428125 0.643571875 0.6148578125 0.6407140625000001 0.612571875 0.64 0.6102859375 0.636428125 0.608571875 0.633928125 0.6037140625 0.6382140625 0.600571875 0.643928125 0.601428125 0.645 0.6002859375 0.6482140625 0.6 0.653928125 0.6011421875 0.6546421875 0.595428125 0.6528578125 0.5942859375 0.6507140625 0.5691421875 0.6521421875 0.5682859375 0.648571875 0.5654281250000001 0.6457140625 0.5599999999999999 0.6489281250000001 0.552571875 0.646428125 0.5437140625 0.6475 0.5408578125 0.646428125 0.5385718749999999 0.643571875 0.5371421875 0.643928125 0.534 0.646071875 0.5331421875 0.646071875 0.528571875 0.6432140625 0.5228578125000001 0.643928125 0.5048578125 0.646071875 0.5017140625 0.6446421875 0.5011421875 0.641071875 0.493428125 0.6428578125 0.489428125 0.6357140625000001 0.4582859375 0.6342859375 0.456571875 0.6360718750000001 0.4511421875 0.633571875 0.4462859375 0.6296421875 0.44285781249999995 0.6307140625 0.43942812499999995 0.6275000000000001 0.44000000000000006 0.6246421875 0.4371421875 0.6139281249999999 0.43600000000000005 0.6128578124999999 0.432571875 0.6139281249999999 0.42771406250000005 0.61 0.42371406250000004 0.5967859375 0.4211421875 0.5917859375 0.41885781250000004 0.5867859375 0.41971406250000004 0.585 0.41571406250000004 0.576071875 0.414 0.5732140625000001 0.41485781250000003 0.571071875 0.412571875 0.5721421875 0.41200000000000003 0.5564281249999999 0.41085781250000003 0.5514281249999999 0.41200000000000003 0.548928125 0.41057187500000003 0.546428125 0.41142812500000003 0.5325 0.40485781249999997 0.528928125 0.39942812499999997 0.5253578125 0.3968578125 0.525 0.3917140625 0.528928125 0.3842859375 0.53 0.3771421875 0.533571875 0.3682859375 0.5357140625000001 0.366571875 0.5367859375 0.3671421875 0.5403578125 0.362 0.5446421875 0.36085781250000004 0.5457140625 0.359428125 0.5564281249999999 0.357428125 0.5603578125 0.349428125 0.561071875 0.329428125 0.5575 0.312 0.558928125 0.26971406249999996 0.5532140625 0.24542812500000002 0.5532140625 0.230571875 0.5546421875 0.2231421875 0.55 0.2147140625 0.551071875 0.21171406250000002 0.5564281249999999 0.20885781250000002 0.5564281249999999 0.2048578125 0.5507140625 0.20371406250000001 0.548571875 0.1968578125 0.546071875 0.20142812499999999 0.515 0.21000000000000002 0.5117859375 0.2091421875 0.508928125 0.2051421875 0.5060718750000001 0.205428125 0.5017859375 0.2028578125 0.49785781250000005 0.1982859375 0.4896421875 0.2008578125 0.48714218750000005 0.20400000000000001 0.478571875 0.19914218749999998 0.471071875 0.20257187499999998 0.46785781249999997 0.198571875 0.45857187499999996 0.200571875 0.4571421875 0.20114218749999999 0.45642812499999996 0.20371406250000001 0.4507140625 0.205428125 0.44678593749999995 0.20800000000000002 0.44321406249999995 0.20771406250000002 0.4407140625 0.20885781250000002 0.433928125 0.2162859375 0.43535781250000005 0.2222859375 0.4296421875 0.2242859375 0.4271421875 0.22771406249999998 0.4225 0.22999999999999998 0.416071875 0.236 0.4132140625 0.2582859375 0.4132140625 0.3071421875 0.41142812500000003 0.3142859375 0.41071406250000003 0.3357140625 0.41142812500000003 0.346 0.4146421875 0.3482859375 0.41857187500000004 0.355428125 0.41214218750000003 0.373428125 0.4175 0.3762859375 0.4178578125 0.38 0.421428125 0.384571875 0.4217859375 0.38714218749999996 0.4175 0.398 0.413928125 0.40028593749999997 0.4132140625 0.41028593750000003 0.41 0.41600000000000004 0.41035781250000003 0.42821406250000005 0.40821406250000003 0.45057187499999996 0.408928125 0.46685781249999997 0.406071875 0.47028593750000003 0.406428125 0.48228593750000004 0.40499999999999997 0.4851421875 0.40464218750000003 0.493428125 0.4057140625 0.5102859375000001 0.40428593749999997 0.5291421875 0.406428125 0.5314281249999999 0.4092859375 0.5322859375 0.406428125 0.536571875 0.40428593749999997 0.5508578125 0.40535781249999997 0.5562859375 0.40499999999999997 0.576571875 0.4067859375 0.5782859375 0.40428593749999997 0.582571875 0.403571875 0.5908578125 0.40464218750000003 0.6077140625 0.373571875 0.618571875 0.37 0.613428125 0.366428125 0.6122859375 0.36107187500000004 0.6148578125 0.356428125 0.615428125 0.3542859375 0.6188578125 0.356428125 0.6222859374999999 0.35285781250000003 0.6248578124999999 0.3496421875 0.6322859375000001 0.34928593750000003 0.643428125 0.346428125 0.658 0.34750000000000003 0.662 0.3525 0.6677140625 0.3571421875 0.6711421875 0.365 0.6719999999999999 0.3667859375 0.6765718749999999 0.36285781250000004 0.6831421875 0.351428125 0.6902859375 0.346428125 0.6997140625 0.341428125 0.7034281250000001 0.33892812499999997 0.7042859375 0.3307140625 0.7028578125 0.3253578125 0.7034281250000001 0.3157140625 0.7277140625 0.3103578125 0.752571875 0.3096421875 0.7871421875 0.311071875 0.7908578125 0.3107140625 0.7997140625 0.313571875 0.8062859375 0.316428125 0.8262859375 0.3203578125 0.8371421874999999 0.3196421875 0.842 0.3242859375 0.8539999999999999 0.32821406249999996 0.8808578125000001 0.331428125 0.892
1 0.466071875 0.4082859375 0.471428125 0.40771406250000003 0.47464218750000003 0.4088578125 0.4792859375 0.4068578125 0.49000000000000005 0.4082859375 0.4971421875 0.405428125 0.5021421875 0.405428125 0.5103578125 0.4062859375 0.5110718750000001 0.408571875 0.513571875 0.4097140625 0.5182140625 0.4 0.523571875 0.394571875 0.5310718750000001 0.373428125 0.536071875 0.369428125 0.5375 0.366 0.5421421875 0.36285781250000004 0.546428125 0.360571875 0.5564281249999999 0.358 0.5603578125 0.3502859375 0.5617859375 0.3308578125 0.5596421874999999 0.3131421875 0.5592859375 0.2051421875 0.5603578125 0.2008578125 0.5517859374999999 0.19971406249999998 0.548571875 0.1942859375 0.5407140625 0.1922859375 0.538928125 0.195428125 0.5349999999999999 0.196571875 0.5292859375 0.1962859375 0.5267859374999999 0.20142812499999999 0.521428125 0.2051421875 0.511428125 0.1971421875 0.5017859375 0.193428125 0.49428593750000005 0.1957140625 0.48714218750000005 0.1957140625 0.4807140625 0.1951421875 0.4757140625 0.1931421875 0.47035781249999997 0.1931421875 0.43928593749999995 0.20885781250000002 0.43107187500000005 0.220571875 0.42357187500000004 0.224571875 0.42321406250000004 0.228571875 0.41500000000000004 0.236 0.4125 0.2671421875 0.4125 0.310571875 0.41071406250000003 0.3217140625 0.41071406250000003 0.386 0.41178593750000003 0.39628593749999996 0.416071875 0.3897140625 0.42392812500000004 0.3851421875 0.42750000000000005 0.39114218749999996 0.43535781250000005 0.398 0.45928593749999996 0.40485781249999997 0.466071875 0.4082859375
3 0.6578578125 0.5837140625 0.6617859375 0.5957140625 0.666071875 0.5928578124999999 0.6696421875 0.596 0.673928125 0.592 0.6717859374999999 0.5882859375 0.673571875 0.5842859375 0.6721421875 0.578571875 0.673928125 0.576571875 0.6728578125 0.5734281250000001 0.675 0.5688578125 0.6853578125 0.572 0.6892859375 0.578571875 0.7171421875 0.5345718749999999 0.7167859375 0.5308578125000001 0.713571875 0.5302859375 0.7092859375 0.5268578125000001 0.7067859375000001 0.5108578125000001 0.7071421875 0.501428125 0.71 0.49428593750000005 0.7103578125000001 0.482571875 0.7178578124999999 0.474571875 0.7075 0.424571875 0.7 0.41571406250000004 0.6796421875 0.40800000000000003 0.6682140624999999 0.406571875 0.6421421875 0.406571875 0.6346421875 0.41 0.625 0.41971406250000004 0.6246421875 0.4262859375 0.6360718750000001 0.4382859375 0.646071875 0.476571875 0.6492859375 0.5002859374999999 0.6496421875 0.529428125 0.6564281249999999 0.5537140625 0.6578578125 0.5685718750000001 0.6599999999999999 0.572428125 0.6578578125 0.576571875 0.6578578125 0.5837140625
1 0.6564281249999999 0.5608578125 0.6582140625 0.5637140625 0.6621421875 0.5651421875 0.6846421874999999 0.5568578125 0.6892859375 0.5577140625 0.6925 0.5551421875 0.6935718750000001 0.5531421875 0.6935718750000001 0.5402859375 0.6957140625 0.5342859375 0.703928125 0.5357140625000001 0.705 0.541428125 0.708571875 0.5368578125 0.7153578125 0.5385718749999999 0.7182140625 0.5371421875 0.7192859375 0.5291421875 0.708928125 0.5231421875 0.7075 0.512 0.713928125 0.477428125 0.7171421875 0.4757140625 0.7175 0.4708578125 0.716428125 0.466 0.7142859374999999 0.4631421875 0.713571875 0.4551421875 0.7103578125000001 0.449428125 0.7071421875 0.42400000000000004 0.703928125 0.41942812500000004 0.6975 0.4151421875 0.6853578125 0.4111421875 0.678928125 0.414 0.673928125 0.4142859375 0.6703578125 0.41600000000000004 0.666071875 0.42342812500000004 0.6646421874999999 0.43142812499999994 0.666071875 0.4342859375 0.661071875 0.4377140625 0.6578578125 0.43542812499999994 0.653928125 0.43571406250000005 0.651428125 0.438 0.65 0.44285781249999995 0.6521421875 0.44742812499999995 0.6496421875 0.45 0.6478578125000001 0.47428593750000003 0.6525000000000001 0.4797140625 0.6496421875 0.48200000000000004 0.6492859375 0.4877140625 0.65 0.5297140625 0.6525000000000001 0.532571875 0.6567859375 0.5517140625 0.6564281249999999 0.5608578125
3 0.696428125 0.9068578125 0.6953578125 0.9128578125000001 0.6985718750000001 0.9162859375 0.6957140625 0.9191421875 0.6982140625000001 0.924571875 0.696071875 0.9274281249999999 0.6953578125 0.942 0.6967859375 0.9588578125 0.7032140625000001 0.983428125 0.71 0.9865718749999999 0.7103578125000001 0.994 0.7203578125 0.9968578125 0.7232140625000001 0.9957140624999999 0.7278578125 0.9968578125 0.7328578125 0.9962859375 0.7367859375 0.9997140625000001 0.7378578124999999 0.9971421875 0.7396421875 0.9965718750000001 0.7442859375 0.9977140625 0.7557140625 0.9957140624999999 0.7578578125 0.992 0.7610718750000001 0.9902859375 0.7596421875 0.9862859374999999 0.7632140625 0.9822859375 0.761428125 0.9800000000000001 0.763928125 0.97 0.7667859375 0.967428125 0.7667859375 0.9582859375 0.771428125 0.9414281250000001 0.771428125 0.9317140625 0.7739281250000001 0.9274281249999999 0.7782140625 0.8842859375 0.7814281249999999 0.8682859374999999 0.7846421875 0.861428125 0.7849999999999999 0.8571421875 0.7828578125 0.853428125 0.7821421875000001 0.8471421875 0.7825 0.8377140624999999 0.786428125 0.8322859375 0.795 0.8302859375 0.7971421875 0.8262859375 0.7957140625 0.8197140624999999 0.7925 0.8142859375 0.7828578125 0.8131421874999999 0.7746421875 0.8102859375 0.7739281250000001 0.8037140624999999 0.7792859375 0.798571875 0.7703578125 0.7977140625 0.7557140625 0.7937140625 0.7521421875 0.7902859375 0.7496421875 0.7848578125000001 0.7492859375 0.7737140625000001 0.7510718749999999 0.764571875 0.7521421875 0.7431421874999999 0.7567859375 0.720571875 0.7571421875000001 0.6891421875 0.7610718750000001 0.6782859375 0.7607140625000001 0.6682859375 0.7625 0.6599999999999999 0.7625 0.65 0.7642859375 0.6442859375000001 0.7610718750000001 0.634571875 0.765 0.6242859375 0.7682140625 0.604 0.7739281250000001 0.591428125 0.7753578125 0.58 0.7796421875 0.5734281250000001 0.7817859375 0.5645718750000001 0.7928578125 0.5602859375 0.796071875 0.5562859375 0.8103578125 0.5457140625 0.8192859374999999 0.544571875 0.8175000000000001 0.5331421875 0.8125 0.5305718749999999 0.8103578125 0.5251421875 0.8067859374999999 0.521428125 0.8071421875 0.517428125 0.8117859375 0.5122859375 0.813571875 0.5077140625000001 0.8182140625000001 0.5077140625000001 0.8221421875000001 0.506 0.8271421875 0.5008578124999999 0.828928125 0.49800000000000005 0.8300000000000001 0.4891421875 0.826071875 0.471428125 0.8203578125 0.45542812499999996 0.8207140624999999 0.45085781249999995 0.818928125 0.44342812499999995 0.8160718749999999 0.4391421875 0.8142859375 0.42742812499999994 0.8099999999999999 0.42342812500000004 0.8053578124999999 0.4217140625 0.7982140625 0.41200000000000003 0.795 0.41028593750000003 0.7892859375 0.4037140625 0.7832140625 0.4 0.771071875 0.39942812499999997 0.763571875 0.3977140625 0.7596421875 0.3977140625 0.7557140625 0.39942812499999997 0.7496421875 0.3977140625 0.7478578125 0.39314218749999996 0.728571875 0.38828593749999996 0.72 0.3977140625 0.716071875 0.4 0.7121421875 0.41142812500000003 0.7125 0.4162859375 0.711071875 0.41942812500000004 0.6935718750000001 0.759428125 0.6946421875000001 0.7671421875 0.6925 0.7788578125 0.6928578125 0.826571875 0.6957140625 0.836571875 0.6957140625 0.842 0.7007140625 0.8472375 0.7003578125 0.856571875 0.698928125 0.8617140624999999 0.696428125 0.8648578125 0.696428125 0.8862859375 0.6953578125 0.8877140625 0.696428125 0.9068578125
1 0.763571875 0.5397140625 0.7657140625000001 0.537428125 0.7657140625000001 0.5345718749999999 0.7707140625 0.5311421875 0.7828578125 0.5322859375 0.7867859375 0.534 0.7903578125 0.5331421875 0.7946421875 0.5371421875 0.7996421875 0.5345718749999999 0.8025 0.537428125 0.8035718749999999 0.5371421875 0.8067859374999999 0.519428125 0.8128578125000001 0.5111421875 0.8153578125 0.49914218750000006 0.8157140625 0.48600000000000004 0.8125 0.4731421875 0.8121421874999999 0.46285781249999997 0.8107140625 0.461428125 0.798571875 0.458 0.7675 0.45857187499999996 0.7482140625 0.46342812499999997 0.736071875 0.470571875 0.728571875 0.4788578125 0.7296421875 0.49800000000000005 0.733571875 0.5028578125000001 0.736071875 0.513428125 0.7382140625 0.5171421875 0.7389281249999999 0.524 0.7417859375 0.5248578125 0.7442859375 0.527571875 0.7453578125 0.5328578125 0.7478578125 0.5348578125000001 0.763571875 0.5397140625
1 0.8146421875 0.3782859375 0.8103578125 0.375428125 0.7946421875 0.372571875 0.79 0.376 0.7867859375 0.3768578125 0.7821421875000001 0.3811421875 0.7810718750000001 0.385428125 0.7828578125 0.3977140625 0.8003578125 0.4151421875 0.8035718749999999 0.420571875 0.806428125 0.4222859375 0.811071875 0.4171421875 0.8153578125 0.4068578125 0.8182140625000001 0.40800000000000003 0.818928125 0.3917140625 0.8146421875 0.3782859375
3 0.8628578125 0.48628593750000004 0.8639281249999999 0.4891421875 0.873571875 0.49685781249999994 0.8703578125 0.49914218750000006 0.868928125 0.4988578125 0.8675 0.5008578124999999 0.8682140625000001 0.512571875 0.8660718749999999 0.5168578125 0.8667859375000001 0.5208578125 0.8621421874999999 0.5248578125 0.8635718750000001 0.5388578125000001 0.861071875 0.5482859375 0.861428125 0.5568578125 0.8596421875000001 0.560571875 0.8721421875 0.5654281250000001 0.8789281250000001 0.5742859375 0.883571875 0.5780000000000001 0.8860718750000001 0.5777140625 0.9307140625000001 0.612571875 0.931428125 0.6162859375 0.9335718749999999 0.6128578124999999 0.936071875 0.6122859375 0.9382140625 0.6148578125 0.9382140625 0.6231421874999999 0.9392859375 0.6242859375 0.9446421875000001 0.6228578125 0.95 0.6262859375 0.9542859375000001 0.624571875 0.9625 0.6251421875000001 0.9646421875 0.6228578125 0.961428125 0.6188578125 0.9642859375 0.6151421874999999 0.9653578125 0.6142859374999999 0.9703578125 0.616 0.9717859375 0.6151421874999999 0.9703578125 0.611428125 0.9717859375 0.6077140625 0.9714281250000001 0.6022859375 0.9778578124999999 0.5968578124999999 0.9821421875 0.5957140625 0.9842859374999999 0.5928578124999999 0.9892859375 0.5908578125 0.9932140625000001 0.584 0.9971421875 0.5694281250000001 0.9967859375 0.557428125 0.9996421874999999 0.5542859375 0.9996421874999999 0.5311421875 0.9978578125 0.5311421875 0.9949999999999999 0.528 0.9907140625 0.5265718749999999 0.986428125 0.5277140625000001 0.9742859375 0.5271421875 0.97 0.528 0.9607140624999999 0.49800000000000005 0.961071875 0.4958578125 0.9667859375000001 0.49400000000000005 0.9671421875 0.468571875 0.9653578125 0.46771406249999997 0.963928125 0.47000000000000003 0.96 0.471428125 0.9589281250000001 0.47000000000000003 0.951071875 0.4708578125 0.9464281250000001 0.46657187499999997 0.946071875 0.46257187499999997 0.9478578125 0.45885781249999996 0.9467859375 0.4551421875 0.9489281249999999 0.44742812499999995 0.9550000000000001 0.4431421875 0.953571875 0.44000000000000006 0.9546421875 0.43142812499999994 0.9589281250000001 0.4248578125 0.9592859375 0.41057187500000003 0.9578578125 0.403428125 0.9603578125000001 0.396 0.9574999999999999 0.3857140625 0.9592859375 0.3802859375 0.9525 0.3751421875 0.9517859375000001 0.3728578125 0.945 0.374 0.9382140625 0.3717140625 0.9278578124999999 0.3717140625 0.9253578125 0.3691421875 0.9257140625 0.3671421875 0.9264281249999999 0.366 0.931428125 0.3651421875 0.9275 0.36085781250000004 0.9257140625 0.3611421875 0.923928125 0.363428125 0.9196421875 0.362 0.898928125 0.367428125 0.8964281250000001 0.366 0.8928578125 0.3682859375 0.8875 0.368 0.8767859375 0.371428125 0.875 0.371428125 0.8757140625 0.3651421875 0.8728578125 0.3637140625 0.8699999999999999 0.3651421875 0.8682140625000001 0.368571875 0.865 0.3691421875 0.8639281249999999 0.3717140625 0.861071875 0.3728578125 0.8603578125 0.375428125 0.8571421875 0.3777140625 0.8553578125 0.3808578125 0.858571875 0.384571875 0.8578578125 0.3928578125 0.8564281250000001 0.39514218749999996 0.8492859375 0.4 0.8464281250000001 0.4057140625 0.8478578125 0.4408578125 0.8492859375 0.4528578125 0.8517859375000001 0.460571875 0.8507140625 0.46714218750000003 0.8550000000000001 0.47028593750000003 0.8528578124999999 0.474571875 0.8653578124999999 0.47685781250000003 0.8671421875 0.48228593750000004 0.8657140625 0.4851421875 0.8628578125 0.48628593750000004
1 0.8957140625 0.394 0.9075 0.395428125 0.9132140625 0.394571875 0.9157140625 0.3948578125 0.9199999999999999 0.39828593749999996 0.9221421875000001 0.40800000000000003 0.9257140625 0.41200000000000003 0.9264281249999999 0.41600000000000004 0.93 0.4217140625 0.9324999999999999 0.42342812500000004 0.9307140625000001 0.42771406250000005 0.9335718749999999 0.4328578125 0.9321421875 0.4377140625 0.923571875 0.438 0.9217859374999999 0.4391421875 0.9228578125 0.4442859375 0.9275 0.4462859375 0.9264281249999999 0.449428125 0.9242859375 0.45085781249999995 0.9403578125 0.45171406249999996 0.943928125 0.460571875 0.9453578125 0.47428593750000003 0.9442859374999999 0.490571875 0.9428578125 0.49800000000000005 0.9392859375 0.5022859375000001 0.938928125 0.5071421875000001 0.9432140625000001 0.5097140625 0.95 0.508571875 0.951071875 0.510571875 0.953928125 0.5057140625 0.9753578125000001 0.496 0.9746421875 0.4877140625 0.976071875 0.4788578125 0.986071875 0.483428125 0.99 0.4837140625 0.9907140625 0.4811421875 0.9907140625 0.4771421875 0.9892859375 0.4748578125 0.9903578124999999 0.46257187499999997 0.9871421874999999 0.4602859375 0.986071875 0.45571406249999996 0.9607140624999999 0.44685781249999995 0.9632140625 0.4431421875 0.9617859375 0.440571875 0.9603578125000001 0.42771406250000005 0.9607140624999999 0.406571875 0.9628578125 0.404 0.9642859375 0.39628593749999996 0.9635718750000001 0.383428125 0.961071875 0.376571875 0.9589281250000001 0.3737140625 0.9550000000000001 0.3717140625 0.9485718750000001 0.3722859375 0.9446421875000001 0.3708578125 0.943928125 0.3688578125 0.9349999999999999 0.362 0.9278578124999999 0.3591421875 0.923571875 0.35885781250000004 0.9182140625 0.356571875 0.9 0.35485781250000004 0.8860718750000001 0.357428125 0.8821421875000001 0.35971406250000004 0.8732140625 0.36171406250000004 0.8564281250000001 0.3757140625 0.8535718749999999 0.3802859375 0.8532140625 0.38914218749999996 0.8571421875 0.394571875 0.8582140624999999 0.39228593749999996 0.8646421875 0.39228593749999996 0.868928125 0.394 0.8771421875 0.3928578125 0.8846421875000001 0.39428593749999996 0.8892859375000001 0.3937140625 0.8925000000000001 0.396 0.8957140625 0.394
1 0.9357140625 0.532571875 0.9400000000000001 0.5291421875 0.9367859375 0.5248578125 0.9346421875 0.5162859375 0.931428125 0.516 0.9246421874999999 0.5228578125000001 0.921428125 0.5242859375 0.9153578124999999 0.525428125 0.9132140625 0.5242859375 0.9089281250000001 0.5251421875 0.9035718749999999 0.5242859375 0.901428125 0.5268578125000001 0.8992859375 0.5265718749999999 0.8967859375 0.5242859375 0.891428125 0.523428125 0.8846421875000001 0.519428125 0.883571875 0.5202859375 0.8842859375 0.5291421875 0.8896421875 0.5308578125000001 0.8925000000000001 0.5368578125 0.8975 0.5382859375 0.9042859375000001 0.5437140625 0.9132140625 0.546 0.9196421875 0.5514281249999999 0.9253578125 0.552571875 0.9353578125 0.5408578125 0.9357140625 0.532571875
3 0.8392859375 0.8161421875 0.8371421874999999 0.826571875 0.8400000000000001 0.8337140625 0.8178578125 0.9782859374999999 0.8192859374999999 0.9822859375 0.8242859375 0.9837140625 0.826071875 0.9871421874999999 0.8371421874999999 0.99 0.836428125 0.994 0.8382140625 0.9951421874999999 0.8467859375 0.9971421875 0.8555953125 0.9974281250000001 0.858928125 0.9997140625000001 0.9957140624999999 0.9997140625000001 0.9974999999999999 0.9945718749999999 0.9996421874999999 0.9942859374999999 0.9971421875 0.9894281250000001 0.9974999999999999 0.908 0.9964281250000001 0.890571875 0.9974999999999999 0.8728578125 0.993928125 0.8619999999999999 0.9957140624999999 0.8477140625 0.9949999999999999 0.8408578125 0.9996421874999999 0.808 0.9996421874999999 0.8028578124999999 0.9974999999999999 0.8008578125 0.9960718749999999 0.7957140625 0.9960718749999999 0.7831421875 0.991428125 0.7765718749999999 0.9878578125 0.7642859375 0.9846421875000001 0.7597140625 0.9821421875 0.748 0.97 0.7282859375 0.968571875 0.7177140625 0.9642859375 0.7088578125 0.9667859375000001 0.706 0.9642859375 0.7011421875 0.9667859375000001 0.6968578125 0.9678578124999999 0.689428125 0.9667859375000001 0.688 0.9617859375 0.6885718749999999 0.9557140625 0.6808578125 0.9532140625000001 0.6742859375 0.953571875 0.669428125 0.9482140625 0.6528578125 0.938928125 0.6448578125 0.9382140625 0.64 0.9392859375 0.638 0.936428125 0.6371421875000001 0.9342859375 0.6348578125000001 0.936071875 0.6302859375 0.923571875 0.6177140624999999 0.9225 0.6208578124999999 0.9196421875 0.622571875 0.911071875 0.619428125 0.9075 0.6162859375 0.9042859375000001 0.615428125 0.9032140625 0.613428125 0.9003578125 0.6128578124999999 0.8978578125000001 0.6142859374999999 0.8992859375 0.618571875 0.8978578125000001 0.6231421874999999 0.8939281250000001 0.627428125 0.8742859375 0.6331421875000001 0.8696421875 0.629428125 0.8657140625 0.631428125 0.8564281250000001 0.631428125 0.8532140625 0.629428125 0.8507140625 0.635428125 0.851071875 0.6462859375 0.8517859375000001 0.6482859375000001 0.8557140625 0.65 0.8521421874999999 0.654 0.8507140625 0.6708578125 0.8492859375 0.673428125 0.85 0.6917140625 0.8453578125 0.7008578125 0.845 0.713428125 0.8425 0.720571875 0.836071875 0.754571875 0.8357140624999999 0.7791421875 0.8378578125 0.7814281249999999 0.8410718749999999 0.7811421875 0.8432140625000001 0.7828578125 0.8425 0.788 0.8378578125 0.7891421875 0.8346421875000001 0.7942859375 0.836428125 0.8014281249999999 0.836071875 0.8105718749999999 0.8392859375 0.8161421875