1 0.694190625 0.43709218749999995 0.701215625 0.43784531250000003 0.70463125 0.43558906249999996 0.7033031249999999 0.43157968750000003 0.698746875 0.4250625 0.6976078125 0.41980000000000006 0.701215625 0.4167921875 0.7036828125000001 0.41253124999999996 0.7052015625 0.4057640625 0.7050109375 0.401003125 0.7031125 0.396240625 0.697228125 0.39223125 0.6896359375000001 0.391228125 0.6784359375 0.39223125 0.664578125 0.396490625 0.657365625 0.39975 0.6444578125 0.40751875000000004 0.641609375 0.410025 0.639521875 0.41403437500000007 0.639521875 0.4192984375 0.6404703125 0.4218046875 0.642559375 0.4248125 0.6486328125 0.42957343750000004 0.6503421875 0.43583906250000004 0.6541375 0.44060156250000004 0.658125 0.43709218749999995 0.6611625 0.436090625 0.6687546875 0.43734375 0.694190625 0.43709218749999995
3 0.6463546874999999 0.9390984375 0.648253125 0.9378453125 0.651290625 0.9378453125 0.6552765625 0.9408515625 0.656415625 0.9431078125000001 0.6566062500000001 0.9456140625 0.6583140625 0.946115625 0.658125 0.9491234375 0.657175 0.9503765625 0.657934375 0.9518796875 0.6697031250000001 0.953634375 0.6761578125 0.9518796875 0.6776765625000001 0.9491234375 0.677865625 0.943609375 0.6805234375 0.9293234375000001 0.6843203124999999 0.9198000000000001 0.6835609375 0.911528125 0.6850796875 0.90776875 0.6864078124999999 0.898496875 0.68925625 0.888971875 0.6886859375000001 0.881453125 0.697228125 0.833584375 0.701784375 0.821553125 0.7052015625 0.8072687500000001 0.708428125 0.798746875 0.710515625 0.7912281250000001 0.711275 0.783459375 0.71279375 0.78220625 0.71374375 0.7794484374999999 0.715071875 0.7556390625 0.7162109375 0.7516296875 0.71279375 0.7468671875 0.7101359375 0.7481203125 0.7088078125 0.7463656249999999 0.7089984375 0.7441109375 0.7074796875 0.74235625 0.7063406249999999 0.7370921874999999 0.7074796875 0.73233125 0.7086187500000001 0.716290625 0.7108953125 0.7147875 0.7118453125 0.71228125 0.716590625 0.7135343749999999 0.7173499999999999 0.71278125 0.71678125 0.7050125 0.7143125 0.6942359375 0.71583125 0.6934843749999999 0.71678125 0.6914781249999999 0.7169703125 0.6887218749999999 0.7156421875000001 0.6874687500000001 0.7156421875000001 0.686215625 0.7171609375 0.681453125 0.715071875 0.678446875 0.7152624999999999 0.673684375 0.7141234375 0.67268125 0.713553125 0.6681703125 0.716590625 0.666165625 0.7169703125 0.6581453125000001 0.711275 0.6243109375 0.7141234375 0.6225562499999999 0.7110859375 0.6205515625 0.7091875 0.6165406250000001 0.7074796875 0.62280625 0.6526203125000001 0.6192984375 0.65053125 0.6177937499999999 0.64844375 0.6195484375 0.6480640625 0.62280625 0.65053125 0.62756875 0.6490125 0.63233125 0.648253125 0.638846875 0.649771875 0.6426062499999999 0.65148125 0.6646609375 0.6511015625 0.669925 0.652240625 0.6734328125 0.653 0.6854640625 0.6541375 0.688971875 0.6562265625 0.718546875 0.6577453125 0.728571875 0.6583140625 0.7418546874999999 0.65565625 0.766165625 0.640090625 0.8245609375 0.6391421875 0.826065625 0.6389515625 0.8478703124999999 0.63724375 0.8531328125 0.6378125 0.8619046875 0.63515625 0.8882203125 0.635915625 0.893734375 0.6347765625 0.9032578125 0.634396875 0.9198000000000001 0.634965625 0.921303125 0.63933125 0.9250624999999999 0.6402812499999999 0.9300750000000001 0.6399015625 0.9358390625 0.6421796875 0.9378453125 0.64540625 0.9380953125 0.6463546874999999 0.9390984375
3 0.6577453125 0.4781953125 0.6554671875 0.483709375 0.6503421875 0.486215625 0.6467343750000001 0.491228125 0.6429390625 0.493984375 0.6406609375000001 0.5052625 0.6427484375 0.513534375 0.646925 0.5170421875 0.652809375 0.54235625 0.652809375 0.5448625 0.650721875 0.548621875 0.648253125 0.5563906249999999 0.6480640625 0.5644109375 0.646925 0.569925 0.647684375 0.5844609375 0.6471140625 0.596240625 0.6490125 0.608521875 0.6499625 0.610025 0.6698937500000001 0.6092734375 0.672740625 0.6070171875 0.6771078125 0.6055140625 0.6790046875 0.6080203125 0.6818531250000001 0.6082703125 0.689825 0.59975 0.6932421875 0.601253125 0.69741875 0.6060156250000001 0.701784375 0.60776875 0.7034921875 0.610025 0.7071 0.6117796875 0.7089984375 0.614034375 0.7115609375 0.6142859374999999 0.7141234375 0.616040625 0.7152624999999999 0.6187968749999999 0.716590625 0.6198 0.7169703125 0.6150375 0.7162109375 0.609021875 0.717540625 0.5932328124999999 0.7173499999999999 0.5593984375 0.7188687500000001 0.5343359375000001 0.7182984375 0.5248125 0.716590625 0.51754375 0.713553125 0.516290625 0.7067203125 0.5052625 0.701784375 0.5012531250000001 0.69950625 0.49774375 0.695140625 0.493984375 0.6926734375 0.48972499999999997 0.691534375 0.48496249999999996 0.6922937499999999 0.48120312500000006 0.6953296875 0.4744359375 0.6959 0.4704265625 0.6976078125 0.4669171875 0.6991265624999999 0.4578953125 0.6989375 0.450125 0.6998859375 0.44360937500000003 0.7042515625 0.43558906249999996 0.6977984375 0.424059375 0.6970390625 0.4170421875 0.6989375 0.4145359375 0.701025 0.4142859375 0.7023531249999999 0.4082703125 0.7040625 0.4045109375 0.7021640625 0.396490625 0.69438125 0.39223125 0.6782453125 0.39273125000000003 0.6575546875 0.40025000000000005 0.6448375000000001 0.40776874999999996 0.64085 0.41253124999999996 0.6404703125 0.41980000000000006 0.642559375 0.42330781249999994 0.646165625 0.42431093750000004 0.649203125 0.430075 0.6526203125000001 0.4431078125 0.6531890625 0.4548875 0.6577453125 0.46240625 0.660403125 0.47017499999999995 0.6607828125 0.4741859375 0.6577453125 0.4781953125
1 0.600228125 0.37694218749999997 0.5988984375 0.37243125 0.6000375 0.3694234375 0.6006078125000001 0.3609015625 0.5983296874999999 0.35739375 0.5975703125 0.3518796875 0.600228125 0.3378453125 0.591875 0.3343359375 0.587509375 0.333834375 0.5825734375 0.3378453125 0.58314375 0.34085156250000004 0.5818140625 0.34561406250000004 0.5804859375 0.34736875 0.5698562500000001 0.353634375 0.5643515625 0.3556390625 0.560175 0.3553890625 0.5571375 0.35739375 0.554859375 0.361403125 0.548784375 0.3651625 0.5463171874999999 0.369925 0.5466968750000001 0.380953125 0.548975 0.386465625 0.548784375 0.388471875 0.54954375 0.3844609375 0.5522015625 0.383459375 0.5643515625 0.3847125 0.5759296875000001 0.383959375 0.5871296874999999 0.3802 0.59795 0.37869687500000004 0.600228125 0.37694218749999997
3 0.5791578125 0.9797 0.577828125 0.98220625 0.5801062499999999 0.9839593750000001 0.58219375 0.98220625 0.582953125 0.97995 0.5846625000000001 0.9794484375 0.58523125 0.9779453124999999 0.5873203124999999 0.9766921875 0.591875 0.978446875 0.5954828125 0.9764406250000001 0.6034546875 0.9829578124999999 0.6072515625 0.9839593750000001 0.6093390624999999 0.9741859375 0.6108578125 0.971178125 0.615034375 0.966415625 0.6163624999999999 0.9593984375 0.6152234375 0.9518796875 0.6163624999999999 0.9278203125 0.6159828125 0.904009375 0.6180718749999999 0.8954890625 0.6192109375 0.8867171875000001 0.6190203125 0.88220625 0.6175015625 0.87719375 0.6175015625 0.8644109375 0.62035 0.853884375 0.625284375 0.8416046875 0.62604375 0.8300750000000001 0.6287015625000001 0.8258140624999999 0.6288921875 0.8220546875 0.6336375000000001 0.8107765625000001 0.6340171875 0.806015625 0.6355359375 0.8025062500000001 0.635725 0.7829578125000001 0.6347765625 0.7817046875 0.6300296875 0.78245625 0.62604375 0.781203125 0.623765625 0.771428125 0.625475 0.756140625 0.6250953124999999 0.7516296875 0.626803125 0.7441109375 0.62908125 0.7403515625 0.6292703125 0.7353390625 0.6287015625000001 0.7208015624999999 0.6264234375 0.7117796875 0.6273734375 0.7087718749999999 0.626234375 0.7042609375 0.6275625 0.701003125 0.62604375 0.69749375 0.6256640625000001 0.6879703125 0.626234375 0.6852125 0.6250953124999999 0.68220625 0.6258546875000001 0.67769375 0.6258546875000001 0.6694234375 0.6241453124999999 0.65764375 0.6228171875 0.6556390624999999 0.613515625 0.6571421875000001 0.6121875 0.6593984374999999 0.6093390624999999 0.661153125 0.6078203125 0.6656640625 0.6066812500000001 0.673684375 0.6068718750000001 0.6833328125 0.6053531249999999 0.6967421875 0.6076312500000001 0.7 0.6076312500000001 0.7057640625 0.6063015625 0.7092734375 0.604784375 0.7095234375 0.6044046875 0.7130328125000001 0.6019359375 0.714034375 0.6000375 0.716540625 0.6019359375 0.7203 0.60155625 0.7333328125 0.600796875 0.7370921874999999 0.603075 0.7473687499999999 0.601746875 0.7548874999999999 0.6026953125000001 0.763909375 0.5998484375 0.778696875 0.597759375 0.78270625 0.5962421875 0.7904765625 0.5958625 0.798746875 0.5947234375 0.8022562499999999 0.5949125000000001 0.8102750000000001 0.591115625 0.8145359375 0.589596875 0.818546875 0.585990625 0.8220546875 0.5846625000000001 0.8273187500000001 0.5825734375 0.8300750000000001 0.580865625 0.8363406250000001 0.5802968749999999 0.8445484375 0.57706875 0.8556390625000001 0.57555 0.87243125 0.575740625 0.8812031250000001 0.574790625 0.88771875 0.5753609375 0.8917296875 0.5753609375 0.8969921875000001 0.5746015625 0.89975 0.5751703125 0.9047625 0.57498125 0.933709375 0.572703125 0.9443609374999999 0.5723234374999999 0.9516296875 0.574790625 0.958646875 0.5761203125 0.9684203124999999 0.5791578125 0.9797
3 0.5706156250000001 0.4142859375 0.5723234374999999 0.41754375 0.5766890625000001 0.421303125 0.5793468749999999 0.42957343750000004 0.585421875 0.44160468750000004 0.5865609375 0.44711718749999996 0.5877 0.4543859375 0.5865609375 0.498496875 0.587509375 0.521303125 0.588459375 0.5248125 0.5878890625000001 0.5293234375 0.589596875 0.5406015625 0.589596875 0.5506265625 0.5903562499999999 0.5563906249999999 0.5899765625 0.5684203125 0.5913062499999999 0.5749375 0.5909265625 0.5879703125 0.5916859375 0.5929828125000001 0.5958625 0.596490625 0.5968109375 0.598996875 0.59946875 0.59975 0.60155625 0.593734375 0.6034546875 0.591478125 0.604784375 0.591478125 0.6072515625 0.593984375 0.6082 0.5994984375 0.6093390624999999 0.6017546874999999 0.6169328125 0.6047625 0.61788125 0.606265625 0.618640625 0.611028125 0.6233859374999999 0.61253125 0.625475 0.61729375 0.627753125 0.6180453124999999 0.6307890625 0.621053125 0.6315484375 0.619046875 0.63116875 0.614034375 0.6323078125 0.611278125 0.6355359375 0.60726875 0.6338265625 0.603759375 0.6353453124999999 0.5992484375 0.632878125 0.5952375 0.6287015625000001 0.5932328124999999 0.62604375 0.5879703125 0.6258546875000001 0.580953125 0.6281328125 0.576190625 0.6264234375 0.571428125 0.6273734375 0.5669171875 0.63211875 0.5606515625 0.6347765625 0.5611531249999999 0.6353453124999999 0.5604015625 0.6309796875 0.548871875 0.6347765625 0.5466171875 0.635725 0.5451125 0.635915625 0.53258125 0.636675 0.528821875 0.6362953124999999 0.5270671874999999 0.6347765625 0.5258140625000001 0.6362953124999999 0.523809375 0.63724375 0.5182953125 0.638571875 0.5157890625 0.6391421875 0.509775 0.638003125 0.5060156250000001 0.638003125 0.5020046875 0.635915625 0.49799531249999995 0.634965625 0.489975 0.632878125 0.488721875 0.6309796875 0.48596562499999996 0.6212984374999999 0.48395937499999997 0.620159375 0.48195468750000003 0.6161734375 0.47869687499999997 0.6152234375 0.47493749999999996 0.61066875 0.47769375 0.6085796875 0.4741859375 0.6076312500000001 0.46666718749999997 0.6066812500000001 0.46641562499999994 0.59434375 0.448746875 0.5945328125 0.4431078125 0.59795 0.43934843749999997 0.5954828125 0.43583906250000004 0.595103125 0.433584375 0.5965265625 0.43082656249999995 0.5996578125 0.430075 0.6011765625 0.41980000000000006 0.600228125 0.41578906250000003 0.6004171875 0.40776874999999996 0.59795 0.4030078125 0.59851875 0.40025000000000005 0.600796875 0.39774375 0.601746875 0.390225 0.6006078125000001 0.3849625 0.6006078125000001 0.3807015625 0.5983296874999999 0.37493750000000003 0.598709375 0.368921875 0.6004171875 0.3659140625 0.6011765625 0.3619046875 0.600796875 0.35964843750000003 0.59851875 0.3583953125 0.598709375 0.353884375 0.5998484375 0.3533828125 0.5990890624999999 0.3471171875 0.5996578125 0.3431078125 0.6006078125000001 0.3416046875 0.6004171875 0.3378453125 0.589028125 0.333834375 0.5863703124999999 0.3345859375 0.583903125 0.3378453125 0.57706875 0.3378453125 0.576309375 0.333834375 0.5723234374999999 0.3340859375 0.564540625 0.33734375 0.5603640624999999 0.341103125 0.5559984375 0.3416046875 0.5516328125000001 0.34486249999999996 0.5480265625 0.3493734375 0.5478359375 0.35764375 0.548784375 0.3591484375 0.5516328125000001 0.3606515625 0.5508734375000001 0.3631578125 0.5476468750000001 0.3671671875 0.5465078125 0.37217968749999997 0.5485953125 0.393984375 0.5582765625 0.4 0.5664390625 0.4120296875 0.5706156250000001 0.4142859375
1 0.4589984375 0.2992484375 0.4588078125 0.29774375000000003 0.46108593750000004 0.2947375 0.46317343749999995 0.2952375 0.46488281249999996 0.291478125 0.4671609375 0.29248124999999997 0.472665625 0.288971875 0.47817031249999997 0.28270625 0.482346875 0.28045156250000003 0.485953125 0.2766921875 0.49145781250000004 0.273684375 0.4937359375 0.2706765625 0.4996203125 0.268671875 0.5096812500000001 0.2631578125 0.5159453125 0.2619046875 0.522209375 0.2621546875 0.525246875 0.26416093749999997 0.528853125 0.2631578125 0.5301828125 0.2651625 0.528853125 0.26741875 0.5309421875 0.2709265625 0.5313218749999999 0.2791984375 0.5328390625 0.280953125 0.5358765625 0.2817046875 0.5408125 0.27995000000000003 0.5427109375 0.27769374999999996 0.5434703125 0.2756890625 0.5432796875 0.2659140625 0.5425203125 0.2629078125 0.5410015625 0.2609015625 0.5353078124999999 0.2568921875 0.5345484375 0.2542609375 0.5345484375 0.2433578125 0.533409375 0.23583906250000003 0.5307515625 0.2280703125 0.5286640625000001 0.2245609375 0.523159375 0.219046875 0.519171875 0.21654062500000001 0.5066437500000001 0.21278125 0.4979125 0.21278125 0.482346875 0.2180453125 0.4736140625 0.2243109375 0.46583125000000003 0.23182968750000002 0.4588078125 0.2408515625 0.45311250000000003 0.25012500000000004 0.446659375 0.263659375 0.4394453125 0.28295781249999996 0.4394453125 0.2967421875 0.44020468749999997 0.298746875 0.44494999999999996 0.3045109375 0.44779843750000003 0.3052625 0.449696875 0.304009375 0.4506453125 0.3020046875 0.45406250000000004 0.30300781250000003 0.4567203125 0.30250625000000003 0.45690937500000006 0.3005015625 0.4589984375 0.2992484375
3 0.4479875 0.989725 0.448746875 0.99975 0.48823125 0.99975 0.48823125 0.9979953125 0.4893703125 0.99749375 0.49031874999999997 0.99749375 0.4922171875 0.99975 0.49544375 0.99975 0.49544375 0.9979953125 0.4973421875 0.99724375 0.5 0.99774375 0.5001890625 0.99975 0.5034171875 0.99975 0.5034171875 0.9979953125 0.5051249999999999 0.99724375 0.5081625 0.99975 0.511009375 0.99975 0.511009375 0.9979953125 0.51271875 0.99724375 0.5146171875000001 0.99724375 0.5165140625 0.99975 0.5184124999999999 0.99975 0.518603125 0.99774375 0.5216406250000001 0.9969921875000001 0.5244875 0.99774375 0.5246765625 0.99975 0.541571875 0.99975 0.5419515625 0.99749375 0.54441875 0.9964906250000001 0.5480265625 0.99749375 0.5484046874999999 0.99975 0.548975 0.99975 0.54954375 0.99724375 0.5506828125000001 0.9964906250000001 0.5554296875 0.9957390625 0.5565671875 0.9942359375 0.5603640624999999 0.9944859375 0.5605546875 0.9934843750000001 0.5586562500000001 0.99223125 0.5582765625 0.990225 0.5573265625 0.958646875 0.554859375 0.9558890625 0.55505 0.9533828124999999 0.5575171875 0.951128125 0.5544796875 0.948871875 0.5542906249999999 0.9451124999999999 0.55353125 0.9443609374999999 0.5542906249999999 0.9393484375 0.5510625 0.9375937499999999 0.548975 0.933834375 0.5478359375 0.933584375 0.5466968750000001 0.9298249999999999 0.5493546874999999 0.92756875 0.5465078125 0.9250624999999999 0.54745625 0.9225562500000001 0.550303125 0.9208015625 0.5510625 0.9175437499999999 0.55353125 0.916290625 0.548975 0.9065156249999999 0.5499234375000001 0.9047625 0.549734375 0.9032578125 0.5472671874999999 0.9020046875000001 0.5465078125 0.9005015625 0.549734375 0.896490625 0.54745625 0.8914781250000001 0.5499234375000001 0.8904765625 0.5508734375000001 0.8872187500000001 0.55353125 0.8849625 0.5537203125 0.8689218750000001 0.5508734375000001 0.8651625 0.5533406249999999 0.861403125 0.5510625 0.8578953125 0.55353125 0.8531328125 0.5506828125000001 0.850125 0.5506828125000001 0.848496875 0.5529609375 0.8453640625000001 0.5516328125000001 0.8448625 0.5499234375000001 0.8355890625000001 0.55049375 0.833834375 0.548975 0.8315796875 0.548975 0.828571875 0.550303125 0.8278203124999999 0.5508734375000001 0.824059375 0.552771875 0.823559375 0.55353125 0.8223062499999999 0.54954375 0.8127812499999999 0.55049375 0.8117796875 0.5508734375000001 0.8095234375 0.5537203125 0.8067671875 0.5510625 0.8027562500000001 0.551253125 0.801253125 0.5531515625 0.798996875 0.5514421875 0.7947375 0.5537203125 0.7932328125 0.5542906249999999 0.791478125 0.5539109375 0.7892234375 0.5523921875 0.7879703124999999 0.5523921875 0.7854640625 0.5531515625 0.7849625 0.5544796875 0.7804515624999999 0.5577062500000001 0.7791984375000001 0.5577062500000001 0.7646609375 0.5582765625 0.7634078125 0.55505 0.7593984375 0.557896875 0.756140625 0.5580859375 0.7416046875 0.558465625 0.73759375 0.559415625 0.736090625 0.558465625 0.731078125 0.559225 0.7293234375 0.560934375 0.7283203125 0.5582765625 0.7256890625 0.557896875 0.7233078125 0.5559984375 0.7220546875 0.5542906249999999 0.71779375 0.5529609375 0.7167921875000001 0.5537203125 0.71228125 0.5559984375 0.7092734375 0.557896875 0.7087718749999999 0.5546703125 0.7067671875 0.5544796875 0.7050125 0.5588453125 0.701503125 0.558465625 0.698996875 0.5554296875 0.6972437499999999 0.5559984375 0.6954890625 0.558465625 0.6944859375 0.5588453125 0.6932328125 0.5561890625 0.6917296875 0.5537203125 0.6942359375 0.5514421875 0.6942359375 0.548784375 0.6852125 0.5484046874999999 0.6874687500000001 0.540621875 0.6854640625 0.538534375 0.6817046875 0.540053125 0.67769375 0.538725 0.6731828125 0.53720625 0.671178125 0.5330296875 0.6706765625 0.5301828125 0.673684375 0.525246875 0.673684375 0.5163249999999999 0.6734328125 0.5062640625 0.6716796875 0.49620312499999997 0.67268125 0.479309375 0.6706765625 0.4774109375 0.669925 0.476271875 0.663909375 0.474184375 0.6629078125000001 0.474184375 0.6606515625 0.475703125 0.6583953124999999 0.474753125 0.6571421875000001 0.4633640625 0.6649125 0.4616546875 0.6629078125000001 0.45482187500000004 0.6616546875 0.451025 0.6583953124999999 0.45045624999999995 0.6616546875 0.451025 0.6659140625 0.4453296875 0.6719296875 0.443621875 0.678696875 0.44343281250000005 0.6854640625 0.4447609375 0.6887218749999999 0.44494999999999996 0.701253125 0.44589999999999996 0.7047625 0.44703906250000003 0.9092734374999999 0.4489375 0.9145359375 0.45045624999999995 0.9258140625 0.4493171875 0.9423562499999999 0.4493171875 0.9797 0.4479875 0.989725
3 0.4102125 0.6147875 0.41211093749999994 0.6175437500000001 0.41457812499999996 0.6182953125 0.41495781249999997 0.6230578125 0.4159078125 0.6243109375 0.41989375000000007 0.6225562499999999 0.420653125 0.6235593749999999 0.4223609375 0.6280703125 0.422171875 0.6308265625 0.43507968750000003 0.6343359375000001 0.445709375 0.6330828125 0.4489375 0.633834375 0.45083593750000006 0.638596875 0.451025 0.648621875 0.45254374999999997 0.6463656249999999 0.45235312499999997 0.6441109375 0.45558125 0.6403515625 0.4588078125 0.6441109375 0.4624140625 0.6416046875 0.46678125000000004 0.643859375 0.472665625 0.64235625 0.4779796875 0.6443609375 0.48728125 0.6428578125 0.49316562499999994 0.6441109375 0.50056875 0.65238125 0.49943125000000005 0.6541359375 0.5001890625 0.6551375 0.5051249999999999 0.6568921875 0.513478125 0.6543859375000001 0.517084375 0.656390625 0.5271453125 0.6551375 0.5284734375 0.6543859375000001 0.5284734375 0.6533828125000001 0.535496875 0.6441109375 0.53720625 0.6443609375 0.5391046875 0.6383453125 0.53720625 0.6350875 0.5343578124999999 0.6330828125 0.53011875 0.6279859375 0.5292328125 0.6225562499999999 0.5317015625 0.6132828124999999 0.5330296875 0.6120296875 0.537015625 0.6120296875 0.5375859375 0.611278125 0.53601875 0.610275 0.53625625 0.6042609375 0.5381546875 0.603509375 0.53720625 0.601503125 0.53720625 0.593734375 0.538725 0.5917296875 0.5396734375000001 0.586465625 0.538534375 0.583959375 0.5343578124999999 0.58220625 0.5335984375 0.5797 0.53929375 0.57769375 0.540621875 0.5751875 0.5396734375000001 0.5721796875 0.53321875 0.5706765625 0.5317015625 0.566165625 0.5318906250000001 0.5644109375 0.5286640625000001 0.5629078125 0.5286640625000001 0.5531328125 0.533409375 0.5531328125 0.5368265625 0.548871875 0.542140625 0.548621875 0.53625625 0.54736875 0.5351171875 0.5448625 0.535496875 0.508771875 0.536446875 0.49924843750000003 0.5358765625 0.49498749999999997 0.5366359375 0.48345937499999997 0.53625625 0.4769421875 0.537775 0.45263125000000004 0.5373953124999999 0.446365625 0.5389140625 0.43583906250000004 0.538534375 0.423809375 0.5396734375000001 0.4182953125 0.537965625 0.40375937500000003 0.537015625 0.40225625000000004 0.533978125 0.40250624999999995 0.5326500000000001 0.4 0.5337890625 0.39849687500000003 0.537015625 0.39774375 0.5375859375 0.396240625 0.5315109375 0.3944859375 0.529803125 0.3919796875 0.5292328125 0.388971875 0.525246875 0.3894734375 0.524296875 0.385965625 0.526765625 0.381453125 0.525815625 0.37443593750000004 0.5263859375 0.368921875 0.528853125 0.366415625 0.5335984375 0.3651625 0.5381546875 0.35764375 0.53929375 0.34862187499999997 0.5389140625 0.33734375 0.540053125 0.331078125 0.539484375 0.3253140625 0.5402437499999999 0.31353437500000003 0.537015625 0.296240625 0.5330296875 0.2957390625 0.5326500000000001 0.293984375 0.53321875 0.291228125 0.535496875 0.28721874999999997 0.5351171875 0.28270625 0.541571875 0.27894687500000004 0.5425203125 0.2754390625 0.5425203125 0.26766875 0.5411921875 0.263909375 0.5396734375000001 0.26240625 0.52809375 0.25739375 0.5269546875 0.2558890625 0.52600625 0.2521296875 0.5261953125 0.24736875 0.5220203125 0.2418546875 0.5172734375 0.23784531250000002 0.51689375 0.23583906250000003 0.5182234375 0.2340859375 0.5254359375 0.23233125000000002 0.5248671875 0.23233125000000002 0.52391875 0.2290734375 0.5263859375 0.226065625 0.526575 0.2245609375 0.5254359375 0.2230578125 0.5233484374999999 0.223559375 0.5216406250000001 0.22631562500000002 0.5189828125 0.226065625 0.5146171875000001 0.2192984375 0.5030375 0.2155390625 0.5003796875 0.21654062500000001 0.49848125000000004 0.2198 0.49335625 0.21779375 0.48082812500000005 0.2205515625 0.474753125 0.2245609375 0.47190624999999997 0.2283203125 0.46640156250000003 0.23207968750000002 0.4654515625 0.23558906249999997 0.46070625 0.24009999999999998 0.451215625 0.25538906250000004 0.44950625000000005 0.261403125 0.4432421875 0.27468593750000003 0.441534375 0.2817046875 0.4394453125 0.286215625 0.4396359375 0.29724375 0.4432421875 0.304009375 0.448746875 0.31027499999999997 0.45197343749999996 0.3105265625 0.45349218750000003 0.3067671875 0.45558125 0.3057640625 0.45918749999999997 0.30776875000000004 0.46279375 0.31228125 0.465071875 0.31303281250000003 0.46526249999999997 0.3180453125 0.46678125000000004 0.32230625 0.47019687499999996 0.3280703125 0.47190624999999997 0.333834375 0.47342500000000004 0.3358390625 0.47703125 0.34561406250000004 0.477790625 0.3521296875 0.47759999999999997 0.361153125 0.4764609375 0.3666671875 0.4743734375 0.368921875 0.474184375 0.37318281249999996 0.472665625 0.37970000000000004 0.46791875000000005 0.385965625 0.45975625000000003 0.3919796875 0.45558125 0.3942359375 0.45045624999999995 0.3954890625 0.44646875 0.40025000000000005 0.44286250000000005 0.40776874999999996 0.4419140625 0.41228125000000004 0.436978125 0.4152875 0.4328015625 0.424059375 0.429384375 0.426065625 0.4276765625 0.428821875 0.42387968750000005 0.42581406250000003 0.4223609375 0.42756875 0.4233109375 0.43207968750000003 0.4200828125 0.44085156249999996 0.4208421875 0.44949843749999996 0.418375 0.45288281250000006 0.4159078125 0.4531328125 0.41495781249999997 0.4548875 0.41419843749999996 0.4593984375 0.41552812499999997 0.4621546875 0.413059375 0.46892187500000004 0.41040312500000004 0.4709265625 0.40755468749999996 0.5132828125 0.407365625 0.55263125 0.40812499999999996 0.5558890625 0.4077453125 0.5604015625 0.40888437499999997 0.5801999999999999 0.4077453125 0.583959375 0.40812499999999996 0.588471875 0.407365625 0.5994984375 0.41002343750000003 0.6045109375 0.40926406249999997 0.611278125 0.4102125 0.6147875
1 0.3422546875 0.45664218749999996 0.34946875 0.45764375 0.35307499999999997 0.4593984375 0.38477656250000003 0.45889687500000004 0.38515625 0.4548875 0.3800296875 0.451378125 0.3785125 0.4468671875 0.3794609375 0.443859375 0.3832578125 0.43909843750000005 0.38401718749999997 0.431328125 0.38515625 0.4278203125 0.38515625 0.42330781249999994 0.38363749999999996 0.41980000000000006 0.381359375 0.41779374999999996 0.37300625 0.41353437499999995 0.3610484375 0.41278125 0.350228125 0.4152875 0.3407359375 0.41980000000000006 0.3299171875 0.42807031249999994 0.3238421875 0.43583906250000004 0.321375 0.441103125 0.3209953125 0.44360937500000003 0.322134375 0.446365625 0.3261203125 0.451378125 0.3295375 0.45087656249999997 0.331625 0.45238125 0.333903125 0.458646875 0.3377 0.4631578125 0.339028125 0.4616546875 0.3397875 0.458646875 0.3422546875 0.45664218749999996
3 0.34130625000000003 0.49323281249999995 0.3407359375 0.498496875 0.337509375 0.5022562500000001 0.3350421875 0.50776875 0.3320046875 0.5107765625 0.3274484375 0.5132828125 0.327259375 0.5142859375 0.32801874999999997 0.516040625 0.3304859375 0.51729375 0.331434375 0.5192984375 0.333903125 0.5203 0.33409218749999997 0.5253140625 0.3388375 0.5320796875 0.3388375 0.5368421875 0.337509375 0.541103125 0.3371296875 0.5456140625 0.3380796875 0.5558890625 0.339028125 0.5994984375 0.3386484375 0.611528125 0.33921718749999996 0.616290625 0.338459375 0.6273187499999999 0.33921718749999996 0.6503765625 0.338459375 0.653884375 0.338459375 0.673934375 0.3378890625 0.68245625 0.336940625 0.6849624999999999 0.33675 0.701253125 0.338459375 0.7105265625 0.3386484375 0.7167921875000001 0.34092656250000003 0.7205515625000001 0.34092656250000003 0.73258125 0.3399765625 0.736340625 0.3416859375 0.7478703125 0.34187500000000004 0.762321875 0.34035625 0.763909375 0.3378890625 0.7634078125 0.3356109375 0.766165625 0.3350421875 0.7797 0.332953125 0.7867171875000001 0.32801874999999997 0.7912281250000001 0.323271875 0.8027562500000001 0.321375 0.8105265625 0.3202359375 0.821053125 0.3183375 0.8273187500000001 0.31548906250000003 0.8541359375 0.31416093749999996 0.8571421875 0.313021875 0.8882203125 0.31416093749999996 0.8929828125 0.310175 0.8977437500000001 0.309415625 0.9 0.30979531250000003 0.904009375 0.3105546875 0.9072687500000001 0.312453125 0.9092734374999999 0.3128328125 0.9120296874999999 0.3143515625 0.913534375 0.318146875 0.9105265625 0.3209953125 0.913784375 0.325740625 0.913534375 0.3265 0.9145359375 0.327259375 0.9180453125 0.32403125 0.9223062499999999 0.32403125 0.923809375 0.32706875 0.9253140625 0.3282078125 0.9273187500000001 0.327828125 0.9295734375 0.3259296875 0.931328125 0.32763906249999997 0.9330828125 0.3282078125 0.9358390625 0.32706875 0.9383453125000001 0.3253609375 0.9393484375 0.327828125 0.941353125 0.32839843750000003 0.943609375 0.32706875 0.9471171875 0.327828125 0.951378125 0.3265 0.953884375 0.324790625 0.9548875000000001 0.32555 0.9556390625000001 0.3185265625 0.9852124999999999 0.31378125 0.9839593750000001 0.3122625 0.98721875 0.3118828125 0.9904765624999999 0.3143515625 0.99774375 0.3143515625 0.99975 0.3149203125 0.99724375 0.3185265625 0.9944859375 0.322134375 0.9964906250000001 0.333903125 0.9962406250000001 0.3365609375 0.99774375 0.33675 0.99975 0.37091875 0.99975 0.37091875 0.99774375 0.37300625 0.9942359375 0.376803125 0.9957390625 0.38116875 0.9957390625 0.383446875 0.9939843749999999 0.3809796875 0.9929828125 0.374715625 0.9937343750000001 0.3720578125 0.99273125 0.3714875 0.9912281249999999 0.37035 0.9716796875 0.3684515625 0.9666671875 0.36731250000000004 0.9591484375 0.3667421875 0.946365625 0.3675015625 0.9426062500000001 0.366553125 0.9343359375 0.3675015625 0.9157890625 0.36883125 0.91228125 0.36883125 0.904009375 0.3707296875 0.89248125 0.372246875 0.889975 0.375475 0.8912281249999999 0.376803125 0.8957390625 0.37756249999999997 0.89248125 0.3773734375 0.88771875 0.37908125 0.8769421875000001 0.37908125 0.8716796875 0.3800296875 0.8691734375 0.37984062500000004 0.86240625 0.3807890625 0.8551375 0.3823078125 0.8223062499999999 0.3832578125 0.8182953124999999 0.3830671875 0.813784375 0.384396875 0.8105265625 0.38420624999999997 0.806265625 0.3855359375 0.8027562500000001 0.38534531250000004 0.7902250000000001 0.3870546875 0.781453125 0.388003125 0.77995 0.388571875 0.7791984375000001 0.392559375 0.7791984375000001 0.3883828125 0.773684375 0.3868640625 0.7646609375 0.388003125 0.7583953125 0.391609375 0.7493734375 0.393128125 0.7478703125 0.39331875 0.743859375 0.3950265625 0.7370921874999999 0.394646875 0.7353390625 0.388571875 0.731328125 0.39085000000000003 0.7240593750000001 0.3912296875 0.7192984375 0.3944578125 0.7052625 0.39331875 0.698746875 0.3942671875 0.6887218749999999 0.3921796875 0.68245625 0.3921796875 0.680953125 0.3942671875 0.67769375 0.3935078125 0.6744359375 0.3935078125 0.6619046875000001 0.393128125 0.6578953125 0.391040625 0.651378125 0.3921796875 0.6463656249999999 0.39180000000000004 0.6421046875 0.399203125 0.5696734375 0.40110156249999995 0.5681703125 0.40148124999999996 0.548871875 0.397684375 0.54260625 0.3957859375 0.536090625 0.3963546875 0.5330828125 0.3927484375 0.5315796875000001 0.3912296875 0.5295734375000001 0.39009062499999997 0.5250625 0.38515625 0.5220546875000001 0.3807890625 0.516040625 0.3720578125 0.513534375 0.3720578125 0.5017546875 0.37300625 0.49974999999999997 0.37718281249999996 0.49799531249999995 0.37661406249999996 0.48972499999999997 0.37756249999999997 0.48120312500000006 0.37965 0.4746859375 0.37984062500000004 0.4691734375 0.381928125 0.4659140625 0.3838265625 0.45889687500000004 0.3832578125 0.4548875 0.37908125 0.4478703125 0.3787015625 0.44436093750000005 0.3792703125 0.441103125 0.3807890625 0.43909843750000005 0.382878125 0.42756875 0.38211875 0.41980000000000006 0.37699375 0.41578906250000003 0.37395625 0.4152875 0.3595296875 0.4145359375 0.3509875 0.41604062500000005 0.34187500000000004 0.4203 0.3318140625 0.42756875 0.3253609375 0.43533906250000004 0.32194375000000003 0.44285781249999995 0.322134375 0.44436093750000005 0.3261203125 0.450125 0.3285875 0.44661718749999996 0.33010625 0.446115625 0.3312453125 0.44711718749999996 0.331625 0.451128125 0.335421875 0.4629078125 0.3371296875 0.48195468750000003 0.34054687499999997 0.48947343749999994 0.34130625000000003 0.49323281249999995
1 0.2847375 0.43157968750000003 0.2875859375 0.42807031249999994 0.29100156250000003 0.421303125 0.2949890625 0.4182953125 0.300303125 0.423809375 0.3054296875 0.438596875 0.30561875 0.443859375 0.3065671875 0.44661718749999996 0.3105546875 0.42355937499999996 0.30903593749999997 0.41578906250000003 0.3054296875 0.4042609375 0.302771875 0.39749375 0.29954375 0.39248125 0.2949890625 0.388471875 0.287015625 0.38746875 0.283409375 0.38797031249999997 0.269171875 0.396240625 0.25911093749999997 0.4067671875 0.2562640625 0.4117796875 0.25303749999999997 0.421053125 0.25151875 0.42731874999999997 0.25056875 0.43809531249999994 0.2503796875 0.446365625 0.25151875 0.4531328125 0.2579734375 0.4684203125 0.2606296875 0.47117812499999995 0.2636671875 0.4721796875 0.26784375 0.4694234375 0.27164062499999997 0.4629078125 0.281321875 0.4383453125 0.283978125 0.4350875 0.2847375 0.43157968750000003
3 0.25379687500000003 0.5017546875 0.25056875 0.5057640625000001 0.25170781249999996 0.50776875 0.25455625 0.50776875 0.255884375 0.5050125000000001 0.258921875 0.503759375 0.26025 0.5060156250000001 0.26025 0.513784375 0.2621484375 0.5182953125 0.260440625 0.5208015625 0.25987031250000003 0.5250625 0.25873124999999997 0.5265671875 0.2520875 0.5280703124999999 0.25151875 0.5290734375 0.2556953125 0.531078125 0.25868437499999997 0.531078125 0.261009375 0.5345859374999999 0.25987031250000003 0.5428578125 0.2556953125 0.5441109375 0.2572140625 0.5553890625 0.2556953125 0.55739375 0.2541765625 0.5669171875 0.255884375 0.5749375 0.2549359375 0.583959375 0.2562640625 0.58771875 0.2547453125 0.598496875 0.255125 0.6165406250000001 0.2556953125 0.62280625 0.2577828125 0.6270671875 0.257403125 0.638596875 0.258921875 0.6446109375 0.2572140625 0.650125 0.2585421875 0.6533828125000001 0.2556953125 0.658646875 0.2570234375 0.6629078125000001 0.25759375 0.6696734375 0.260440625 0.673684375 0.25873124999999997 0.6854640625 0.2636671875 0.6864656250000001 0.264996875 0.6887218749999999 0.2653765625 0.69975 0.263478125 0.7045109375 0.25968125 0.7045109375 0.2583515625 0.70776875 0.25759375 0.71253125 0.2579734375 0.7258140625 0.2572140625 0.7308265625 0.2579734375 0.7395984375 0.26176875 0.7441109375 0.264046875 0.751378125 0.2629078125 0.7566421875 0.25968125 0.7599 0.2585421875 0.7681703125 0.2606296875 0.778946875 0.2636671875 0.7832078124999999 0.26594531250000003 0.790978125 0.264996875 0.8007515625 0.26518593749999997 0.811278125 0.2642375 0.8145359375 0.268603125 0.8375937499999999 0.2672734375 0.84736875 0.267084375 0.85739375 0.26784375 0.861403125 0.2665140625 0.8679203125000001 0.25987031250000003 0.88771875 0.2562640625 0.89248125 0.256075 0.896490625 0.2539859375 0.8982453125 0.24867187500000001 0.923809375 0.24810156249999998 0.9406015625 0.24696250000000003 0.951128125 0.2488609375 0.9548875000000001 0.24810156249999998 0.9649125 0.2496203125 0.970175 0.24867187500000001 0.9741859375 0.24924062500000002 0.98220625 0.24791249999999998 0.9852124999999999 0.244115625 0.9829578124999999 0.24221718750000001 0.990225 0.244115625 0.9954890625000001 0.24791249999999998 0.9952375 0.2511390625 0.9979953125 0.2511390625 0.99975 0.25341718750000003 0.99975 0.25360625 0.99774375 0.2556953125 0.9969921875000001 0.2638578125 0.9969921875000001 0.2672734375 0.99975 0.29081250000000003 0.99975 0.2919515625 0.9892234375 0.2929 0.986215625 0.293090625 0.9802 0.2955578125 0.971178125 0.2957484375 0.966165625 0.30315156249999997 0.9198000000000001 0.3023921875 0.9177937500000001 0.3217546875 0.7954890625 0.3225140625 0.7947375 0.3217546875 0.791478125 0.323271875 0.78721875 0.322703125 0.7759406249999999 0.324221875 0.7719296875 0.3246015625 0.7671671875 0.322134375 0.7634078125 0.3143515625 0.628571875 0.3187171875 0.62756875 0.3234625 0.6230578125 0.3230828125 0.6208015625 0.32403125 0.6192984375 0.3259296875 0.62005 0.3265 0.619046875 0.3238421875 0.6017546874999999 0.3251703125 0.5957390625000001 0.3244109375 0.590978125 0.3253609375 0.5807015625 0.3251703125 0.57268125 0.3285875 0.5528828125 0.3285875 0.5481203125 0.326309375 0.5328328124999999 0.3246015625 0.5308265624999999 0.3225140625 0.5245609375 0.32289218750000004 0.521053125 0.321375 0.5170421875 0.3179578125 0.5107765625 0.31378125 0.509021875 0.30922499999999997 0.5052625 0.3065671875 0.5017546875 0.302771875 0.49924843750000003 0.30163281249999996 0.49774375 0.299734375 0.4907265625 0.29954375 0.48571406250000004 0.30258124999999997 0.4807015625 0.30429062500000004 0.4734328125 0.3061890625 0.4548875 0.3061890625 0.44711718749999996 0.30922499999999997 0.4230578125 0.308465625 0.41578906250000003 0.3065671875 0.40952343750000003 0.302771875 0.3992484375 0.298784375 0.393734375 0.2947984375 0.389975 0.287015625 0.388721875 0.2763859375 0.39248125 0.26632500000000003 0.40025000000000005 0.25949062500000003 0.40776874999999996 0.255315625 0.41629062499999997 0.2518984375 0.42731874999999997 0.2509484375 0.4431078125 0.25151875 0.45087656249999997 0.25379687500000003 0.45513750000000003 0.2556953125 0.46240625 0.25949062500000003 0.46867187499999996 0.2644265625 0.4704265625 0.26518593749999997 0.4744359375 0.2629078125 0.4832078125 0.2615796875 0.493984375 0.25911093749999997 0.5002500000000001 0.25379687500000003 0.5017546875
1 0.23993906250000002 0.43082656249999995 0.2406984375 0.42355937499999996 0.2401296875 0.4203 0.238040625 0.41578906250000003 0.23291562500000002 0.4107765625 0.2255125 0.40852187500000003 0.213553125 0.4092734375 0.20121562499999998 0.4142859375 0.19590000000000002 0.41980000000000006 0.19438125 0.423809375 0.1947609375 0.44736875 0.1970390625 0.4506265625 0.20482187500000001 0.453884375 0.22507031249999998 0.4531328125 0.23272656249999998 0.4541359375 0.2363328125 0.4533828125 0.2384203125 0.451128125 0.2353828125 0.4401 0.23993906250000002 0.43082656249999995
3 0.19590000000000002 0.458646875 0.1932421875 0.50275625 0.19438125 0.5072687499999999 0.1962796875 0.5092734375 0.1960890625 0.521553125 0.19741875 0.5233078124999999 0.19855781249999999 0.528821875 0.20197343750000002 0.53759375 0.21640156250000003 0.5481203125 0.2190578125 0.5478703125 0.22057656250000002 0.5466171875 0.221146875 0.5448625 0.2207671875 0.5403515624999999 0.22190625000000003 0.5348375 0.22494375 0.5255640625 0.22892968749999998 0.50751875 0.22949843749999999 0.5015031249999999 0.23348593750000002 0.490225 0.23462343749999998 0.47769375 0.23557343749999998 0.4744359375 0.23519375 0.4696734375 0.23595312499999999 0.46390937499999996 0.2401296875 0.4553890625 0.2363328125 0.441103125 0.2401296875 0.430075 0.2401296875 0.41954843750000004 0.23728125000000003 0.4147875 0.23215625 0.4105265625 0.22475312500000003 0.40877187499999995 0.21640156250000003 0.409021875 0.206909375 0.4117796875 0.2006453125 0.4155390625 0.19646875 0.41980000000000006 0.1947609375 0.42355937499999996 0.1945703125 0.42756875 0.19646875 0.43157968750000003 0.1938109375 0.43583906250000004 0.1924828125 0.44235625 0.18944531250000002 0.44335781250000006 0.19210312499999999 0.44436093750000005 0.19229374999999999 0.4483703125 0.1909640625 0.451128125 0.1947609375 0.45563906249999997 0.19590000000000002 0.458646875
1 0.177865625 0.429825 0.17957499999999998 0.431078125 0.185459375 0.43233125 0.19267343750000002 0.43157968750000003 0.1911546875 0.428571875 0.190775 0.423809375 0.186978125 0.42005 0.18830625 0.4120296875 0.1877375 0.4 0.18963593750000002 0.396240625 0.1902046875 0.39248125 0.1902046875 0.3804515625 0.1881171875 0.37318281249999996 0.185459375 0.36741875 0.181853125 0.3651625 0.17957499999999998 0.3656640625 0.1782453125 0.36766875 0.17672812499999999 0.366415625 0.17501875 0.3629078125 0.1723609375 0.361153125 0.1666671875 0.3599 0.1501515625 0.361153125 0.13363750000000002 0.36766875 0.1226265625 0.3746859375 0.11123749999999999 0.383709375 0.097 0.398746875 0.091115625 0.40626562499999996 0.0888375 0.4120296875 0.0878890625 0.42005 0.091875 0.428571875 0.10725156250000001 0.43759375 0.1192109375 0.43709218749999995 0.125284375 0.43533906250000004 0.1307890625 0.43533906250000004 0.13420625 0.43258125 0.162490625 0.43207968750000003 0.17369062500000002 0.42957343750000004 0.177865625 0.429825
3 0.11883125000000001 0.7967421875 0.11484375 0.8208015625 0.1138953125 0.8218046875 0.1138953125 0.823559375 0.11579375 0.824059375 0.11674218750000001 0.8265671875 0.1184515625 0.82756875 0.11484375 0.85263125 0.11408437499999999 0.8536343750000001 0.116553125 0.8553890624999999 0.1173125 0.8581453124999999 0.1226265625 0.8591484375 0.12376562499999999 0.8606515625 0.1235765625 0.8769421875000001 0.1220578125 0.8789468749999999 0.118071875 0.8789468749999999 0.11674218750000001 0.88220625 0.11427499999999999 0.8844609374999999 0.11674218750000001 0.8894734375000001 0.11883125000000001 0.8912281249999999 0.1190203125 0.8947375 0.1163625 0.8989968749999999 0.1146546875 0.90025 0.1161734375 0.9020046875000001 0.117121875 0.9057640625 0.1154140625 0.914034375 0.1138953125 0.9145359375 0.11256718750000001 0.9170421875000001 0.1100984375 0.9180453125 0.108959375 0.9198000000000001 0.1110484375 0.9218046875000001 0.11047812500000001 0.9265671875000001 0.10782031249999999 0.9283203125 0.1028859375 0.9265671875000001 0.1011765625 0.9293234375000001 0.09946875 0.9290734374999999 0.09851875 0.9300750000000001 0.0975703125 0.9345859375 0.09434375 0.9353390625 0.09586249999999999 0.9406015625 0.0949125 0.9428578125 0.09567187499999999 0.94761875 0.0947234375 0.9516296875 0.097 0.990978125 0.098709375 0.99975 0.1013671875 0.99975 0.10155624999999999 0.99774375 0.1064921875 0.9962406250000001 0.1110484375 0.99724375 0.1233859375 0.9964906250000001 0.126234375 0.99774375 0.1264234375 0.99975 0.12737343750000002 0.99975 0.1275625 0.99774375 0.1300296875 0.9967421875 0.1347765625 0.99724375 0.13914218750000001 0.9959906249999999 0.1427484375 0.99749375 0.1463546875 0.9959906249999999 0.150721875 0.9967421875 0.15356875 0.9954890625000001 0.15793437500000002 0.99724375 0.1598328125 0.9964906250000001 0.1738796875 0.9964906250000001 0.17653749999999999 0.9949875 0.182421875 0.9939843749999999 0.1812828125 0.989725 0.167615625 0.8729328125 0.1657171875 0.8704265625 0.1653375 0.8684203125 0.1679953125 0.8659140624999999 0.168565625 0.8563906250000001 0.169703125 0.8518796875 0.17445 0.8493734375 0.17065312500000002 0.8471171875 0.1689453125 0.8421046875 0.1695140625 0.8375937499999999 0.168565625 0.8348375000000001 0.168375 0.8255640625 0.169325 0.8220546875 0.168375 0.8208015625 0.167615625 0.8170421875 0.169703125 0.806515625 0.168565625 0.7994984374999999 0.16989375 0.7907265625 0.1679953125 0.78721875 0.16723593750000001 0.778696875 0.168375 0.776440625 0.17008281249999999 0.7754390625 0.169325 0.77243125 0.1714125 0.7656640625 0.17596875 0.763659375 0.18014375 0.7596484375 0.17957499999999998 0.7578953125 0.177865625 0.756390625 0.177865625 0.7533828125 0.17938437499999998 0.7498750000000001 0.1826125 0.7478703125 0.17596875 0.7451125000000001 0.17331093749999998 0.7413531250000001 0.174259375 0.7380953124999999 0.1761578125 0.736340625 0.17596875 0.73233125 0.1776765625 0.7288218750000001 0.1776765625 0.721053125 0.1784359375 0.7170421874999999 0.1776765625 0.71253125 0.17476562499999998 0.71278125 0.16780625 0.70776875 0.1623 0.7067671875 0.15812500000000002 0.703759375 0.14844375 0.7042609375 0.1471140625 0.70250625 0.14521562500000001 0.70250625 0.1412296875 0.7045109375 0.139521875 0.7087718749999999 0.1374328125 0.7087718749999999 0.134965625 0.7057640625 0.1332578125 0.706265625 0.131928125 0.709021875 0.13553593749999998 0.7117796875 0.13553593749999998 0.7135343749999999 0.1330671875 0.7147875 0.13211875 0.7167921875000001 0.138571875 0.72005 0.1362953125 0.7245609375 0.13724375 0.7265671874999999 0.13724375 0.7293234375 0.13515625 0.73233125 0.138003125 0.736090625 0.1370546875 0.7401 0.13914218750000001 0.7453640625 0.136675 0.7481203125 0.13420625 0.7478703125 0.1345859375 0.7493734375 0.1332578125 0.7511281249999999 0.125475 0.7498750000000001 0.1226265625 0.74235625 0.1211078125 0.7451125000000001 0.116553125 0.7468671875 0.11674218750000001 0.748621875 0.1190203125 0.7498750000000001 0.11674218750000001 0.7593984375 0.1146546875 0.7596484375 0.11579375 0.761153125 0.1161734375 0.763659375 0.1182609375 0.7654140625 0.1161734375 0.7751875 0.115034375 0.7754390625 0.1163625 0.776190625 0.1163625 0.7791984375000001 0.11788125 0.781203125 0.116553125 0.7949875 0.11883125000000001 0.7967421875
3 0.10098750000000001 0.43207968750000003 0.10250625 0.4348375 0.10592187500000001 0.43734375 0.111996875 0.4606515625 0.1118078125 0.4629078125 0.1138953125 0.47117812499999995 0.11332500000000001 0.4744359375 0.1161734375 0.47594062499999995 0.11959062499999999 0.47969999999999996 0.1214875 0.4852125 0.12319687500000001 0.4869671875 0.12490468749999999 0.49448593750000003 0.1256640625 0.501003125 0.125284375 0.5057640625000001 0.1224375 0.513534375 0.115034375 0.521303125 0.115034375 0.526065625 0.11256718750000001 0.5308265624999999 0.11275625 0.5353390625000001 0.1154140625 0.5370921875 0.115603125 0.5395984375 0.11674218750000001 0.5408515625 0.116553125 0.546115625 0.11313593749999999 0.551128125 0.11142812499999999 0.549875 0.1100984375 0.551128125 0.1100984375 0.553884375 0.11294531249999999 0.5556390625 0.11313593749999999 0.5568921875 0.1108578125 0.5588968750000001 0.1093390625 0.5649124999999999 0.109909375 0.569925 0.11123749999999999 0.5716796875 0.11028906249999999 0.5749375 0.11047812500000001 0.57769375 0.1118078125 0.5794484375 0.1108578125 0.5844609375 0.11256718750000001 0.5847125 0.11427499999999999 0.5819546875 0.1159828125 0.5817046875 0.11693281250000001 0.5844609375 0.1214875 0.5857140625 0.1228171875 0.5892234375000001 0.1323078125 0.595990625 0.1324984375 0.6005015625000001 0.13515625 0.604009375 0.13363750000000002 0.6055140625 0.1330671875 0.60751875 0.1338265625 0.6092734375 0.13553593749999998 0.610275 0.13553593749999998 0.61253125 0.13344687500000002 0.613534375 0.1326875 0.6152875 0.136484375 0.6177937499999999 0.13724375 0.6205515625 0.1340171875 0.6218046875 0.1330671875 0.6248125 0.12965 0.6268171875 0.131359375 0.6305765625 0.1300296875 0.6330828125 0.1300296875 0.6350875 0.1332578125 0.6403515625 0.1378125 0.641353125 0.1387625 0.6443609375 0.1368640625 0.6473687499999999 0.13724375 0.6518796874999999 0.135915625 0.653884375 0.1345859375 0.6531328125 0.1332578125 0.6568921875 0.12699375 0.658646875 0.1258546875 0.6629078125000001 0.1281328125 0.6654140625 0.1287015625 0.6674187500000001 0.131928125 0.668671875 0.1345859375 0.671428125 0.14028125 0.6684203125 0.1412296875 0.6659140625 0.144078125 0.666165625 0.1455953125 0.66766875 0.148253125 0.6674187500000001 0.1499625 0.6646609375 0.1539484375 0.6666671875 0.1550875 0.666165625 0.157365625 0.671178125 0.1554671875 0.6741859375 0.15774531249999998 0.6847125000000001 0.161540625 0.6892234375 0.16059218749999998 0.6932328125 0.1651484375 0.6972437499999999 0.16438906250000002 0.701253125 0.1653375 0.7030078125 0.16989375 0.7040093749999999 0.17198125 0.701253125 0.17046250000000002 0.696240625 0.1710328125 0.693984375 0.1714125 0.6659140625 0.17312031249999998 0.6619046875000001 0.172171875 0.6599 0.17198125 0.6566421874999999 0.17369062500000002 0.6308265625 0.17293125 0.618546875 0.1740703125 0.6150375 0.17312031249999998 0.603759375 0.17350000000000002 0.598746875 0.1725515625 0.5919796875000001 0.17293125 0.5797 0.17445 0.57268125 0.1740703125 0.5679203125 0.17501875 0.5654140625 0.1776765625 0.5631578125 0.17881562499999998 0.5606515625 0.17881562499999998 0.556140625 0.18014375 0.55263125 0.180903125 0.5471171874999999 0.183940625 0.5448625 0.17976406250000002 0.5393484374999999 0.1782453125 0.53233125 0.18014375 0.5295734375000001 0.1845109375 0.5290734375 0.1814734375 0.5268171875000001 0.1784359375 0.5278203125 0.17691718750000002 0.524059375 0.17691718750000002 0.51754375 0.175209375 0.513784375 0.17691718750000002 0.509775 0.17596875 0.5012531250000001 0.1774859375 0.49799531249999995 0.1774859375 0.493734375 0.18318125000000002 0.49047656249999994 0.1867875 0.48245625 0.187546875 0.47844687500000005 0.18621875000000002 0.45563906249999997 0.1865984375 0.4506265625 0.18413125 0.44260625 0.1845109375 0.43909843750000005 0.1829921875 0.43759375 0.17938437499999998 0.43659218749999995 0.18318125000000002 0.4203 0.180903125 0.4147875 0.17995468750000002 0.40751875000000004 0.181853125 0.3729328125 0.17957499999999998 0.3719296875 0.1791953125 0.368921875 0.17805625 0.3671671875 0.17369062500000002 0.366415625 0.1659078125 0.3619046875 0.162490625 0.36240625 0.15812500000000002 0.3659140625 0.1501515625 0.3646609375 0.1463546875 0.3669171875 0.1387625 0.36842031249999996 0.1218671875 0.3766921875 0.1154140625 0.381453125 0.0973796875 0.40025000000000005 0.0947234375 0.40400937499999995 0.0939640625 0.40726874999999996 0.09168593750000001 0.41127812500000005 0.09168593750000001 0.4142859375 0.0947234375 0.41578906250000003 0.0954828125 0.41980000000000006 0.097 0.41729374999999996 0.098709375 0.4167921875 0.0996578125 0.4167921875 0.1019359375 0.41980000000000006 0.1021265625 0.42255624999999997 0.10079687500000001 0.42731874999999997 0.10098750000000001 0.43207968750000003
3 0.0457484375 0.4468671875 0.0472671875 0.4546359375 0.0472671875 0.45764375 0.046128125 0.4609015625 0.0356875 0.4729328125 0.0328390625 0.4744359375 0.0345484375 0.480953125 0.0368265625 0.48270625 0.040053125 0.48721875 0.0463171875 0.5017546875 0.046696875 0.506515625 0.043279687500000004 0.5092734375 0.0429 0.51278125 0.041571875 0.5145359375 0.040621875 0.5253140625 0.0396734375 0.5283203125 0.0408125 0.53734375 0.041571875 0.5365921874999999 0.042140625 0.5328328124999999 0.044798437499999996 0.5315796875000001 0.056757812500000004 0.5315796875000001 0.06074375 0.5340859375 0.061693750000000006 0.5353390625000001 0.062453125 0.5393484374999999 0.0643515625 0.5403515624999999 0.07498125 0.5330828125 0.07554999999999999 0.531328125 0.08010625 0.5303265625 0.082384375 0.5283203125 0.0863703125 0.52731875 0.0888375 0.5253140625 0.09168593750000001 0.5243109375 0.0954828125 0.52756875 0.1000375 0.5253140625 0.10174687499999999 0.521303125 0.1034546875 0.521303125 0.0865609375 0.45087656249999997 0.08675000000000001 0.4468671875 0.0901671875 0.43959843750000005 0.0886484375 0.43583906250000004 0.089028125 0.43157968750000003 0.0871296875 0.423809375 0.0871296875 0.41604062500000005 0.089028125 0.4080203125 0.087509375 0.39273125000000003 0.09168593750000001 0.388971875 0.09339375 0.3852125 0.0945328125 0.3766921875 0.09301406250000001 0.37318281249999996 0.08959687499999999 0.368921875 0.084471875 0.3669171875 0.0643515625 0.366415625 0.0559984375 0.368921875 0.0410015625 0.3766921875 0.033218750000000005 0.38270624999999997 0.025056250000000002 0.39223125 0.023728125 0.3957390625 0.02391875 0.40025000000000005 0.0248671875 0.4030078125 0.02904375 0.4055140625 0.0328390625 0.4057640625 0.0366359375 0.4130328125 0.0381546875 0.4192984375 0.040621875 0.43809531249999994 0.0419515625 0.4421046875 0.0457484375 0.4468671875
1 0.0842828125 0.4147875 0.0877 0.41353437499999995 0.08978749999999999 0.4080203125 0.08826874999999999 0.40350937499999995 0.08940781249999999 0.4005015625 0.089028125 0.39749375 0.0939640625 0.38746875 0.0954828125 0.381203125 0.0954828125 0.3766921875 0.09434375 0.37268124999999996 0.0922546875 0.3694234375 0.0880796875 0.3669171875 0.0768796875 0.3651625 0.0685265625 0.3651625 0.06074375 0.366415625 0.054290625 0.368671875 0.044989062499999996 0.37368437499999996 0.0343578125 0.3807015625 0.026765624999999998 0.388721875 0.023159375 0.3949875 0.0227796875 0.4005015625 0.024487500000000002 0.4032578125 0.0358765625 0.41127812500000005 0.0383453125 0.41403437500000007 0.0410015625 0.4145359375 0.0455578125 0.4107765625 0.0485953125 0.41278125 0.07554999999999999 0.41503750000000006 0.07896718750000001 0.4142859375 0.0842828125 0.4147875