3 0.4453125 0.654296875 0.455078125 0.546875 0.447265625 0.513671875 0.451171875 0.498046875 0.46484375 0.4921875 0.46484375 0.48046875 0.4609375 0.46875 0.4375 0.458984375 0.447265625 0.3828125 0.419921875 0.3671875 0.404296875 0.34765625 0.408203125 0.291015625 0.396484375 0.265625 0.3671875 0.26171875 0.3515625 0.26953125 0.34375 0.29296875 0.359375 0.345703125 0.34375 0.365234375 0.310546875 0.380859375 0.30078125 0.416015625 0.296875 0.48828125 0.318359375 0.50390625 0.322265625 0.515625 0.3515625 0.7421875 0.373046875 0.810546875 0.375 0.8515625 0.43359375 0.853515625 0.43359375 0.806640625 0.447265625 0.748046875 0.4453125 0.654296875
3 0.576171875 0.8515625 0.58203125 0.69140625 0.591796875 0.59375 0.59765625 0.587890625 0.591796875 0.5703125 0.60546875 0.55859375 0.609375 0.4765625 0.6015625 0.462890625 0.6015625 0.3984375 0.59375 0.36328125 0.556640625 0.330078125 0.5625 0.279296875 0.546875 0.25390625 0.525390625 0.248046875 0.501953125 0.26171875 0.49609375 0.296875 0.505859375 0.328125 0.49609375 0.34765625 0.4609375 0.3671875 0.4453125 0.412109375 0.4453125 0.45703125 0.466796875 0.470703125 0.4765625 0.580078125 0.5 0.662109375 0.501953125 0.73828125 0.521484375 0.81640625 0.51953125 0.849609375 0.544921875 0.84375 0.546875 0.8515625 0.576171875 0.8515625
3 0.72265625 0.853515625 0.728515625 0.84765625 0.724609375 0.822265625 0.7421875 0.740234375 0.748046875 0.439453125 0.7578125 0.43359375 0.7578125 0.421875 0.744140625 0.376953125 0.69921875 0.349609375 0.689453125 0.328125 0.693359375 0.283203125 0.685546875 0.267578125 0.66796875 0.2578125 0.640625 0.265625 0.6328125 0.279296875 0.6328125 0.310546875 0.646484375 0.345703125 0.634765625 0.36328125 0.607421875 0.376953125 0.607421875 0.451171875 0.6015625 0.462890625 0.611328125 0.470703125 0.609375 0.58984375 0.595703125 0.59375 0.595703125 0.599609375 0.6328125 0.615234375 0.646484375 0.673828125 0.650390625 0.744140625 0.669921875 0.814453125 0.654296875 0.849609375 0.72265625 0.853515625
3 0.779296875 0.65234375 0.791015625 0.751953125 0.77734375 0.791015625 0.77734375 0.814453125 0.79296875 0.818359375 0.798828125 0.828125 0.79296875 0.8515625 0.8515625 0.853515625 0.857421875 0.849609375 0.861328125 0.75 0.859375 0.64453125 0.875 0.583984375 0.875 0.46142656249999997 0.888671875 0.42578125 0.8671875 0.365234375 0.833984375 0.34765625 0.8203125 0.328125 0.82421875 0.291015625 0.818359375 0.26953125 0.80859375 0.259765625 0.78515625 0.2578125 0.767578125 0.2734375 0.779296875 0.34375 0.748046875 0.3671875 0.74609375 0.3828125 0.76171875 0.423828125 0.76171875 0.43359375 0.751953125 0.4375 0.7578125 0.47265625 0.75390625 0.587890625 0.763671875 0.599609375 0.779296875 0.65234375
3 0.935546875 0.84765625 0.9921875 0.8515625 0.998046875 0.837890625 0.9921875 0.8046875 0.998046875 0.767578125 0.998046875 0.35546875 0.966796875 0.337890625 0.970703125 0.2734375 0.958984375 0.2578125 0.94140625 0.25 0.91796875 0.2578125 0.908203125 0.28125 0.9140625 0.333984375 0.8984375 0.349609375 0.875 0.357421875 0.875 0.3828125 0.892578125 0.43359375 0.8828125 0.478515625 0.888671875 0.517578125 0.884765625 0.544921875 0.890625 0.552734375 0.8828125 0.556640625 0.921875 0.666015625 0.9453125 0.80078125 0.935546875 0.84765625
3 0 0.6171875 0.0078125 0.66015625 0 0.80859375 0.013671875 0.8125 0.025390625 0.833984375 0.03515625 0.830078125 0.03515625 0.81640625 0.046875 0.80078125 0.056640625 0.798828125 0.072265625 0.814453125 0.0703125 0.83984375 0.09375 0.841796875 0.091796875 0.81640625 0.10546875 0.806640625 0.1015625 0.681640625 0.115234375 0.611328125 0.123046875 0.6015625 0.1171875 0.572265625 0.134765625 0.55859375 0.125 0.5234375 0.130859375 0.5078125 0.12109375 0.4931640625 0.11328125 0.4453125 0.123046875 0.37109375 0.103515625 0.357421875 0.10546875 0.33203125 0.0859375 0.314453125 0.091796875 0.283203125 0.08203125 0.267578125 0.0625 0.25390625 0.044921875 0.25390625 0.021484375 0.283203125 0.01953125 0.310546875 0 0.33203125 0.0078125 0.34375 0 0.353515625 0 0.6171875
3 0.34433437499999997 0.3677734375 0.35800624999999997 0.3501953125 0.34433437499999997 0.2955078125 0.32675624999999997 0.2798828125 0.33261562499999997 0.2154296875 0.31894374999999997 0.1919921875 0.30331874999999997 0.1841796875 0.27402187499999997 0.1919921875 0.26425624999999997 0.2251953125 0.27792812499999997 0.2779296875 0.22519375 0.3248046875 0.227146875 0.3482421875 0.26816249999999997 0.3580078125 0.29355312499999997 0.4126953125 0.29550624999999997 0.4283203125 0.28769374999999997 0.4419921875 0.29550624999999997 0.4576171875 0.29159999999999997 0.4400390625 0.30917812499999997 0.4048828125 0.30917812499999997 0.3873046875 0.34433437499999997 0.3677734375
3 0.32284999999999997 0.5123046875 0.29355312499999997 0.4927734375 0.28574062499999997 0.4927734375 0.28183437499999997 0.5025390625 0.28574062499999997 0.5962890625 0.26620937499999997 0.7857421875 0.27597499999999997 0.8150390625 0.27206874999999997 0.8013671875 0.28574062499999997 0.7876953125 0.28769374999999997 0.7056640625 0.30527187499999997 0.6041015625 0.31113124999999997 0.5865234375 0.32870937499999997 0.5787109375 0.32284999999999997 0.5123046875
3 0.7578125 0.25390625 0.748046875 0.216796875 0.7265625 0.201171875 0.689453125 0.21484375 0.6875 0.236328125 0.705078125 0.287109375 0.6953125 0.33984375 0.74609375 0.365234375 0.75 0.357421875 0.765625 0.35546875 0.77734375 0.33984375 0.77734375 0.330078125 0.75 0.291015625 0.7578125 0.25390625
3 0.263671875 0.853515625 0.26953125 0.845703125 0.255859375 0.822265625 0.26171875 0.80859375 0.255859375 0.783203125 0.263671875 0.771484375 0.267578125 0.673828125 0.279296875 0.61328125 0.28125 0.55078125 0.2734375 0.505859375 0.283203125 0.478515625 0.28125 0.43359375 0.2890625 0.427734375 0.2890625 0.4140625 0.265625 0.359375 0.224609375 0.349609375 0.216796875 0.33984375 0.2265625 0.310546875 0.2265625 0.27734375 0.212890625 0.2578125 0.1875 0.25390625 0.173828125 0.263671875 0.166015625 0.283203125 0.173828125 0.341796875 0.12890625 0.375 0.119140625 0.41015625 0.1171875 0.44140625 0.125 0.455078125 0.126953125 0.49609375 0.15625 0.50390625 0.15625 0.572265625 0.17578125 0.677734375 0.17578125 0.73828125 0.197265625 0.814453125 0.19921875 0.84765625 0.263671875 0.853515625
2 0.96875 0.302734375 0.970703125 0.271484375 0.95703125 0.255859375 0.9296875 0.25 0.91015625 0.2734375 0.912109375 0.298828125 0.943359375 0.28125 0.96875 0.302734375
2 0.771484375 0.283203125 0.794921875 0.2734375 0.822265625 0.294921875 0.8203125 0.271484375 0.806640625 0.2578125 0.78125 0.2578125 0.767578125 0.26953125 0.767578125 0.29296875 0.771484375 0.283203125
2 0.748046875 0.216796875 0.7265625 0.201171875 0.69140625 0.21484375 0.6875 0.232421875 0.697265625 0.25 0.75390625 0.23828125 0.748046875 0.216796875
2 0.63671875 0.314453125 0.646484375 0.283203125 0.6640625 0.271484375 0.68359375 0.283203125 0.693359375 0.3125 0.6953125 0.283203125 0.6796875 0.26171875 0.65625 0.2578125 0.6328125 0.275390625 0.63671875 0.314453125
2 0.51953125 0.263671875 0.537109375 0.263671875 0.556640625 0.283203125 0.5625 0.28125 0.55078125 0.2578125 0.533203125 0.248046875 0.501953125 0.26171875 0.5 0.283203125 0.51953125 0.263671875
2 0.357421875 0.296875 0.384765625 0.28515625 0.408203125 0.310546875 0.404296875 0.275390625 0.392578125 0.263671875 0.361328125 0.26171875 0.345703125 0.28125 0.34765625 0.310546875 0.357421875 0.296875
2 0.326171875 0.228515625 0.330078125 0.21875 0.31640625 0.19140625 0.27734375 0.19140625 0.265625 0.201171875 0.26171875 0.220703125 0.267578125 0.228515625 0.326171875 0.228515625
2 0.16796875 0.275390625 0.1640625 0.294921875 0.169921875 0.30859375 0.201171875 0.26953125 0.212890625 0.271484375 0.2265625 0.291015625 0.228515625 0.279296875 0.21875 0.26171875 0.205078125 0.25390625 0.181640625 0.255859375 0.16796875 0.275390625
2 0.09375 0.298828125 0.083984375 0.26953125 0.06640625 0.255859375 0.0390625 0.255859375 0.025390625 0.2734375 0.021484375 0.306640625 0 0.328125 0.005859375 0.34375 0.029296875 0.341796875 0.02734375 0.3046875 0.048828125 0.279296875 0.068359375 0.275390625 0.08203125 0.28515625 0.087890625 0.306640625 0.09375 0.298828125
2 0.080078125 0.326171875 0.078125 0.353515625 0.1015625 0.35546875 0.10546875 0.33203125 0.087890625 0.322265625 0.080078125 0.326171875