3 0.8141390625 0.49465624999999996 0.81356875 0.4976484375 0.8164203125 0.5014968750000001 0.8172750000000001 0.5087640625 0.8184156249999999 0.5198796875 0.8178453125 0.5339890625 0.8192703124999999 0.5472421875 0.8192703124999999 0.56861875 0.820125 0.571184375 0.8189859374999999 0.59170625 0.8206953125 0.6036765625 0.8204109374999999 0.607096875 0.8161343750000001 0.6147921875 0.81499375 0.6194953125 0.81499375 0.6318937499999999 0.8181296874999999 0.6784953125000001 0.8289624999999999 0.7507484375 0.8309578125 0.7875156249999999 0.8332390625 0.8046171875000001 0.8335234375 0.82599375 0.835234375 0.8358265625 0.835234375 0.8413859374999999 0.8320984375 0.8550656249999999 0.821265625 0.8648999999999999 0.8167046875 0.8730234375 0.8055875 0.8794359375 0.8027359374999999 0.8845656249999999 0.804446875 0.8888406249999999 0.8081531249999999 0.8922609375 0.8169890625 0.8939718750000001 0.8320984375 0.8905515625 0.8540484375 0.8884140625000001 0.8568984374999999 0.8845656249999999 0.868015625 0.8948265624999999 0.865165625 0.900384375 0.8637406249999999 0.9067984375 0.864025 0.9157765625 0.8717218750000001 0.9183406250000001 0.8842640625 0.916203125 0.8939562499999999 0.9042328124999999 0.88968125 0.876015625 0.8868296875 0.866609375 0.88968125 0.8525015625 0.8876859375 0.796921875 0.885975 0.7823859375 0.8948124999999999 0.4189828125 0.8968078125 0.40401875 0.8970921875 0.38606250000000003 0.8962375 0.3822140625 0.8882546874999999 0.3710984375 0.881984375 0.353996875 0.8814140625 0.34587500000000004 0.8791328125 0.34373593750000003 0.8771375000000001 0.3279171875 0.8737171874999999 0.3142375 0.8737171874999999 0.3018390625 0.8725765624999999 0.3018390625 0.8717218750000001 0.30696875 0.869440625 0.30953437500000003 0.8645953125 0.3099609375 0.8617453125000001 0.3125265625 0.8568984374999999 0.311671875 0.8571828125 0.31851250000000003 0.85889375 0.3236421875 0.7907640625 0.43608437499999997 0.789053125 0.44249687499999996 0.7899093749999999 0.44463437499999997 0.7879140625 0.45874375 0.7893390625000001 0.460453125 0.790478125 0.4664390625 0.7927593749999999 0.46686562499999995 0.7973203125 0.47156875 0.7970359375 0.47456250000000005 0.8024515624999999 0.4822578125 0.8112890625 0.4873875 0.8141390625 0.49465624999999996
3 0.7710953125 0.78153125 0.7725203125 0.7913640625 0.7753703125 0.85335625 0.7736609375 0.86190625 0.7713796875 0.8636171875 0.7716640625 0.8661828125 0.7753703125 0.8648999999999999 0.77565625 0.8525015625 0.779646875 0.846515625 0.7827828125 0.8512187499999999 0.7879140625 0.8477984375000001 0.7927593749999999 0.8503640625 0.7947546875 0.8546390625000001 0.795325 0.853784375 0.798175 0.8388203125 0.7973203125 0.778965625 0.795609375 0.7614359375 0.7936140625 0.7550234375 0.7927593749999999 0.742196875 0.7967500000000001 0.71825625 0.81071875 0.6737921874999999 0.8129984374999999 0.659684375 0.81356875 0.6139375 0.811859375 0.607096875 0.8112890625 0.5929890624999999 0.8072968749999999 0.5694734375 0.8092937499999999 0.5592140624999999 0.81214375 0.5528 0.8127140624999999 0.543821875 0.8161343750000001 0.5254375 0.8152796875 0.505771875 0.8101484375 0.4955109375 0.8021671874999999 0.487815625 0.7947546875 0.47028593750000003 0.7827828125 0.462590625 0.7816421874999999 0.4728515625 0.7790765625 0.47370625000000005 0.7782218750000001 0.47712656249999996 0.7736609375 0.4818296875 0.76966875 0.4929453125 0.7702390625 0.49893124999999994 0.766534375 0.5014968750000001 0.7648234375 0.5117578125 0.7616875000000001 0.5164593749999999 0.7596921875 0.5233 0.755415625 0.5408296874999999 0.75228125 0.563915625 0.7542765625000001 0.5998296875 0.7542765625000001 0.609234375 0.751425 0.6147921875 0.751140625 0.6190687500000001 0.75285 0.6442921875 0.752565625 0.6708000000000001 0.7571265625 0.7148359375 0.7616875000000001 0.7366390625 0.764253125 0.755878125 0.7710953125 0.78153125
3 0.6921328124999999 0.5840109375 0.68928125 0.5929890624999999 0.6884265625 0.604959375 0.6832953125000001 0.6190687500000001 0.6847203125 0.630753125 0.6835796875 0.6464296875 0.6821546875 0.7327921875000001 0.6835796875 0.7434796875 0.6832953125000001 0.751603125 0.6844359375 0.7545953125 0.6830109375 0.7712703125 0.6838656249999999 0.8319796875 0.6872859375 0.8525015625 0.6870015625 0.8653265625 0.6964078125000001 0.8713124999999999 0.69811875 0.8657546875 0.7368875 0.868746875 0.7400234375 0.8704578125 0.7428734375 0.8657546875 0.748859375 0.8631890625 0.7491453124999999 0.848225 0.752565625 0.8452328124999999 0.75370625 0.8392468750000001 0.7548453125 0.8140234375000001 0.75285 0.7840953125000001 0.7534203125000001 0.7742625000000001 0.7517109375000001 0.758871875 0.7519953125 0.751175 0.7508546875000001 0.7490375 0.75 0.711415625 0.7519953125 0.6857624999999999 0.751140625 0.676784375 0.7517109375000001 0.6374515625 0.750284375 0.616075 0.75285 0.6006843749999999 0.751140625 0.563915625 0.7531359375 0.5528 0.7534203125000001 0.5421125 0.75655625 0.5344171875 0.7574109375 0.525865625 0.7636828125 0.5014968750000001 0.762828125 0.49850312499999994 0.76539375 0.49038125 0.766534375 0.478409375 0.76824375 0.4749890625 0.767959375 0.464728125 0.7673890625 0.4613078125 0.7655359374999999 0.4613078125 0.7631125 0.45660468749999994 0.7636828125 0.4548953125 0.7596921875 0.43907656250000004 0.7574109375 0.437365625 0.75 0.42026562500000003 0.7442984375 0.39974375 0.7454390625 0.3958953125 0.7440140625 0.38734531250000004 0.7363171875 0.38606250000000003 0.73460625 0.3822140625 0.7311859375 0.3800765625 0.7286203125 0.3710984375 0.7274796875 0.356990625 0.7237750000000001 0.3484390625 0.72434375 0.34544687500000004 0.7226343749999999 0.3505765625 0.7180734375 0.3514328125 0.7149375 0.347584375 0.71265625 0.341171875 0.710946875 0.34159843749999996 0.7106609374999999 0.3488671875 0.693271875 0.347584375 0.6889968750000001 0.359128125 0.6842937499999999 0.3621203125 0.6781640624999999 0.363403125 0.67759375 0.374946875 0.6807296875 0.3826421875 0.6810140625 0.3916203125 0.6738875 0.42026562500000003 0.6718921875 0.433090625 0.6716078125 0.43950468750000005 0.6738875 0.44976562500000006 0.677309375 0.4548953125 0.6813 0.46686562499999995 0.6867156249999999 0.47456250000000005 0.68928125 0.48396718749999995 0.6989734375000001 0.4916625 0.700684375 0.4997859375 0.695553125 0.5651984375 0.6921328124999999 0.5840109375
3 0.6009125 0.853784375 0.6023375 0.860196875 0.6003421875 0.8884140625000001 0.5983468750000001 0.8922609375 0.5983468750000001 0.8952546874999999 0.603478125 0.9050874999999999 0.6160203125 0.9085078125000001 0.621721875 0.9059421875 0.6237171874999999 0.8973921875 0.6257125 0.8939718750000001 0.6354046875 0.8982468750000001 0.6428171875 0.896109375 0.64538125 0.8922609375 0.64395625 0.8845656249999999 0.6391109375 0.8725953125 0.6379703125 0.8563484375 0.64253125 0.8525015625 0.645096875 0.8460875 0.647378125 0.7982046875 0.650228125 0.7798203125 0.660775 0.65284375 0.6602046875 0.6336046875 0.657925 0.6190687500000001 0.6584953125 0.60325 0.6550734375 0.5921328124999999 0.65421875 0.5844375 0.661915625 0.5771703125000001 0.66305625 0.5720390625 0.6661921875 0.56861875 0.6673312499999999 0.5609234375 0.6673312499999999 0.5566484375 0.66305625 0.545959375 0.657925 0.5250109375 0.6550734375 0.5207359375 0.65421875 0.5117578125 0.655359375 0.5070546874999999 0.6622 0.4976484375 0.6653359375 0.4861046875 0.661915625 0.47755468749999996 0.6547890625 0.47712656249999996 0.6536484375 0.4724234375 0.6536484375 0.462590625 0.6493734375 0.44206874999999995 0.6485171875 0.43180781250000005 0.6442421875 0.4164171875 0.638540625 0.4091484375 0.63084375 0.40615625 0.6271375 0.406584375 0.6240015624999999 0.40829375 0.6183015625 0.41513437499999994 0.6128843749999999 0.43138125 0.6094640625000001 0.4544671875 0.6091796875 0.4724234375 0.5783921875 0.5019234375 0.5755421875 0.5019234375 0.5758265625 0.5185984375 0.5803875 0.5356984375 0.5786765625 0.5523734375 0.580103125 0.5562203125 0.5789625 0.56006875 0.5798171875 0.575459375 0.5889390624999999 0.578025 0.6023375 0.76485625 0.60005625 0.7862328125 0.6009125 0.853784375
3 0.5096921875 0.7387765625 0.51396875 0.7674218749999999 0.5133984375 0.7952109375 0.5202390625 0.860196875 0.5190984375000001 0.8751609374999999 0.51681875 0.8820015625 0.51396875 0.8849937499999999 0.512828125 0.891834375 0.51396875 0.9038046874999999 0.516534375 0.9067984375 0.5290765625 0.9046593749999999 0.53135625 0.9016671875 0.5396234375 0.8965375 0.541334375 0.8884140625000001 0.555871875 0.8884140625000001 0.5575828125 0.896109375 0.5652796875 0.9016671875 0.5718359375000001 0.9046593749999999 0.5835234375 0.9038046874999999 0.585234375 0.9008125 0.58409375 0.89140625 0.5795328125 0.88713125 0.5746859375 0.8734500000000001 0.57240625 0.8614796874999999 0.573546875 0.8452328124999999 0.5729765625 0.817015625 0.5721203125 0.8140234375000001 0.573546875 0.8110296874999999 0.57383125 0.785378125 0.5732609375 0.7785375 0.5718359375000001 0.775971875 0.57155 0.7635734375000001 0.569840625 0.7533140625 0.5718359375000001 0.73321875 0.5721203125 0.7122703125000001 0.571265625 0.6806328125000001 0.570125 0.6736500000000001 0.572690625 0.654125 0.5652796875 0.6220609375 0.5615734375 0.5998296875 0.5615734375 0.59384375 0.5627140625 0.59170625 0.568415625 0.5899953124999999 0.57240625 0.5870031250000001 0.5746859375 0.5831546875 0.576396875 0.56861875 0.57525625 0.5609234375 0.5769671875 0.5404015625 0.5661343750000001 0.5126125 0.5610031249999999 0.492090625 0.5535921874999999 0.48439531249999995 0.545325 0.48054687500000004 0.5396234375 0.4801203125 0.5356328125 0.476271875 0.5336375 0.47156875 0.536203125 0.4664390625 0.5379140625 0.4544671875 0.5396234375 0.451046875 0.539053125 0.43779375 0.54019375 0.43138125 0.54019375 0.4138515625 0.54161875 0.4095765625 0.5450406250000001 0.40786718750000006 0.5444703125 0.3958953125 0.53876875 0.39418593749999997 0.528790625 0.397178125 0.5210953125 0.3946125 0.5148234375 0.3946125 0.5059859375 0.40102656249999996 0.501425 0.41256875 0.501140625 0.42753281249999997 0.5096921875 0.462590625 0.5088375 0.47755468749999996 0.50285 0.489953125 0.49401406249999996 0.49935937499999994 0.48688750000000003 0.510046875 0.48261093749999995 0.5224453125 0.4837515625 0.5604953125 0.48802812500000003 0.5767421875000001 0.4911625 0.5823 0.49486875 0.607096875 0.5008546875000001 0.6327484375 0.5008546875000001 0.6622484375 0.505415625 0.6849078125 0.5071265625 0.7161187499999999 0.5094078125 0.7276609374999999 0.5096921875 0.7387765625
3 0.422178125 0.9046593749999999 0.4213234375 0.901240625 0.4218921875 0.8931171875 0.42388750000000003 0.8905515625 0.42759375000000005 0.8909796875 0.42901875 0.8888406249999999 0.42787968750000005 0.8837109375000001 0.48603125 0.8572046875 0.4900234375 0.8567765625 0.49201875 0.85335625 0.4883125 0.8499359375 0.48973750000000005 0.8456609374999999 0.48802812500000003 0.8426671875 0.4925890625 0.8341171875000001 0.49629375 0.8345453125000001 0.49828906249999994 0.8306968749999999 0.49800468750000004 0.7823859375 0.4925890625 0.749465625 0.4925890625 0.7238140625 0.49372812499999996 0.708421875 0.4957234375 0.70158125 0.4957234375 0.6896109375 0.49030781250000005 0.6391625000000001 0.49030781250000005 0.620778125 0.48631718749999997 0.5946984375000001 0.480615625 0.5720390625 0.4811859375 0.5562203125 0.47976093750000004 0.5211625 0.47434374999999995 0.5117578125 0.4706390625 0.4997859375 0.47120937500000004 0.4933734375 0.475484375 0.478409375 0.4760546875 0.47028593750000003 0.47462968749999995 0.4655828125 0.4757703125 0.451475 0.4783359375 0.4412140625 0.48033125 0.4232578125 0.4783359375 0.4142796875 0.47434374999999995 0.40786718750000006 0.46322656249999994 0.403590625 0.45524531250000005 0.404446875 0.4489734375 0.40829375 0.4415625 0.4211203125 0.436715625 0.41812812499999996 0.4355765625 0.4100046875 0.43785625 0.40401875 0.43785625 0.40017031249999996 0.43586093750000005 0.3963234375 0.43529062500000004 0.38392499999999996 0.4335796875 0.38093125 0.43072968749999996 0.3689609375 0.431584375 0.36596875 0.4304453125 0.36169375000000004 0.43129999999999996 0.3445921875 0.42816406249999994 0.34245468749999997 0.42474375000000003 0.34330937499999997 0.42018281249999995 0.33518593750000003 0.418471875 0.3574171875 0.42246249999999996 0.3689609375 0.42303281249999997 0.381359375 0.42417343750000003 0.3843515625 0.42388750000000003 0.39675 0.426453125 0.40743906250000006 0.4293046875 0.43882031250000003 0.42445781250000003 0.4617359375 0.42246249999999996 0.46515625 0.42303281249999997 0.47156875 0.422178125 0.47413437500000005 0.4187578125 0.47798281249999997 0.410775 0.49379999999999996 0.410490625 0.5027796875 0.407925 0.5130390625000001 0.407925 0.537409375 0.41191562499999995 0.5528 0.41248593749999996 0.56006875 0.42474375000000003 0.5634890625 0.428734375 0.5681921875 0.43415 0.57075625 0.43871093749999995 0.5797343749999999 0.43899687500000006 0.5882859375 0.42816406249999994 0.6199234375 0.42388750000000003 0.6434375 0.42331874999999997 0.654125 0.4213234375 0.660965625 0.41961250000000005 0.69303125 0.4213234375 0.70885 0.42445781250000003 0.7126984375000001 0.4227484375 0.724240625 0.42303281249999997 0.7319375 0.4204671875 0.747328125 0.415621875 0.7597265625 0.414196875 0.7691328125 0.41191562499999995 0.7729796875 0.40650000000000003 0.7952109375 0.40393437499999996 0.8418125 0.4022234375 0.8554937499999999 0.4025078125 0.8661828125 0.40051249999999994 0.8725953125 0.4010828125 0.8743046874999999 0.3996578125 0.882428125 0.396521875 0.8892687499999999 0.3956671875 0.8973921875 0.3956671875 0.911928125 0.4033640625 0.9196234375 0.414196875 0.9217609375 0.42388750000000003 0.921334375 0.42474375000000003 0.9187687499999999 0.42360312499999997 0.9149203124999999 0.42075312499999995 0.9140656249999999 0.41989687499999995 0.909790625 0.4216078125 0.9080796875000001 0.422178125 0.9046593749999999
3 0.3489171875 0.66353125 0.35119687499999996 0.6874734375 0.3517671875 0.71825625 0.3503421875 0.7323640625000001 0.35119687499999996 0.7503203125 0.3503421875 0.7618640625 0.3452109375 0.7866609375 0.34407031250000003 0.819153125 0.344640625 0.869175 0.3454953125 0.8721671875 0.34150468749999996 0.89568125 0.338084375 0.900384375 0.33694375 0.9076531250000001 0.339225 0.911928125 0.3454953125 0.9132109375 0.3537625 0.91235625 0.3571828125 0.9093625 0.35946406249999996 0.9042328124999999 0.36174531249999997 0.8815734375 0.36088906249999997 0.8772984375 0.36545 0.869175 0.36630625 0.8452328124999999 0.3708671875 0.8148781250000001 0.369440625 0.8059 0.37058125 0.8041890625000001 0.370296875 0.7909359375 0.37200625 0.7772546874999999 0.37200625 0.7669937499999999 0.376853125 0.7439078125 0.3802734375 0.7174 0.3828390625 0.7101328125 0.385975 0.713125 0.3874 0.7238140625 0.3876859375 0.740915625 0.389965625 0.7640015625000001 0.3902515625 0.806328125 0.3919609375 0.8341171875000001 0.395096875 0.8567765625 0.395096875 0.869175 0.3962375 0.8713124999999999 0.3985171875 0.8713124999999999 0.40022812500000005 0.8670375 0.40307812500000006 0.8106031249999999 0.4059296875 0.790509375 0.4122 0.7704140625 0.41505156249999997 0.7477546875 0.42075312499999995 0.6118 0.4210375 0.5784515625 0.41989687499999995 0.5694734375 0.4179015625 0.564771875 0.41191562499999995 0.561778125 0.40763906250000004 0.5378359374999999 0.40650000000000003 0.52415625 0.40906562500000004 0.49679375 0.4127703125 0.48653281249999997 0.41590625000000003 0.4818296875 0.4139109375 0.4732796875 0.40564375 0.4660109375 0.39395625 0.44420624999999997 0.39538125 0.43779375 0.401653125 0.42710625 0.4033640625 0.41769999999999996 0.401653125 0.39546875 0.40421874999999996 0.392475 0.40421874999999996 0.3882 0.407925 0.3843515625 0.40877968750000004 0.37965 0.40877968750000004 0.356990625 0.4062140625 0.3552796875 0.40421874999999996 0.3484390625 0.3990875 0.3492953125 0.3970921875 0.356990625 0.3945265625 0.36126562500000003 0.39538125 0.3651140625 0.393671875 0.3689609375 0.38226875 0.36810624999999997 0.3751421875 0.371953125 0.36915624999999996 0.3805046875 0.366875 0.392475 0.368015625 0.4138515625 0.374571875 0.43180781250000005 0.373146875 0.43779375 0.37115156250000003 0.43950468750000005 0.37001093749999997 0.4437796875 0.36630625 0.44976562500000006 0.356328125 0.44976562500000006 0.353478125 0.45703281249999994 0.34720625 0.460025 0.3474921875 0.49850312499999994 0.35119687499999996 0.523728125 0.35319218750000003 0.5528 0.3551875 0.5630609375 0.3543328125 0.5758875 0.34578125000000004 0.607096875 0.344640625 0.6173578125 0.3454953125 0.6263359375 0.3506265625 0.6400171875 0.3489171875 0.66353125
3 0.15136875 0.612228125 0.1493734375 0.6220609375 0.14994375 0.6464296875 0.1510828125 0.64985 0.15364843749999998 0.6780671875000001 0.1559296875 0.68875625 0.1565 0.7165453125 0.15763906249999998 0.7255234374999999 0.15763906249999998 0.7460453125 0.1562140625 0.7618640625 0.1570703125 0.7687046875 0.1550734375 0.7879437499999999 0.1562140625 0.8135953125000001 0.15535937500000002 0.8353999999999999 0.156784375 0.8576312500000001 0.158209375 0.860196875 0.161915625 0.8559218749999999 0.16305624999999999 0.8503640625 0.1793046875 0.808465625 0.1830109375 0.794784375 0.182725 0.775971875 0.18643125 0.758015625 0.19355781249999998 0.7050015625 0.1958375 0.6985890625 0.19897343750000002 0.6985890625 0.2012546875 0.704575 0.20096875 0.7161187499999999 0.204390625 0.69303125 0.2029640625 0.6879015625 0.2026796875 0.6686625 0.1884265625 0.64985 0.18557656250000001 0.6421546874999999 0.182440625 0.6383062500000001 0.181584375 0.6340312499999999 0.1872859375 0.622915625 0.1884265625 0.6152203125 0.188140625 0.597690625 0.1861453125 0.5852921875 0.18643125 0.539546875 0.18557656250000001 0.53698125 0.185290625 0.5126125 0.183865625 0.5040609375 0.1847203125 0.48439531249999995 0.18643125 0.4788375 0.188140625 0.4454890625 0.1887109375 0.4437796875 0.2029640625 0.4437796875 0.204959375 0.458315625 0.20695625 0.4553234375 0.21237187500000002 0.45318437500000003 0.2166484375 0.44720000000000004 0.2166484375 0.392475 0.2092359375 0.365540625 0.20980625000000003 0.3522875 0.208665625 0.34501875000000004 0.2066703125 0.3463015625 0.2061 0.34159843749999996 0.204959375 0.341171875 0.1972640625 0.34159843749999996 0.1961234375 0.356990625 0.18928125 0.3587 0.181584375 0.36383125 0.1741734375 0.374946875 0.17331875000000002 0.379221875 0.17331875000000002 0.40401875 0.17616875 0.40786718750000006 0.179875 0.4189828125 0.17759375 0.426678125 0.173603125 0.4296703125 0.1624859375 0.43138125 0.159634375 0.4343734375 0.151653125 0.43608437499999997 0.146521875 0.43950468750000005 0.12799375 0.4660109375 0.12314687499999999 0.46985937499999997 0.1120296875 0.48525 0.10718281249999999 0.4980765625 0.10689843750000001 0.510475 0.1117453125 0.5356984375 0.11858593749999999 0.5528 0.12200625000000001 0.5566484375 0.12742343750000001 0.5758875 0.130559375 0.5797343749999999 0.13455 0.596409375 0.13711562500000002 0.5994015625 0.1485171875 0.60453125 0.15136875 0.612228125
3 0.2383125 0.880290625 0.23859687499999999 0.8884140625000001 0.240878125 0.891834375 0.24315781250000001 0.8999578125 0.2491453125 0.9008125 0.2508546875 0.8978203125 0.2508546875 0.8884140625000001 0.24971562500000002 0.8832828125000001 0.2411625 0.7635734375000001 0.24059218750000003 0.7366390625 0.2368875 0.72039375 0.23603125 0.719965625 0.2314703125 0.73835 0.22747968749999997 0.7477546875 0.224059375 0.75203125 0.22006874999999998 0.751603125 0.22006874999999998 0.755878125 0.2223484375 0.7597265625 0.220353125 0.7661390625 0.2163625 0.7909359375 0.21807343750000002 0.8016249999999999 0.22348906249999997 0.8277046875 0.2326109375 0.8589140625 0.2323265625 0.8653265625 0.2363171875 0.8777250000000001 0.2383125 0.880290625
3 0.19954375 0.7216765625 0.19669375 0.7319375 0.1972640625 0.734075 0.19982968750000002 0.7349296875 0.1972640625 0.742196875 0.1952671875 0.7554515625 0.1958375 0.758015625 0.1921328125 0.7687046875 0.1909921875 0.780675 0.1844359375 0.79863125 0.18414999999999998 0.8024796875 0.185290625 0.8041890625000001 0.1887109375 0.8024796875 0.192703125 0.806328125 0.195553125 0.8118859374999999 0.20096875 0.8153062500000001 0.2026796875 0.8093203125 0.204959375 0.8067546875 0.20410468750000002 0.796921875 0.20895156250000002 0.79435625 0.210946875 0.7819578125 0.2169328125 0.7823859375 0.21921249999999998 0.7793921874999999 0.21921249999999998 0.775971875 0.23517656250000002 0.7755453125 0.239453125 0.7793921874999999 0.240165625 0.7851640625 0.23888281249999999 0.7870890625 0.24144843749999997 0.792646875 0.2417328125 0.8024796875 0.24344375000000001 0.805471875 0.24287343749999998 0.8101749999999999 0.24486875000000002 0.8294140625 0.24401406250000002 0.8418125 0.24543906249999997 0.8448062500000001 0.24486875000000002 0.8576312500000001 0.24629374999999998 0.8734500000000001 0.2417328125 0.8764421875 0.24002343750000002 0.8747328124999999 0.2383125 0.8764421875 0.239453125 0.8811453124999999 0.23916718750000002 0.8965375 0.24002343750000002 0.8991015625 0.24629374999999998 0.8991015625 0.251425 0.9020953125 0.24971562500000002 0.9110734375 0.24971562500000002 0.9290296874999999 0.2557015625 0.9401453125 0.2594078125 0.9431375 0.265678125 0.9431375 0.27137968749999997 0.9410000000000001 0.2736609375 0.9354421875 0.2728046875 0.9273187500000001 0.27137968749999997 0.9221890625 0.2662484375 0.9153484375 0.2645375 0.9085078125000001 0.2690984375 0.902521875 0.2776515625 0.8991015625 0.28221250000000003 0.891834375 0.2819265625 0.8884140625000001 0.27993125 0.8845656249999999 0.26824375 0.8747328124999999 0.265678125 0.8657546875 0.267959375 0.8311249999999999 0.2676734375 0.8157328125 0.265678125 0.8071828125 0.26681875 0.7845234375000001 0.2662484375 0.7725531250000001 0.269384375 0.7674218749999999 0.267959375 0.76058125 0.2702390625 0.751603125 0.2710953125 0.740915625 0.2716640625 0.70885 0.269384375 0.6759296875 0.270525 0.66780625 0.269384375 0.6489953125000001 0.2676734375 0.6391625000000001 0.26396875 0.62975625 0.265678125 0.611371875 0.2648234375 0.6058140625 0.26596406250000004 0.6036765625 0.26596406250000004 0.58956875 0.2676734375 0.5848656250000001 0.2685296875 0.566053125 0.26995468749999996 0.55793125 0.2688140625 0.5519453125 0.28135625000000003 0.533134375 0.2836375 0.533134375 0.283921875 0.53056875 0.28791406249999996 0.525865625 0.29019375 0.505771875 0.28933906249999997 0.49893124999999994 0.2867734375 0.4955109375 0.28306718750000004 0.49422812499999996 0.2790765625 0.5006406250000001 0.2753703125 0.5010687500000001 0.27137968749999997 0.5040609375 0.2685296875 0.507909375 0.2596921875 0.5130390625000001 0.257696875 0.5168874999999999 0.25199531249999996 0.517315625 0.248575 0.5134671875000001 0.2494296875 0.5014968750000001 0.24543906249999997 0.49679375 0.24714999999999998 0.4916625 0.24629374999999998 0.47456250000000005 0.2417328125 0.4548953125 0.2326109375 0.4454890625 0.2232046875 0.44890937500000005 0.2166484375 0.45404062500000003 0.210946875 0.46216406250000003 0.20838125000000002 0.4792640625 0.20552968749999997 0.4861046875 0.20638593749999998 0.49251875 0.201825 0.5126125 0.2029640625 0.517315625 0.20153906250000003 0.5275765625 0.199259375 0.5292859375 0.199259375 0.5335609375 0.1964078125 0.5344171875 0.191846875 0.5404015625 0.19441250000000002 0.546815625 0.19441250000000002 0.5528 0.1929875 0.5587859374999999 0.1887109375 0.5677640625 0.18956718749999998 0.571184375 0.188996875 0.5844375 0.19013750000000001 0.5882859375 0.18928125 0.5908515624999999 0.18956718749999998 0.6130828125 0.1887109375 0.62334375 0.18557656250000001 0.6340312499999999 0.18928125 0.6494234375 0.1915625 0.654125 0.196978125 0.6584015625 0.1972640625 0.661821875 0.20068437499999997 0.663959375 0.204959375 0.6784953125000001 0.20096875 0.6968796875 0.20068437499999997 0.7071390625 0.19897343750000002 0.7165453125 0.19954375 0.7216765625
2 0.8375140625 0.38606250000000003 0.8309578125 0.3830703125 0.8261125 0.3830703125 0.8206953125 0.38606250000000003 0.8141390625 0.39675 0.81356875 0.40401875 0.8144234375 0.40701093750000006 0.8167046875 0.4027359375 0.8323828125 0.39675 0.8363734375 0.397178125 0.8415046875 0.4027359375 0.84435625 0.40188125 0.8440703125000001 0.3963234375 0.842075 0.3903375 0.8375140625 0.38606250000000003
2 0.795325 0.43138125 0.7947546875 0.4232578125 0.7907640625 0.41513437499999994 0.7879140625 0.4112875 0.7753703125 0.403590625 0.76396875 0.406584375 0.7648234375 0.4164171875 0.7636828125 0.4211203125 0.7585515625 0.42753281249999997 0.7576968749999999 0.43138125 0.7588375 0.43565624999999997 0.7633984375 0.44249687499999996 0.7673890625 0.4437796875 0.7702390625 0.43993125 0.7739453125 0.440359375 0.7753703125 0.44206874999999995 0.779646875 0.43993125 0.79019375 0.4305265625 0.795325 0.43138125
2 0.73033125 0.37238125 0.729190625 0.372809375 0.73033125 0.3800765625 0.735746875 0.3843515625 0.7363171875 0.387771875 0.7391671875 0.3903375 0.7440140625 0.40017031249999996 0.748575 0.392475 0.74486875 0.38093125 0.7403078125 0.374946875 0.73033125 0.37238125
2 0.6362593750000001 0.4215484375 0.6391109375 0.42582343749999996 0.6462375 0.44976562500000006 0.6479468749999999 0.44890937500000005 0.650228125 0.44420624999999997 0.6496578125 0.43266406249999995 0.6448125 0.4159890625 0.638825 0.40786718750000006 0.630559375 0.40487343750000004 0.623146875 0.40786718750000006 0.6177312500000001 0.4147078125 0.611175 0.4343734375 0.61031875 0.44292499999999996 0.611175 0.4463453125 0.6154499999999999 0.44720000000000004 0.61915625 0.4454890625 0.6237171874999999 0.43950468750000005 0.6222921875 0.43522812499999997 0.625428125 0.4236859375 0.6299890625 0.4189828125 0.631984375 0.4189828125 0.6362593750000001 0.4215484375
2 0.5447546875 0.413425 0.546465625 0.40829375 0.5458953125 0.3963234375 0.541334375 0.3920484375 0.5302171875 0.3963234375 0.5136828125 0.39418593749999997 0.5059859375 0.40017031249999996 0.5008546875000001 0.41556249999999995 0.5019953125 0.4296703125 0.5045609375 0.433090625 0.5071265625 0.433090625 0.512828125 0.4241125 0.5173890625 0.426678125 0.5242296875 0.42539531249999996 0.5290765625 0.4189828125 0.5330671875 0.4164171875 0.54019375 0.4164171875 0.5447546875 0.413425
2 0.4683578125 0.43180781250000005 0.4694984375 0.4228296875 0.473775 0.4164171875 0.4763390625 0.41812812499999996 0.4783359375 0.42496718749999995 0.4809015625 0.4236859375 0.4783359375 0.41085937499999997 0.4706390625 0.40530156249999993 0.46351250000000005 0.4031640625 0.457240625 0.4031640625 0.45068437499999997 0.40615625 0.44640781250000006 0.41214218750000003 0.44384218750000004 0.41940937500000003 0.44355781250000004 0.4300984375 0.445553125 0.43522812499999997 0.44754843749999995 0.43565624999999997 0.45096875000000003 0.440359375 0.45210937500000004 0.43907656250000004 0.45096875000000003 0.43522812499999997 0.45524531250000005 0.43138125 0.46009062500000003 0.43351875 0.462371875 0.43651093750000003 0.4683578125 0.43180781250000005
2 0.393671875 0.371953125 0.3893953125 0.3668234375 0.3825546875 0.3672515625 0.3759984375 0.370671875 0.369440625 0.3805046875 0.3671609375 0.3882 0.36630625 0.392475 0.3671609375 0.40017031249999996 0.36915624999999996 0.40401875 0.37115156250000003 0.40059843749999996 0.3728625 0.3911921875 0.379703125 0.3843515625 0.3839796875 0.3822140625 0.3933859375 0.3830703125 0.3942421875 0.381359375 0.393671875 0.371953125
2 0.2323265625 0.4544671875 0.23660156250000003 0.45361250000000003 0.2411625 0.45660468749999994 0.24401406250000002 0.46900312499999997 0.24771875 0.471996875 0.248575 0.47028593750000003 0.248575 0.46301875 0.24629374999999998 0.460453125 0.2457234375 0.4548953125 0.2326109375 0.44506249999999997 0.22434375 0.4476265625 0.21864374999999997 0.451475 0.2149375 0.45575 0.21180156249999998 0.462590625 0.210946875 0.46686562499999995 0.21265625 0.46985937499999997 0.21208593750000002 0.47456250000000005 0.217503125 0.4724234375 0.22149375 0.47456250000000005 0.2257703125 0.47071406250000003 0.22890468749999998 0.464728125 0.232896875 0.462590625 0.23033125000000002 0.45959843749999996 0.2323265625 0.4544671875
2 0.1821546875 0.363403125 0.175028125 0.3736640625 0.17331875000000002 0.3800765625 0.1741734375 0.392903125 0.1778796875 0.39546875 0.182725 0.38606250000000003 0.1949828125 0.379221875 0.196978125 0.37665625 0.19811875 0.369815625 0.196978125 0.3595546875 0.1949828125 0.35784531249999996 0.19042187500000002 0.35784531249999996 0.1821546875 0.363403125