3 0.9905375 0.9476390625000001 0.9783359375 0.9476390625000001 0.9753484374999999 0.9486375 0.971115625 0.95063125 0.9668828125 0.9537906250000001 0.9549296875 0.959109375 0.9519421875 0.9657578125 0.9521906250000001 0.9680843749999999 0.9544328125 0.9699140625 0.9554281250000001 0.9725734375 0.9526890625 0.9745671874999999 0.9554281250000001 0.9752328125 0.9746015625 0.9936828125 0.974353125 0.999834375 0.9997515625 0.999834375 0.9997515625 0.9493015625 0.9905375 0.9476390625000001
3 0.06449218749999999 0.9867015625000001 0.07146406250000001 0.994015625 0.0719625 0.999834375 0.1220125 0.999834375 0.124253125 0.9865359375 0.12699218750000002 0.9812171875000001 0.127490625 0.9744015625 0.1237546875 0.9667546874999999 0.1205171875 0.963596875 0.1167828125 0.9539562500000001 0.1190234375 0.9514625000000001 0.12649375000000002 0.9498 0.130478125 0.947140625 0.130478125 0.9386640625 0.12674375 0.9355046874999999 0.1105578125 0.9316828125000001 0.107071875 0.9293546875 0.1018421875 0.9240359375 0.099103125 0.9222078125 0.093875 0.9202125000000001 0.08889375000000001 0.9120671874999999 0.0846609375 0.907246875 0.0761953125 0.9030921875000001 0.0719625 0.9022609375 0.0652390625 0.90209375 0.057520312500000004 0.903590625 0.051792187499999996 0.9075796875 0.047809375 0.912234375 0.0468125 0.9157249999999999 0.0473109375 0.9198796874999999 0.056523437499999996 0.9293546875 0.061753125 0.9330125 0.0677296875 0.93999375 0.064990625 0.94780625 0.060009375 0.954953125 0.0612546875 0.9586109374999999 0.06075625 0.9707453125000001 0.06449218749999999 0.9867015625000001
3 0.38670312500000004 0.8257984374999999 0.38919375 0.829953125 0.3894421875 0.834109375 0.38844687499999997 0.8351062499999999 0.3832171875 0.8371015625 0.3809765625 0.8414234374999999 0.3847109375 0.8485703125 0.3847109375 0.9198796874999999 0.3896296875 0.9206703125000001 0.3924296875 0.9225406250000001 0.4011453125 0.9238703125000001 0.4155875 0.9248671875 0.42355625 0.922871875 0.42654375 0.9198796874999999 0.4770921875 0.923703125 0.48979062500000003 0.9261968749999999 0.5062249999999999 0.923703125 0.510209375 0.9215421875 0.5159359375 0.916721875 0.514690625 0.9120671874999999 0.5097109375 0.9090765624999999 0.5029874999999999 0.907246875 0.502240625 0.9042546874999999 0.49925312499999996 0.900265625 0.49302812500000004 0.8961109374999999 0.4900390625 0.8927859375 0.47983125 0.8863031250000001 0.4738546875 0.880984375 0.4708671875 0.87749375 0.47161406250000004 0.8728390625 0.46912343749999996 0.8710109375 0.4666328125 0.8665218749999999 0.46912343749999996 0.8578796875 0.4706171875 0.857546875 0.4753484375 0.8512296875 0.4778390625 0.8495671874999999 0.4780875 0.8457453125000001 0.4738546875 0.8444156250000001 0.4706171875 0.8407578125 0.46713125 0.8389296875 0.4666328125 0.836934375 0.4370015625 0.8068484375 0.43575625 0.8013625 0.43351562499999996 0.7980390625 0.4220625 0.7908906250000001 0.4198203125 0.7903921875 0.4126 0.790725 0.4096109375 0.790059375 0.4081171875 0.781915625 0.4041328125 0.77593125 0.3966640625 0.7734375 0.3919328125 0.7722734375 0.38844687499999997 0.7722734375 0.3854578125 0.773271875 0.3807265625 0.773271875 0.3759953125 0.7754328125 0.37201249999999997 0.7815828125000001 0.3717625 0.7870671875 0.3762453125 0.7927187499999999 0.3794828125 0.7950468749999999 0.388196875 0.797871875 0.391434375 0.8018609375000001 0.391434375 0.805684375 0.38844687499999997 0.8103390625 0.3886953125 0.8144953125000001 0.3864546875 0.820478125 0.38670312500000004 0.8257984374999999
3 0.44148437500000004 0.814328125 0.44546875 0.8219749999999999 0.4457171875 0.826296875 0.4469625 0.8286234374999999 0.44521875 0.8518953125 0.4424796875 0.8523937500000001 0.44123437499999996 0.853390625 0.43924375 0.8555515625 0.43874531250000004 0.8577125000000001 0.4417328125 0.8590421875 0.44322656250000003 0.8610374999999999 0.4469625 0.8631984375 0.4611546875 0.866190625 0.4666328125 0.8715093749999999 0.46738125 0.869015625 0.4666328125 0.8676859374999999 0.4653890625 0.8675203125 0.4643921875 0.8651921874999999 0.46787812500000003 0.8613703125000001 0.4708671875 0.8562171875000001 0.47260937500000005 0.8550531250000001 0.4751 0.8545546875 0.4783359375 0.85571875 0.4823203125 0.8558843749999999 0.48331718749999997 0.8572140625 0.4863046875 0.8587093749999999 0.4887953125 0.8585437499999999 0.4905375 0.861203125 0.4970125 0.8625328124999999 0.49825625 0.8623671875 0.49925312499999996 0.8600406250000001 0.5009953125 0.8588765625000001 0.5057265625 0.8590421875 0.5082171875 0.8573796874999999 0.5017437499999999 0.85521875 0.49875468749999996 0.8532249999999999 0.49228125 0.8522281250000001 0.48705156250000003 0.8460765625000001 0.4880484375 0.84375 0.48979062500000003 0.8425859375 0.49477031250000003 0.8417546874999999 0.49551718749999996 0.8397609375 0.49875468749999996 0.837765625 0.49925312499999996 0.8362703125 0.5017437499999999 0.8354390625000001 0.5034859375 0.83178125 0.5057265625 0.830784375 0.5067234375 0.8234703124999999 0.5062249999999999 0.8179859374999999 0.5074703125 0.814328125 0.5057265625 0.8128328125 0.5014937500000001 0.8125 0.4972609375 0.8144953125000001 0.49825625 0.8164890625 0.4855578125 0.8183171874999999 0.4843125 0.8174859375000001 0.48381406250000003 0.812665625 0.48580625 0.8066828125000001 0.48580625 0.80219375 0.4840640625 0.7948796875 0.48057812499999997 0.7910578125 0.47983125 0.78656875 0.4808265625 0.7829125 0.4785859375 0.7789234375 0.47659375 0.7774265625 0.46588593749999996 0.7634640625 0.4611546875 0.7619687500000001 0.45866562499999997 0.7591421875 0.4511953125 0.7563171875 0.44721093749999996 0.7539890625 0.4375 0.7521609375 0.43525937499999995 0.7521609375 0.4248015625 0.7558171875 0.4193234375 0.7599734375 0.41807812499999997 0.7636296875 0.42355625 0.7697812500000001 0.4307765625 0.7754328125 0.4365046875 0.7780921875 0.4372515625 0.7794218749999999 0.43550781250000004 0.7825796875 0.4325203125 0.7955453125 0.4345125 0.7990359375 0.4372515625 0.8095078125 0.44148437500000004 0.814328125
3 0.5291328125 0.8849734375 0.5378484375 0.8996015625 0.5385953125 0.9039234374999999 0.541334375 0.9084109375 0.5440734375 0.9198796874999999 0.547559375 0.923703125 0.5485562500000001 0.9276921874999999 0.5512953125 0.9318484375 0.552290625 0.9353390625 0.555278125 0.9386640625 0.557021875 0.9433171874999999 0.5595125000000001 0.9464765625 0.5605078125 0.9502984375000001 0.5597609375 0.9522937499999999 0.5565234375 0.9544546875 0.5517921875 0.954953125 0.5450703125 0.9574468749999999 0.5390937499999999 0.9587765625 0.536853125 0.9629328125000001 0.5393421875 0.96509375 0.5485562500000001 0.96625625 0.5684765625 0.9644281250000001 0.5816734375 0.9624328125 0.5839140625 0.9612703125 0.5846609375 0.959109375 0.5871515625 0.95645 0.59213125 0.9561171875 0.5958671875 0.9546203125 0.59985 0.9554515625000001 0.607071875 0.9516296875 0.607071875 0.9509640625 0.6035859375 0.9496343749999999 0.6013453125 0.9466421875 0.6110562500000001 0.9421546875000001 0.6155375000000001 0.9419875 0.6190234375 0.9433171874999999 0.622509375 0.9418218749999999 0.6254984375 0.9438171875 0.6269921875 0.946309375 0.6299796875 0.9418218749999999 0.632221875 0.9403265624999999 0.633465625 0.9353390625 0.6307265625 0.9313499999999999 0.6220125000000001 0.9313499999999999 0.613296875 0.9303531250000001 0.5956171875 0.9265296875000001 0.591384375 0.92719375 0.586653125 0.9265296875000001 0.5809265625 0.9248671875 0.5764437499999999 0.922040625 0.575696875 0.9172203124999999 0.57669375 0.90990625 0.5791828125 0.900265625 0.5826687500000001 0.8937828124999999 0.5846609375 0.8873 0.5839140625 0.8814828125 0.582171875 0.877659375 0.5824203125 0.8695140625000001 0.5786859375 0.8615359375 0.5786859375 0.8572140625 0.5717125000000001 0.8459109375 0.572709375 0.8432515625000001 0.575946875 0.8417546874999999 0.575946875 0.8407578125 0.5749500000000001 0.837765625 0.572709375 0.8354390625000001 0.570965625 0.8301203125000001 0.566234375 0.828125 0.5577687499999999 0.822140625 0.5525390625 0.8211437500000001 0.549303125 0.8194812499999999 0.54830625 0.8103390625 0.5448203125 0.8058515625 0.5388453125 0.8026921874999999 0.5298812500000001 0.8011968749999999 0.52515 0.8015296875000001 0.5161859375 0.8063499999999999 0.5139437499999999 0.8103390625 0.514940625 0.8139953125 0.5126984375 0.8219749999999999 0.513446875 0.8259640625 0.5191734375 0.829953125 0.524153125 0.83145 0.524153125 0.87134375 0.521165625 0.8728390625 0.5239046875 0.8743343749999999 0.5283859375 0.8806515625 0.5291328125 0.8849734375
3 0.689990625 0.880984375 0.6922312500000001 0.8844749999999999 0.696215625 0.8964421874999999 0.6982078125 0.8991031250000001 0.7004484375 0.912234375 0.7031875000000001 0.91938125 0.7044328125 0.929521875 0.7044328125 0.939328125 0.7029375 0.9459781250000001 0.7036859375 0.9526265625000001 0.7031875000000001 0.9552859375 0.696215625 0.9675859375 0.691234375 0.973903125 0.6889937500000001 0.9753984375 0.682021875 0.9778921875 0.6775390625 0.9777265625 0.6698203125 0.9800531250000001 0.6581171875 0.9808843749999999 0.6561250000000001 0.9822140625 0.6581171875 0.9873671875 0.6638453125 0.9900265625 0.671065625 0.9915218749999999 0.6738046875 0.9933515625 0.6812750000000001 0.9953453124999999 0.697709375 0.9941828125000001 0.7004484375 0.9933515625 0.7059265625 0.9798875 0.714890625 0.9715765624999999 0.7208671875 0.9682515625000001 0.72360625 0.9644281250000001 0.725846875 0.962765625 0.725596875 0.9587765625 0.7280875 0.9526265625000001 0.736553125 0.9481390624999999 0.7400390625 0.9453125 0.743028125 0.9406578124999999 0.746265625 0.9378328125 0.7495015625 0.9366687499999999 0.755478125 0.937665625 0.7599609375 0.940825 0.7639437499999999 0.9421546875000001 0.7848609375 0.9630984375 0.786853125 0.966090625 0.786853125 0.9680843749999999 0.785109375 0.9700796875 0.7826187499999999 0.9707453125000001 0.78286875 0.9715765624999999 0.78735 0.9735703125 0.7878484375 0.978390625 0.7908359375 0.98188125 0.797559375 0.9823796874999999 0.8012953125 0.981715625 0.8060265624999999 0.9828796875 0.8107562500000001 0.982546875 0.8142437499999999 0.9835437499999999 0.816234375 0.9822140625 0.8159859375 0.9782249999999999 0.805528125 0.9695812500000001 0.8025390625 0.9630984375 0.7995515625 0.9601062499999999 0.7948203125 0.945478125 0.7876000000000001 0.938496875 0.7801296875 0.935671875 0.7778890625 0.9316828125000001 0.7748999999999999 0.9288562499999999 0.772659375 0.9223734374999999 0.7699203125 0.9198796874999999 0.769421875 0.9157249999999999 0.7746515625 0.890459375 0.775896875 0.8901265625000001 0.7768921875 0.8882984374999999 0.7753984375 0.8863031250000001 0.7731578125 0.8856390624999999 0.7714140625 0.87915625 0.7669328125 0.8754984374999999 0.763446875 0.867021875 0.761703125 0.8651921874999999 0.7604578125 0.8608703125 0.7574703125 0.8588765625000001 0.7532375 0.8535578125000001 0.7402890625 0.8442484374999999 0.725846875 0.843915625 0.7216140625 0.841921875 0.7191234375 0.8375999999999999 0.7198703125 0.83344375 0.717878125 0.8264625000000001 0.7166328125 0.8243015625 0.7128984375 0.8216421875 0.708415625 0.820478125 0.6932265625 0.8188171875 0.6815234375 0.8234703124999999 0.679034375 0.8259640625 0.6785359375 0.8409234375000001 0.6815234375 0.8495671874999999 0.6932265625 0.8507312499999999 0.694721875 0.851728125 0.695965625 0.854221875 0.6969624999999999 0.8617015625000001 0.6924796875 0.8705125 0.689990625 0.8733375000000001 0.6892437499999999 0.8769953125000001 0.689990625 0.880984375
3 0.7363046875 0.842753125 0.7400390625 0.8442484374999999 0.753734375 0.8535578125000001 0.7564734375 0.857546875 0.7599609375 0.8600406250000001 0.7614546875 0.8666890625000001 0.7714140625 0.8789890625 0.7724109375 0.882978125 0.774403125 0.8841421875 0.774403125 0.8871343749999999 0.7731578125 0.889628125 0.7689250000000001 0.890790625 0.7684265625 0.8917890625 0.7689250000000001 0.893284375 0.7714140625 0.89428125 0.7746515625 0.8922874999999999 0.7768921875 0.8892953125 0.7793828125 0.887965625 0.7846109375 0.8828125 0.7856078125 0.8799859375000001 0.7778890625 0.8623671875 0.7768921875 0.8537234375 0.7753984375 0.8492359374999999 0.7564734375 0.8111703125 0.7549796875 0.809840625 0.7514937500000001 0.809175 0.7457671875 0.8031921875 0.7420312499999999 0.797040625 0.7323203125 0.7920546875000001 0.7280875 0.7913890625 0.71713125 0.7918890625 0.7104078125 0.7945484375 0.7059265625 0.7990359375 0.705428125 0.8026921874999999 0.7089140625 0.80884375 0.713146875 0.8138296875 0.7153890625 0.8218078125 0.719621875 0.8301203125000001 0.7206171875 0.8379328125000001 0.722609375 0.8415890625 0.7246015625 0.842753125 0.7275890625 0.8430843749999999 0.7363046875 0.842753125
3 0.7437750000000001 0.7953796875 0.747759375 0.8025265625 0.752240625 0.802028125 0.7731578125 0.8063499999999999 0.777390625 0.8085109375 0.7791328125 0.8108375000000001 0.7858562499999999 0.7988703125 0.785109375 0.7932187500000001 0.780628125 0.7834109375 0.7748999999999999 0.7772609375 0.771165625 0.7661234375 0.7674296875 0.7601390625 0.763446875 0.7563171875 0.7592125000000001 0.755153125 0.7547312500000001 0.749334375 0.7509953125 0.746675 0.7440234375 0.7463437500000001 0.7370515625 0.7480046875 0.7253484375 0.754321875 0.7231078125 0.7558171875 0.7246015625 0.75698125 0.7280875 0.7632984375 0.7338140625 0.7669546875 0.7363046875 0.769946875 0.7432765625 0.7734375 0.7440234375 0.7747671875 0.7437750000000001 0.7799203125 0.7425296875 0.7827453125 0.7437750000000001 0.7953796875
3 0.7514937500000001 0.7204125 0.7512453125 0.7247343749999999 0.753734375 0.7280578125 0.7517437499999999 0.73188125 0.7527390625 0.733709375 0.7527390625 0.7443484375 0.7559765625 0.74750625 0.7579687500000001 0.7518281250000001 0.761703125 0.7541562500000001 0.7701687500000001 0.7676203125 0.774403125 0.7792546875 0.7781374999999999 0.7824140625 0.7846109375 0.7940484375 0.7871015625 0.7950468749999999 0.7888453125 0.79355 0.7895921875 0.7910578125 0.7876000000000001 0.7834109375 0.7876000000000001 0.76895 0.7853578125 0.7599734375 0.78610625 0.7513296875 0.7876000000000001 0.7496671874999999 0.7910859375 0.750165625 0.7948203125 0.752659375 0.79830625 0.7528265625 0.8025390625 0.754321875 0.8050296875 0.7564828125 0.8092625 0.757978125 0.8144921875 0.7623 0.8386453125 0.7722734375 0.8408859375000001 0.7739359375 0.843128125 0.7775937500000001 0.8451187499999999 0.77875625 0.8501 0.7799203125 0.8545812500000001 0.7830781250000001 0.8573203125 0.7875671875 0.8588140624999999 0.7872343749999999 0.8598109375 0.7849062499999999 0.8603093749999999 0.7752656250000001 0.8620515624999999 0.771775 0.8595625 0.7672875 0.8575703125 0.766290625 0.8533359375 0.7659578125000001 0.8473609375000001 0.7601390625 0.8351593749999999 0.7516625 0.8197218749999999 0.7436828125 0.8142437499999999 0.7425203125000001 0.8112546875 0.7401921875 0.8090140625 0.7363703125 0.8082671875 0.731715625 0.8107562500000001 0.7252328125 0.8110062499999999 0.719415625 0.808765625 0.7081109375 0.8077687499999999 0.6956453125000001 0.806275 0.6914890625 0.8042828125 0.6776921875 0.8010453125 0.6756984375 0.7963140625 0.6655578125 0.7918328125 0.6617359375 0.7871015625 0.6599062499999999 0.7831171875 0.6594078125 0.7786359375 0.661403125 0.775646875 0.6604062500000001 0.7739046875 0.6584109375 0.771165625 0.6502656250000001 0.7636953125 0.645778125 0.755478125 0.6451125 0.7440234375 0.6464421875 0.7385453125 0.6504328125 0.736553125 0.6622343749999999 0.7440234375 0.6690484375 0.747759375 0.6702125 0.7502484375 0.6722078125000001 0.7534859375 0.6776921875 0.7529874999999999 0.6826796875000001 0.7480078125 0.691821875 0.7465140625 0.704121875 0.7480078125 0.718915625 0.7514937500000001 0.7204125
3 0.8909359374999999 0.782246875 0.8969125 0.7859046875 0.9011453125 0.7908906250000001 0.902390625 0.7940484375 0.906375 0.796709375 0.911853125 0.7990359375 0.9190734375 0.8043546875 0.924053125 0.8070140625000001 0.9262953125 0.8103390625 0.9270421875 0.81499375 0.9238046875 0.818484375 0.9228093749999999 0.822140625 0.9223109375 0.83178125 0.9230578125 0.840840625 0.9195718749999999 0.845578125 0.922559375 0.8518953125 0.925796875 0.854221875 0.9295312499999999 0.8548875 0.9327687499999999 0.8570484374999999 0.9335156250000001 0.8613703125000001 0.9355078125 0.8627 0.9402390625000001 0.8605390625 0.9511953125 0.8572140625 0.9549296875 0.8572140625 0.9556765625000001 0.85405625 0.9589140625000001 0.8535578125000001 0.9596609375 0.848903125 0.9614046875 0.845578125 0.953934375 0.8434171875 0.947709375 0.8397609375 0.946215625 0.8375999999999999 0.946215625 0.8252984375000001 0.9447218749999999 0.8208109374999999 0.9417328125 0.8181515625 0.9404875 0.814328125 0.939740625 0.8108375000000001 0.9402390625000001 0.8061828125 0.9427296875 0.7980390625 0.9544328125 0.796875 0.9556765625000001 0.7947140625 0.9516937499999999 0.789728125 0.94995 0.7790890625 0.9449703125 0.7716093749999999 0.9447218749999999 0.7672875 0.935259375 0.7416890625 0.9342625 0.7398609375 0.9317734375000001 0.7380312499999999 0.9285359375000001 0.7362031250000001 0.9228093749999999 0.7348734375 0.9205671875 0.733378125 0.9088640625 0.7205781250000001 0.9041328125 0.7182515625 0.90015 0.7172546875 0.8924296875 0.7172546875 0.8854578125 0.718584375 0.8797312500000001 0.7205781250000001 0.878734375 0.7234046875 0.8784859375 0.7283906250000001 0.8794828125 0.7323796875 0.8849609375 0.7398609375 0.888196875 0.7425203125000001 0.8894421875 0.746509375 0.88745 0.753325 0.881971875 0.7632984375 0.8822218749999999 0.7674531250000001 0.888196875 0.7747671875 0.8909359374999999 0.782246875
3 0.9489546875 0.8964421874999999 0.9484562499999999 0.892453125 0.9442234375 0.8882984374999999 0.9432265624999999 0.8834781250000001 0.9275390625 0.865359375 0.9238046875 0.8641953125 0.9150890625000001 0.87250625 0.9153390625 0.8738359375 0.9180781250000001 0.875 0.918825 0.8769953125000001 0.9270421875 0.8844749999999999 0.9337031250000001 0.8879234374999999 0.9375 0.8964421874999999 0.9392437499999999 0.8971078125 0.9442234375 0.8964421874999999 0.9474609375 0.8976062499999999 0.9489546875 0.8964421874999999
3 0.8901890625 0.8538890625000001 0.8974109374999999 0.8648609374999999 0.8974109374999999 0.8693484375 0.8984062500000001 0.8711765625 0.8944218749999999 0.87250625 0.8924296875 0.871675 0.8909359374999999 0.8728390625 0.8924296875 0.8771609375 0.8966640625 0.8784906250000001 0.8999 0.8813171875 0.9026390624999999 0.8813171875 0.9078687499999999 0.8836437500000001 0.9200703125 0.8873 0.9208171875 0.8886296874999999 0.9183265625000001 0.8901265625000001 0.9175796875 0.8926203125000001 0.9233062500000001 0.8964421874999999 0.9264609374999999 0.896609375 0.931275 0.898271875 0.9350093749999999 0.8972734375 0.9392437499999999 0.898603125 0.9474609375 0.899434375 0.950946875 0.896609375 0.9497015624999999 0.8927859375 0.9457171875 0.888796875 0.9432265624999999 0.882978125 0.9404875 0.880153125 0.9357562500000001 0.871675 0.9307765625 0.8655250000000001 0.9292828125 0.8597078125 0.9267921875 0.8573796874999999 0.9267921875 0.851728125 0.9355078125 0.8537234375 0.9365046875 0.8495671874999999 0.9350093749999999 0.8475734375 0.931275 0.8459109375 0.9317734375000001 0.8445812500000001 0.9355078125 0.84375 0.9370015625000001 0.837765625 0.9362546875 0.8292890625 0.9355078125 0.8284578125 0.9327687499999999 0.829121875 0.930528125 0.8277921875 0.931275 0.8141624999999999 0.9277890624999999 0.8086765625 0.9126 0.7987031250000001 0.903884375 0.7953796875 0.8979078125 0.786403125 0.8886953125 0.781084375 0.8740046875 0.7830781250000001 0.8677781250000001 0.7870671875 0.864790625 0.7902265625 0.8645421875 0.7948796875 0.869521875 0.7997015625 0.8690234374999999 0.8026921874999999 0.872759375 0.8041890625000001 0.875 0.806515625 0.8827187500000001 0.8111703125 0.8839640624999999 0.8131656250000001 0.8879484375000001 0.8379328125000001 0.8909359374999999 0.8417546874999999 0.8901890625 0.8538890625000001
3 0.243028125 0.7322140625 0.246015625 0.7338765625 0.25074687500000004 0.8060171875 0.24950156250000002 0.8080125 0.24327656250000002 0.812665625 0.23929218749999998 0.814328125 0.23929218749999998 0.8159906250000001 0.239790625 0.8181515625 0.24402343750000002 0.8198140625000001 0.252240625 0.8199796875 0.2599609375 0.8183171874999999 0.263196875 0.8156578124999999 0.2719125 0.8164890625 0.2746515625 0.8156578124999999 0.2761453125 0.814328125 0.2691734375 0.8075140624999999 0.268675 0.8018609375000001 0.26942187500000003 0.7982046875 0.2666828125 0.7948796875 0.26568749999999997 0.790059375 0.2636953125 0.7869015625 0.26419375 0.7857375 0.2716640625 0.7797546875 0.2753984375 0.7809171874999999 0.2783859375 0.7789234375 0.28261875000000003 0.7799203125 0.28759999999999997 0.7795875 0.29133437500000003 0.780584375 0.29457187500000004 0.7792546875 0.29357500000000003 0.7767625 0.3002984375 0.7563171875 0.30328750000000004 0.7558171875 0.3080171875 0.7519953125 0.3065234375 0.7495015625 0.30403437499999997 0.749003125 0.2998015625 0.749334375 0.2955671875 0.7516625 0.2871015625 0.750996875 0.28436249999999996 0.7496671874999999 0.281871875 0.7480046875 0.280628125 0.742353125 0.2791328125 0.7401921875 0.2791328125 0.7340421874999999 0.28037812500000003 0.7332109375 0.2841140625 0.7327125 0.2878484375 0.728225 0.2903390625 0.727559375 0.29531874999999996 0.7278921875 0.3025390625 0.726728125 0.30303749999999996 0.7245671875 0.29855624999999997 0.7229062500000001 0.2955671875 0.7202453125 0.2903390625 0.71875 0.28759999999999997 0.7167546875 0.28137500000000004 0.7149265625 0.27963125 0.7129328125 0.27589687500000004 0.7112703125000001 0.2684265625 0.7049531250000001 0.26419375 0.7034578125000001 0.2574703125 0.6994687500000001 0.25398437500000004 0.6964765625 0.255478125 0.6931515625 0.2597109375 0.6921546875 0.2644421875 0.6891625 0.2661859375 0.6853390625 0.26394375000000003 0.6815156250000001 0.25722187500000004 0.679853125 0.2527390625 0.6776921875 0.2400390625 0.6760312500000001 0.22285781249999997 0.6811828125 0.21837656249999998 0.6836765625 0.21713125 0.6853390625 0.21762968749999997 0.6924859375 0.21912343750000002 0.6971406250000001 0.2218625 0.7011296875 0.227340625 0.703290625 0.23605625 0.7089421875 0.23929218749999998 0.7096078125 0.24203125 0.7126 0.24178281250000003 0.7278921875 0.243028125 0.7322140625
3 0.11105625 0.7652921874999999 0.1090640625 0.7674531250000001 0.11105625 0.770778125 0.12649375000000002 0.774434375 0.14267968749999999 0.773271875 0.1464140625 0.7722734375 0.1496515625 0.7701125 0.15114531250000002 0.7674531250000001 0.1496515625 0.7606390625 0.15039843749999998 0.7563171875 0.185009375 0.7593078125 0.185259375 0.7599734375 0.192978125 0.7611375 0.2124 0.7599734375 0.22061718749999998 0.76030625 0.2216140625 0.7596406250000001 0.2218625 0.7556515625 0.21862499999999999 0.750665625 0.21762968749999997 0.7468421875 0.21115468750000002 0.7393609375 0.208665625 0.7327125 0.2049296875 0.7277265625 0.19546875 0.718084375 0.1932265625 0.7137640625 0.1907375 0.711603125 0.1842625 0.6998 0.18550781249999998 0.696309375 0.18550781249999998 0.6811828125 0.18351562500000002 0.679853125 0.182021875 0.6773609375 0.18052812499999998 0.6783578125 0.1770421875 0.678690625 0.1760453125 0.6776921875 0.17803750000000002 0.6737031250000001 0.17729062499999998 0.6698796875 0.1738046875 0.66855 0.133715625 0.6309843749999999 0.12674375 0.6273265625 0.12325625 0.6266625 0.118775 0.6268281250000001 0.111553125 0.6289890625 0.1030875 0.6369687500000001 0.1033359375 0.6411234375 0.11105625 0.6517625 0.12325625 0.6577453125 0.1237546875 0.6775265625 0.12649375000000002 0.6828453125 0.1357078125 0.6958109375 0.12325625 0.7618015625 0.1175296875 0.7632984375 0.1155375 0.764628125 0.11105625 0.7652921874999999
3 0.36777812499999996 0.59458125 0.375 0.6078796875 0.3759953125 0.616521875 0.3792328125 0.625665625 0.37973124999999996 0.6308171875 0.3817234375 0.6343078125 0.3817234375 0.6387968749999999 0.383715625 0.6469421875 0.3911859375 0.6602390625 0.3949203125 0.6695484375 0.39541875000000004 0.6730390625 0.39442187500000003 0.6748671875000001 0.3854578125 0.6776921875 0.38670312500000004 0.6775265625 0.38844687499999997 0.6815156250000001 0.40015 0.6836765625 0.41782812500000005 0.682346875 0.42355625 0.6825140625 0.42455156250000003 0.6818484375 0.4260453125 0.6737031250000001 0.41683281250000004 0.6580781250000001 0.41334687499999995 0.6542546875 0.4126 0.6502656250000001 0.4106078125 0.6469421875 0.4121015625 0.6427859375 0.42007031250000004 0.6402921874999999 0.43525937499999995 0.6446140625 0.43899375 0.64926875 0.4487046875 0.6542546875 0.45866562499999997 0.65708125 0.4668828125 0.661403125 0.4746015625 0.6617359375 0.4783359375 0.666721875 0.4863046875 0.671209375 0.49427343749999997 0.6660578125 0.49526875 0.661403125 0.4940234375 0.6567484375 0.48779843749999996 0.6544218749999999 0.48505937499999996 0.6504328125 0.48057812499999997 0.649103125 0.47410312499999996 0.6437828125 0.4656375 0.6401265625 0.45866562499999997 0.6346406250000001 0.44721093749999996 0.6294875 0.4223109375 0.569315625 0.42330625 0.5683171875 0.4155875 0.5648265625 0.41708125 0.5605046875 0.41434218749999996 0.5566828125 0.4121015625 0.555353125 0.4031375 0.5533578125 0.40089687500000004 0.55219375 0.388196875 0.550365625 0.3832171875 0.5405578125 0.3807265625 0.5387296874999999 0.37574687500000004 0.5370671875 0.3705171875 0.5362359375 0.36329687499999996 0.536403125 0.3575703125 0.539228125 0.35557812499999997 0.5412234375 0.3520921875 0.5485375 0.35234062499999996 0.5528593749999999 0.3580671875 0.5601734375 0.3635453125 0.56166875 0.366284375 0.56499375 0.36479062500000003 0.5683171875 0.36703125000000003 0.5751328124999999 0.3642921875 0.5836109375 0.36479062500000003 0.5909234375 0.36777812499999996 0.59458125
3 0.906125 0.428025 0.9036359375 0.4311828125 0.9028890625000001 0.44099062499999997 0.9003984375 0.45079843750000004 0.8999 0.46326406249999996 0.9041328125 0.4675859375 0.907121875 0.468584375 0.9160859374999999 0.4675859375 0.9190734375 0.46958124999999995 0.9195718749999999 0.47556562500000005 0.9150890625000001 0.4860375 0.9128484374999999 0.49385 0.9128484374999999 0.49800468750000004 0.9233062500000001 0.508478125 0.9372515625 0.5184515625 0.9394921875 0.5212765625 0.9452187500000001 0.5247671875 0.946215625 0.526096875 0.9472109375000001 0.5332453125 0.945965625 0.5378984375 0.9439734375000001 0.540059375 0.9394921875 0.54155625 0.9384953125 0.5450468749999999 0.942978125 0.5472078125000001 0.9472109375000001 0.5482046875 0.9516937499999999 0.54770625 0.9559265625 0.5465421874999999 0.9638937500000001 0.542553125 0.9703687499999999 0.540725 0.9753484374999999 0.5378984375 0.9870515624999999 0.5408906250000001 0.9940234374999999 0.5413890625 0.9970125 0.539228125 0.9997515625 0.538896875 0.9997515625 0.53374375 0.9957671875 0.5330781250000001 0.9940234374999999 0.531415625 0.993775 0.5289234375 0.986803125 0.5134640625 0.9825703125 0.500665625 0.9763453125 0.490359375 0.9723609375000001 0.4753984375 0.9718625 0.46791875000000005 0.9718625 0.4659234375 0.975846875 0.46060468749999994 0.9798312499999999 0.45894218750000004 0.9838140624999999 0.45561875 0.9863046875 0.454953125 0.9902890624999999 0.44946875000000003 0.991534375 0.44730781249999996 0.993028125 0.43550468750000004 0.9900390625 0.4343421875 0.9880484375 0.432346875 0.9823203125 0.423703125 0.9703687499999999 0.41206718750000004 0.968625 0.41173593750000004 0.9646421875 0.40824531249999996 0.9238046875 0.38979375 0.9198203125 0.384475 0.91235 0.382146875 0.9031375 0.38198125 0.8966640625 0.382646875 0.8924296875 0.3839765625 0.8901890625 0.38730000000000003 0.8924296875 0.3984375 0.895915625 0.40408906250000004 0.8986546875 0.4057515625 0.9003984375 0.40841093749999996 0.9058765624999999 0.4090765625 0.9135953125 0.415725 0.9138453125 0.420046875 0.911853125 0.422040625 0.9081171875 0.4230390625 0.906125 0.428025
3 0.5737046875 0.4875328125 0.5769421875 0.48853125000000003 0.5878984375 0.504321875 0.5844125 0.5096406250000001 0.5878984375 0.5132984375 0.5898078124999999 0.5118578125 0.592878125 0.5114687499999999 0.5936250000000001 0.5134640625 0.5968625000000001 0.514628125 0.5988546875 0.5169546875 0.5996015625 0.522771875 0.5981078125 0.5295875 0.600596875 0.5330781250000001 0.6010953125 0.53656875 0.600596875 0.539728125 0.599353125 0.5410578125 0.6025890625 0.5437171875 0.603834375 0.54604375 0.6030875 0.5566828125 0.605578125 0.5565156250000001 0.6075703125 0.5581234375 0.6075703125 0.5608375 0.606325 0.561834375 0.605578125 0.5656578125 0.6030875 0.5706453125000001 0.602340625 0.5767953125 0.599353125 0.5836109375 0.5936250000000001 0.5880984375 0.591384375 0.59458125 0.5871515625 0.59624375 0.5854078125 0.5955781250000001 0.5799296875 0.5955781250000001 0.5722109375 0.5974062499999999 0.57021875 0.5995671875 0.5729578125 0.6033906250000001 0.5916328125 0.610040625 0.594621875 0.6078796875 0.599353125 0.6077125 0.6073203125 0.6037234375 0.6095625 0.5974062499999999 0.6150390625 0.5925859375 0.6190234375 0.5871015625 0.6232562500000001 0.5874328125 0.6309765625 0.5862703125000001 0.6581171875 0.5914234375 0.6703187500000001 0.5914234375 0.6775390625 0.5924203125 0.680528125 0.5955781250000001 0.6810265625 0.5995671875 0.6785359375 0.601396875 0.6698203125 0.603225 0.668078125 0.6072140625 0.6685749999999999 0.6078796875 0.6738046875 0.6097078125000001 0.6857562500000001 0.609375 0.6954687500000001 0.6112031250000001 0.7011953125 0.6105390625 0.7041828125 0.6075468749999999 0.7019421875 0.6035578125 0.6949703125 0.5985703124999999 0.6932265625 0.5952453125 0.6917328125 0.594415625 0.6877484375 0.5877656250000001 0.6872515625 0.5837765625 0.6855078125 0.5809515625 0.6822703125 0.5786234375 0.6775390625 0.5724734375 0.6735562500000001 0.5691484375 0.6598609375 0.5473734375 0.6531374999999999 0.5330781250000001 0.649153125 0.526928125 0.6456671875 0.5174531250000001 0.6431765625 0.5137968749999999 0.6409359375 0.5023265625 0.6372015625 0.49900312500000005 0.6347109375 0.49434843749999996 0.6357078125 0.4926859375 0.6376984375 0.4916890625 0.642928125 0.4916890625 0.6481578125 0.49019218750000004 0.6484062500000001 0.48404218749999994 0.65015 0.48105000000000003 0.6521421875 0.470578125 0.6464140625 0.46625625 0.6424296875 0.4657578125 0.6389437499999999 0.46176874999999995 0.633465625 0.459109375 0.6152890625 0.4569484375 0.6073203125 0.4546203125 0.5988546875 0.45395624999999995 0.589890625 0.4546203125 0.5854078125 0.4579453125 0.5824203125 0.45894218750000004 0.5831671875 0.4597734375 0.5809265625 0.4614359375 0.572709375 0.4596078125 0.5644921875 0.4596078125 0.5592625 0.46127031250000006 0.5525390625 0.461103125 0.5498015625 0.46176874999999995 0.5468124999999999 0.46293281249999996 0.5458171875 0.46542500000000003 0.5440734375 0.466921875 0.5408359375 0.46625625 0.5371015625 0.4682515625 0.530378125 0.4704125 0.5291328125 0.47240624999999997 0.527390625 0.4815484375 0.5276390625 0.484209375 0.5291328125 0.48637031249999996 0.53735 0.48337812500000005 0.5400890625 0.486203125 0.5453187500000001 0.486203125 0.560009375 0.48803124999999997 0.5637453125 0.4872015625 0.5677296875 0.48853125000000003 0.5737046875 0.4875328125
3 0.44297812499999994 0.37982031250000003 0.44272968749999997 0.3849734375 0.44621562499999995 0.38879687500000004 0.44472187500000004 0.3922875 0.44472187500000004 0.40093125 0.44322656250000003 0.408078125 0.44472187500000004 0.41190156250000004 0.44970156250000004 0.414728125 0.45169375 0.4205453125 0.45244062500000004 0.43218125 0.45044843749999997 0.443484375 0.4531875 0.46675468750000004 0.45492968749999996 0.468584375 0.4621515625 0.4692484375 0.4676296875 0.470578125 0.4738546875 0.47107656249999996 0.4863046875 0.47074531249999996 0.48904375 0.46675468750000004 0.5174296875 0.4604390625 0.5214140625 0.46127031250000006 0.525646875 0.461103125 0.528884375 0.460271875 0.530628125 0.45861093750000004 0.5316234375 0.45395624999999995 0.5338640625 0.45063125 0.531871875 0.44315156250000004 0.5298812500000001 0.43982656249999996 0.5286359375 0.43168281249999996 0.5239046875 0.42403593749999996 0.5234062500000001 0.4202125 0.5214140625 0.415725 0.5184265625 0.413396875 0.5161859375 0.40841093749999996 0.5181765625 0.40591718749999994 0.5216640625 0.40408906250000004 0.5229078125 0.400265625 0.5174296875 0.3971078125 0.5062249999999999 0.3961109375 0.5002484375 0.3944484375 0.49850625 0.39245312499999996 0.4950203125 0.390625 0.4940234375 0.3882984375 0.4917828125 0.3868015625 0.4900390625 0.383478125 0.48829687499999996 0.3823140625 0.4845625 0.3736703125 0.4845625 0.3648609375 0.48032812500000005 0.34857031250000003 0.4763453125 0.3414234375 0.47435312500000004 0.33410937500000004 0.46962187499999997 0.3304515625 0.4668828125 0.325465625 0.46265 0.3241359375 0.45169375 0.32363749999999997 0.4449703125 0.32480000000000003 0.4402390625 0.32612968750000004 0.43924375 0.327128125 0.4384953125 0.3297875 0.43924375 0.336934375 0.4489546875 0.3452453125 0.4489546875 0.3481140625 0.44322656250000003 0.35521875 0.4402390625 0.36137031249999996 0.43949218749999996 0.366521875 0.4402390625 0.36901562499999996 0.43974062500000005 0.37317187500000004 0.44297812499999994 0.37982031250000003
3 0.229084375 0.47689531250000006 0.2325703125 0.478390625 0.23331718750000002 0.48221406250000004 0.23779843750000002 0.4858703125 0.238296875 0.490359375 0.236553125 0.49750625 0.236803125 0.5137968749999999 0.2400390625 0.51895 0.24427343750000002 0.520778125 0.25 0.5219421875 0.2532375 0.5249328125 0.2542328125 0.5292546875 0.2564734375 0.5327453125 0.2564734375 0.5359046875 0.2552296875 0.539228125 0.252240625 0.5408906250000001 0.25249062499999997 0.54155625 0.25473124999999996 0.5427187499999999 0.2599609375 0.54355 0.2629484375 0.5428859375 0.2674296875 0.5432187500000001 0.2731578125 0.5408906250000001 0.2753984375 0.5375671875 0.2729078125 0.5334109375 0.2731578125 0.5303359375000001 0.27664374999999997 0.527759375 0.2878484375 0.5292546875 0.2980578125 0.5297546875 0.30005000000000004 0.53125 0.3025390625 0.5403921875 0.3065234375 0.540725 0.30851562499999996 0.5378984375 0.30951249999999997 0.533909375 0.3080171875 0.5284234375 0.3105078125 0.5214421875 0.31075624999999996 0.5169546875 0.31424375000000004 0.512965625 0.31548750000000003 0.5098078125 0.31548750000000003 0.50531875 0.31324687500000004 0.5018281250000001 0.3025390625 0.4926859375 0.30005000000000004 0.49135625000000005 0.293825 0.48237968750000004 0.2801296875 0.4692484375 0.27888437499999996 0.466921875 0.27639375 0.46542500000000003 0.2739046875 0.46193437499999995 0.2719125 0.4546203125 0.2691734375 0.4516296875 0.2691734375 0.4468078125 0.2676796875 0.44331718750000004 0.2674296875 0.439328125 0.2644421875 0.437334375 0.26095625 0.43334374999999997 0.2557265625 0.4250328125 0.249253125 0.4187171875 0.247759375 0.415890625 0.2400390625 0.41206718750000004 0.232071875 0.4110703125 0.22485 0.41173593750000004 0.21987031250000003 0.4135640625 0.21862499999999999 0.415890625 0.21987031250000003 0.424534375 0.22061718749999998 0.427028125 0.22385468749999998 0.4311828125 0.22435312500000001 0.43500625 0.22310781249999997 0.43666875000000005 0.22061718749999998 0.4375 0.21987031250000003 0.4391625 0.221115625 0.45545156249999996 0.21862499999999999 0.45761250000000003 0.2049296875 0.45894218750000004 0.2049296875 0.46658906250000004 0.21265 0.46908281250000006 0.216384375 0.46875 0.21912343750000002 0.46958124999999995 0.217878125 0.476396875 0.21663281250000002 0.478390625 0.21837656249999998 0.48221406250000004 0.22061718749999998 0.4827125 0.22285781249999997 0.4795546875 0.229084375 0.47689531250000006
3 0.0854078125 0.1341421875 0.086653125 0.137965625 0.0864046875 0.1392953125 0.083665625 0.141290625 0.07644375 0.142453125 0.07046875 0.1487703125 0.06723124999999999 0.15009999999999998 0.06424375 0.15259375 0.055278125 0.1549203125 0.0525390625 0.1574140625 0.0527890625 0.15874375000000002 0.056523437499999996 0.16323125 0.0722109375 0.171875 0.0779375 0.1697140625 0.10956250000000001 0.165890625 0.1113046875 0.168384375 0.1145421875 0.1690484375 0.1240046875 0.1678859375 0.12574687499999998 0.1660578125 0.1254984375 0.163396875 0.1215140625 0.157246875 0.121265625 0.142453125 0.1190234375 0.13131718750000002 0.1207671875 0.1261640625 0.121015625 0.12200781249999999 0.099353125 0.0819484375 0.1033359375 0.0743015625 0.1035859375 0.071309375 0.1001 0.066821875 0.0963640625 0.0641625 0.08789843750000001 0.061170312500000004 0.0841640625 0.0575140625 0.08242031250000001 0.0485375 0.0791828125 0.040890625 0.06449218749999999 0.0374 0.056523437499999996 0.0393953125 0.053784374999999995 0.040890625 0.051045312499999995 0.0447140625 0.0525390625 0.057181249999999996 0.0512953125 0.0625 0.04830625 0.06798593750000001 0.04855625 0.07529843750000001 0.0525390625 0.0862703125 0.054531249999999996 0.08826406249999999 0.0560265625 0.0917546875 0.0590140625 0.094746875 0.06424375 0.11569218750000002 0.07021875 0.1226734375 0.0747015625 0.1253328125 0.08316718749999999 0.132978125 0.0854078125 0.1341421875
3 0.18600624999999998 0.23986093749999998 0.17355625 0.2393609375 0.16982031250000001 0.23786562500000002 0.167828125 0.2383640625 0.1660859375 0.23986093749999998 0.1700703125 0.24551249999999997 0.18401406250000002 0.249003125 0.18949218750000002 0.25415625 0.20119531249999997 0.25465468750000003 0.20468125 0.2514953125 0.20742031249999998 0.24285312499999998 0.268675 0.2514953125 0.270915625 0.25315781249999997 0.27440312499999997 0.25365625 0.29133437500000003 0.253490625 0.2980578125 0.25199531249999996 0.3025390625 0.25249375 0.30552812500000004 0.25182812499999996 0.3072703125 0.2504984375 0.30876562500000004 0.24418281249999998 0.3067734375 0.24152187500000002 0.2965640625 0.23237968750000002 0.2908359375 0.22839062499999999 0.2853578125 0.22606406250000002 0.2607078125 0.21143593749999998 0.24825624999999998 0.20112968750000002 0.2467625 0.19614375 0.24726093750000003 0.19049218750000002 0.2490046875 0.188165625 0.25298750000000003 0.1871671875 0.25373437499999996 0.18517343749999998 0.2502484375 0.1791890625 0.24800781249999998 0.171875 0.23331718750000002 0.148603125 0.231075 0.1426203125 0.225596875 0.13430781249999998 0.22061718749999998 0.13048593749999998 0.216384375 0.1288234375 0.21215156249999997 0.128490625 0.2049296875 0.12915625 0.202440625 0.128325 0.200696875 0.12649531249999998 0.1989546875 0.11884999999999998 0.196215625 0.115359375 0.1932265625 0.113696875 0.18550781249999998 0.11236718750000001 0.1775390625 0.1138625 0.17355625 0.115359375 0.17181249999999998 0.119015625 0.1713140625 0.1269953125 0.17355625 0.1308171875 0.17579687500000002 0.132146875 0.1775390625 0.13447499999999998 0.185259375 0.13646875 0.1884953125 0.139628125 0.18899375000000002 0.142453125 0.185259375 0.1462765625 0.18625468750000002 0.1540890625 0.18550781249999998 0.1672203125 0.18575625 0.170046875 0.1875 0.17353749999999998 0.1870015625 0.1775265625 0.182021875 0.1836765625 0.1738046875 0.189328125 0.16982031250000001 0.190825 0.168078125 0.19298593749999998 0.16957187499999998 0.1973078125 0.17355625 0.1991359375 0.1770421875 0.1986375 0.182021875 0.196309375 0.1994515625 0.20129687500000001 0.1967125 0.20478749999999998 0.19646406249999998 0.22872343750000002 0.1932265625 0.23620312499999999 0.189740625 0.24069218750000002 0.18600624999999998 0.23986093749999998
3 0.5639937500000001 0.2538234375 0.563246875 0.25581718750000004 0.5637453125 0.2593078125 0.5682265625 0.26263281250000003 0.5719624999999999 0.26196875 0.5761953125 0.26379687500000004 0.5751984375 0.26745312499999996 0.5786859375 0.2694484375 0.5796812499999999 0.2712765625 0.5829187499999999 0.27260625 0.5849109375 0.2755984375 0.58889375 0.2790890625 0.5916328125 0.2800859375 0.599103125 0.280584375 0.6028390625 0.28307812499999996 0.6015937499999999 0.28706718750000004 0.5958671875 0.29238749999999997 0.5826687500000001 0.2947140625 0.5801796875 0.29870312499999996 0.5831671875 0.30136250000000003 0.586903125 0.303025 0.6030875 0.304521875 0.611553125 0.3041890625 0.6160359375 0.3025265625 0.618028125 0.29870312499999996 0.6170312499999999 0.291721875 0.6175296875 0.28540625 0.6202687499999999 0.28457499999999997 0.6230078125 0.28706718750000004 0.6240046875 0.2850734375 0.6235062499999999 0.28125 0.6175296875 0.2751 0.61404375 0.2556515625 0.616534375 0.250996875 0.6202687499999999 0.24850468750000002 0.6217625 0.244846875 0.6245015625 0.24168906250000002 0.6252484375 0.23587031249999998 0.6217625 0.23105000000000003 0.6113046875 0.20894218750000002 0.6110562500000001 0.20478749999999998 0.605578125 0.20112968750000002 0.6018421875 0.1973078125 0.59536875 0.194315625 0.5864046875 0.18118281249999998 0.583665625 0.1791890625 0.5677296875 0.1768609375 0.560009375 0.1796875 0.5567734375 0.18218125000000002 0.5557765625 0.1843421875 0.5565234375 0.1924859375 0.5644921875 0.19896875 0.5707171875 0.20162968750000002 0.5724609375 0.20478749999999998 0.569471875 0.20861093749999998 0.567978125 0.21559218750000003 0.5739546875 0.235371875 0.5737046875 0.23769999999999997 0.57021875 0.24634375 0.5639937500000001 0.2538234375
3 0.61080625 0.202959375 0.6137953125 0.21442812500000002 0.6190234375 0.22190781249999997 0.6232562500000001 0.2225734375 0.6245015625 0.225565625 0.627490625 0.22805781249999998 0.628984375 0.2305515625 0.63595625 0.23354375 0.6484062500000001 0.242021875 0.6536359375 0.2470078125 0.6558765625 0.250665625 0.6583671875 0.25199531249999996 0.6613546875 0.25581718750000004 0.663096875 0.2593078125 0.663346875 0.26379687500000004 0.6650890625 0.2661234375 0.666584375 0.26645625 0.6775390625 0.264959375 0.680528125 0.26362968750000004 0.6822703125 0.25980781249999996 0.67978125 0.2583109375 0.677290625 0.2539890625 0.6748015625 0.25199531249999996 0.6698203125 0.24168906250000002 0.6650890625 0.23637031249999998 0.6596109375 0.2332109375 0.652390625 0.22057812499999999 0.649153125 0.21675468750000002 0.6486546875 0.20861093749999998 0.6548812500000001 0.2081109375 0.655378125 0.2097734375 0.65786875 0.2109375 0.66110625 0.20877656249999998 0.666334375 0.20129687500000001 0.6673312499999999 0.19680781249999998 0.6660859375 0.1933171875 0.6638453125 0.192653125 0.661853125 0.1894953125 0.6563749999999999 0.1855046875 0.6541328125 0.1846734375 0.6521421875 0.1855046875 0.647659375 0.1825140625 0.6484062500000001 0.181515625 0.6421812499999999 0.179521875 0.6409359375 0.172871875 0.6362046875 0.16572499999999998 0.631971875 0.16156874999999998 0.6307265625 0.156084375 0.6292328125 0.1542546875 0.6237546875 0.15142968750000002 0.6190234375 0.1444484375 0.6152890625 0.141290625 0.6110562500000001 0.1401265625 0.6035859375 0.1394609375 0.5956171875 0.140625 0.5923812500000001 0.1426203125 0.5901390625 0.1462765625 0.5911359375 0.1517625 0.5968625000000001 0.16173593749999998 0.5916328125 0.170046875 0.5896421875 0.17736093749999998 0.5896421875 0.1818484375 0.59536875 0.19381718750000002 0.6013453125 0.1966421875 0.6065734375 0.20079843749999998 0.6093124999999999 0.20162968750000002 0.61080625 0.202959375
3 0.824203125 0.20495312499999999 0.8286859375000001 0.20877656249999998 0.8319218749999999 0.21043906250000002 0.838146875 0.2729390625 0.8351593749999999 0.27543281249999996 0.83765 0.27759375 0.8403890625000001 0.27792500000000003 0.8518421875 0.276928125 0.8575703125 0.2774265625 0.8652890624999999 0.2751 0.8710156250000001 0.27144218750000004 0.8642921875 0.26246718750000003 0.8623015625000001 0.25698125 0.8620515624999999 0.250165625 0.86255 0.24916875 0.866534375 0.24817187500000001 0.8690234374999999 0.24850468750000002 0.871265625 0.24800468750000002 0.872759375 0.24650937499999998 0.8779875 0.24684218750000003 0.8809765625000001 0.24650937499999998 0.8822218749999999 0.24567812500000002 0.8814734375000001 0.2418546875 0.8789843749999999 0.2391953125 0.8764937500000001 0.2383640625 0.8757468749999999 0.23620312499999999 0.8767437499999999 0.23520625 0.8797312500000001 0.234375 0.8842125 0.21958125 0.8872015624999999 0.21791875 0.8889437499999999 0.21542500000000003 0.8929281250000001 0.21343125000000002 0.893675 0.209940625 0.8929281250000001 0.20545156250000002 0.8924296875 0.20478749999999998 0.8864546875 0.2034578125 0.8847109375000001 0.202128125 0.881225 0.2017953125 0.877240625 0.2001328125 0.8725093749999999 0.196309375 0.858565625 0.16489375 0.8503484374999999 0.1567484375 0.8466140624999999 0.151096875 0.843128125 0.1484375 0.8416328125 0.1456109375 0.8383968749999999 0.1426203125 0.8374 0.14228749999999998 0.8349109374999999 0.14311875000000002 0.8281875 0.1464421875 0.8222109375000001 0.14993281249999998 0.8182265624999999 0.15375624999999998 0.8182265624999999 0.1565828125 0.8202187500000001 0.16156874999999998 0.8237046875 0.165890625 0.82495 0.176196875 0.8247015624999999 0.18134999999999998 0.8222109375000001 0.1853390625 0.8229578125 0.1896609375 0.8219625 0.1919875 0.8219625 0.20162968750000002 0.824203125 0.20495312499999999
3 0.861803125 0.2523265625 0.8627984375000001 0.24950156250000002 0.866284375 0.24850468750000002 0.8690234374999999 0.2488359375 0.8725093749999999 0.24800468750000002 0.8872015624999999 0.24800468750000002 0.883465625 0.24468125000000002 0.8814734375000001 0.24019218750000002 0.881225 0.23237968750000002 0.883465625 0.22805781249999998 0.8839640624999999 0.22490000000000002 0.886703125 0.22190781249999997 0.888446875 0.22190781249999997 0.8906875 0.22057812499999999 0.8891937499999999 0.21941562499999998 0.888446875 0.21692187500000001 0.8891937499999999 0.21559218750000003 0.8924296875 0.21409531249999997 0.8931765625000001 0.21293281249999998 0.8934265625 0.20561875000000002 0.8926796875 0.20462031249999998 0.886703125 0.203125 0.8847109375000001 0.20112968750000002 0.880478125 0.2017953125 0.8767437499999999 0.200465625 0.8717625 0.1948140625 0.8700203125 0.189328125 0.8667828125 0.184009375 0.8655375 0.17353749999999998 0.8637953125 0.170046875 0.8605578125 0.1575796875 0.8610562500000001 0.15076406250000002 0.8573203125 0.141290625 0.8555781250000001 0.1392953125 0.8533359375 0.133809375 0.8481078125 0.1269953125 0.8391437500000001 0.1205125 0.8359062500000001 0.1151921875 0.8339140625000001 0.10821093749999999 0.825946875 0.1048875 0.8142437499999999 0.10521875 0.8097609374999999 0.10721406250000001 0.8065234374999999 0.1098734375 0.8042828125 0.1138625 0.8045312499999999 0.11868281249999998 0.8080171875 0.12732656250000002 0.8351593749999999 0.27543281249999996 0.8386453125 0.27792500000000003 0.854084375 0.27709375 0.8573203125 0.277759375 0.866284375 0.2751 0.8717625 0.2719421875 0.8637953125 0.26146875 0.861803125 0.2523265625
3 0.9277890624999999 0.24268593749999998 0.925796875 0.24301875 0.8964140625000001 0.23603749999999998 0.888196875 0.23603749999999998 0.888196875 0.2372015625 0.8911859375000001 0.23853125 0.8921812499999999 0.24019218750000002 0.893675 0.23986093749999998 0.9200703125 0.2577578125 0.9205671875 0.26113749999999997 0.9238046875 0.26246718750000003 0.929034375 0.25182812499999996 0.929034375 0.24401562499999999 0.9277890624999999 0.24268593749999998
3 0.918575 0.25465468750000003 0.9208171875 0.26113749999999997 0.9235562500000001 0.262134375 0.9275390625 0.25615 0.929034375 0.2514953125 0.929034375 0.24401562499999999 0.9280375 0.24285312499999998 0.927290625 0.2425203125 0.924303125 0.2435171875 0.9198203125 0.24268593749999998 0.916584375 0.243184375 0.9103578125 0.23986093749999998 0.9021421875 0.23886250000000003 0.899153125 0.23769999999999997 0.8976593749999999 0.23620312499999999 0.888446875 0.23603749999999998 0.8886953125 0.23769999999999997 0.8926796875 0.239528125 0.8966640625 0.24002656249999998 0.8989046875 0.24268593749999998 0.9003984375 0.24301875 0.9028890625000001 0.242021875 0.9078687499999999 0.24850468750000002 0.9121015625 0.2471734375 0.9138453125 0.25182812499999996 0.918575 0.25465468750000003
2 0.081425 0.0488703125 0.0799296875 0.0402265625 0.0674796875 0.0370671875 0.0627484375 0.036735937499999996 0.0582671875 0.037732812500000004 0.053784374999999995 0.0402265625 0.051045312499999995 0.04355 0.050796875 0.047871875 0.052290625 0.052859375 0.056275 0.054189062499999996 0.0590140625 0.0513625 0.0615046875 0.0513625 0.064740625 0.053357812500000004 0.069471875 0.0513625 0.075696875 0.0498671875 0.0801796875 0.049701562500000004 0.081425 0.0488703125
2 0.19721093750000002 0.130153125 0.19845625 0.1281578125 0.200946875 0.1269953125 0.1987046875 0.11702187500000001 0.195965625 0.11419531249999999 0.1847609375 0.11236718750000001 0.17729062499999998 0.113696875 0.17305781250000002 0.11569218750000002 0.1715640625 0.11868281249999998 0.172809375 0.121509375 0.17355625 0.12217343750000001 0.18077656250000002 0.12333750000000002 0.1817734375 0.1253328125 0.18401406250000002 0.126828125 0.18924375 0.12799218750000002 0.1932265625 0.127659375 0.19497031250000002 0.1281578125 0.19721093750000002 0.130153125
2 0.8261953125 0.10455468750000001 0.8139937500000001 0.1048875 0.810259375 0.10654843750000001 0.8047812499999999 0.1107046875 0.8035359375000001 0.1133640625 0.8032875 0.115359375 0.8050296875 0.11818437500000001 0.808765625 0.12001406249999999 0.8184765625000001 0.1203453125 0.8222109375000001 0.121509375 0.8261953125 0.1218421875 0.8359062500000001 0.12084375 0.8378984375 0.11984687499999999 0.8344125 0.107546875 0.8261953125 0.10455468750000001
2 0.843128125 0.15791249999999998 0.8456171875 0.159575 0.849353125 0.1590765625 0.8501 0.1584109375 0.8463640625 0.149103125 0.8378984375 0.140459375 0.8339140625000001 0.140790625 0.8299296875 0.14428125 0.8229578125 0.147440625 0.8182265624999999 0.152759375 0.8174796875 0.1540890625 0.8182265624999999 0.159740625 0.8222109375000001 0.163065625 0.8244515625 0.1620671875 0.825696875 0.1600734375 0.8341640625 0.158078125 0.8383968749999999 0.1540890625 0.8406375 0.1534234375 0.8421312500000001 0.153590625 0.843128125 0.15791249999999998
2 0.6215140625 0.1462765625 0.61728125 0.1417890625 0.6142921875 0.1401265625 0.6075703125 0.13829843749999998 0.5951187499999999 0.139959375 0.591384375 0.142453125 0.5896421875 0.14544531249999998 0.5896421875 0.1496015625 0.5911359375 0.1522609375 0.5956171875 0.156415625 0.599353125 0.1574140625 0.6075703125 0.1574140625 0.6110562500000001 0.15857656250000002 0.6170312499999999 0.158078125 0.6205171875 0.1565828125 0.6237546875 0.151096875 0.6215140625 0.1462765625
2 0.58889375 0.181515625 0.583665625 0.1776921875 0.5749500000000001 0.17736093749999998 0.5682265625 0.1758640625 0.5642437499999999 0.17603125 0.558765625 0.1776921875 0.5562750000000001 0.179853125 0.555528125 0.18218125000000002 0.557021875 0.18916249999999998 0.5642437499999999 0.1939828125 0.5677296875 0.192653125 0.5732078125 0.1939828125 0.5829187499999999 0.1921546875 0.5878984375 0.19365000000000002 0.591384375 0.19049218750000002 0.5908859375 0.1853390625 0.58889375 0.181515625
2 0.46912343749999996 0.3259640625 0.46738125 0.32446875 0.46265 0.322971875 0.45542812499999996 0.32230781249999996 0.44721093749999996 0.32280625 0.43924375 0.32513281250000003 0.43675312499999996 0.32895625 0.4365046875 0.3309515625 0.43899375 0.3380984375 0.4469625 0.34192187500000004 0.4494515625 0.3397609375 0.45244062500000004 0.3387640625 0.45492968749999996 0.3387640625 0.46265 0.3337765625 0.46962187499999997 0.33144999999999997 0.4706171875 0.3302859375 0.46912343749999996 0.3259640625
2 0.925796875 0.397440625 0.9255484375 0.3922875 0.924303125 0.38879687500000004 0.9213140624999999 0.38530625 0.9155875 0.3814828125 0.9121015625 0.3804859375 0.90015 0.38081718750000004 0.8934265625 0.382146875 0.8896906250000001 0.3841421875 0.8894421875 0.38879687500000004 0.8924296875 0.39511250000000003 0.895915625 0.398271875 0.90015 0.3999328125 0.9033859375000001 0.399434375 0.9083671875 0.4014296875 0.9155875 0.4022609375 0.918575 0.4015953125 0.9238046875 0.40192812499999997 0.925796875 0.397440625
2 0.6347109375 0.49318437499999995 0.6424296875 0.4926859375 0.6489046875 0.49002656250000004 0.6486546875 0.48520624999999995 0.6518921875 0.47290625000000003 0.6521421875 0.4682515625 0.650896875 0.46442812499999997 0.646165625 0.45877656250000004 0.608565625 0.4562828125 0.59536875 0.45395624999999995 0.591384375 0.4544546875 0.580428125 0.45844375 0.5634953125 0.45894218750000004 0.5495515625 0.461603125 0.5448203125 0.46326406249999996 0.5376000000000001 0.4670875 0.531871875 0.46875 0.5301296875 0.4699140625 0.5291328125 0.47207499999999997 0.5271421875 0.48354375000000005 0.5276390625 0.4848734375 0.52963125 0.4860375 0.5562750000000001 0.4881984375 0.5644921875 0.49002656250000004 0.583665625 0.4921875 0.6025890625 0.4926859375 0.6252484375 0.4921875 0.6309765625 0.492353125 0.6347109375 0.49318437499999995
2 0.241284375 0.411403125 0.2343125 0.4102390625 0.2251 0.41057187500000003 0.219621875 0.41206718750000004 0.21837656249999998 0.4140625 0.21862499999999999 0.41855000000000003 0.22061718749999998 0.42287187499999995 0.225596875 0.4250328125 0.22833593749999997 0.42719375 0.235059375 0.4256984375 0.25174375000000004 0.42603125000000003 0.2534859375 0.42403593749999996 0.25174375000000004 0.41971406250000004 0.24576718749999998 0.413896875 0.241284375 0.411403125
2 0.3864546875 0.546709375 0.38446250000000004 0.5405578125 0.380478125 0.5370671875 0.369521875 0.5354062500000001 0.36255000000000004 0.535571875 0.3590640625 0.536403125 0.3550796875 0.5403921875 0.3533359375 0.5448796875 0.3543328125 0.5472078125000001 0.35781874999999996 0.5487031250000001 0.3613046875 0.553025 0.372759375 0.55635 0.37674375000000004 0.5528593749999999 0.3799796875 0.5518609375 0.3847109375 0.553025 0.388196875 0.5488703125 0.3864546875 0.546709375
2 0.1342125 0.6417890625 0.1364546875 0.640790625 0.138446875 0.6348078125 0.1349609375 0.6308171875 0.127240625 0.6269953125 0.12350625 0.6263296875 0.118775 0.6264953125 0.1152890625 0.6278265625 0.11105625 0.6281578125 0.10781875 0.630153125 0.1020921875 0.634475 0.1033359375 0.6402921874999999 0.1068234375 0.644115625 0.1105578125 0.644115625 0.1152890625 0.6429515625 0.1190234375 0.6446140625 0.1247515625 0.6434515625 0.12624531249999998 0.641621875 0.1299796875 0.639959375 0.1342125 0.6417890625
2 0.26020937499999997 0.6919875 0.26394375000000003 0.688496875 0.2674296875 0.686503125 0.2674296875 0.6845078124999999 0.26469062499999996 0.6815156250000001 0.2532375 0.6773609375 0.24078750000000002 0.6752 0.23630468750000003 0.6766953124999999 0.23232031250000001 0.6768609375 0.22983125000000001 0.6781921875 0.22086718749999998 0.680684375 0.21762968749999997 0.6838437500000001 0.21663281250000002 0.6851734375 0.21663281250000002 0.6893281250000001 0.217878125 0.6921546875 0.22036875 0.6938171875 0.22833593749999997 0.6964765625 0.232071875 0.6953125 0.24726093750000003 0.6968078125 0.25174375000000004 0.69614375 0.2544828125 0.6933171875 0.26020937499999997 0.6919875
2 0.7661859375 0.6653921875 0.7676796875 0.6653921875 0.770915625 0.663896875 0.7734062500000001 0.6619015625 0.7731578125 0.6540890625 0.7714140625 0.6504328125 0.766434375 0.6464421875 0.7599609375 0.6447812500000001 0.7512453125 0.644946875 0.7437750000000001 0.6461109375 0.73904375 0.6489359375 0.7380484375 0.6502656250000001 0.738296875 0.6545875 0.7395421875 0.656415625 0.742778125 0.6582453125 0.7440234375 0.6619015625 0.7470125000000001 0.6612359375 0.7514937500000001 0.6627328125 0.755478125 0.6620671875 0.7597109375 0.664728125 0.7661859375 0.6653921875
2 0.9143421875 0.726728125 0.9130968749999999 0.72406875 0.9073703125 0.7190828125000001 0.9011453125 0.7167546875 0.8911859375000001 0.7165890625 0.8847109375000001 0.71791875 0.8794828125 0.7200796875 0.8784859375 0.722240625 0.8782375 0.7278921875 0.8807265624999999 0.7315484375 0.8844625 0.7313828124999999 0.8889437499999999 0.7285578125 0.910109375 0.7293890625 0.913346875 0.7302187499999999 0.9158359375 0.7328796875 0.9170812500000001 0.7323796875 0.916584375 0.7283906250000001 0.9143421875 0.726728125
2 0.45841562500000005 0.7596406250000001 0.45492968749999996 0.757146875 0.45144375 0.7563171875 0.4469625 0.753490625 0.43949218749999996 0.7519953125 0.43525937499999995 0.7518281250000001 0.4230578125 0.7556515625 0.41807812499999997 0.7596406250000001 0.41733125 0.7614687499999999 0.41683281250000004 0.7636296875 0.4238046875 0.7694484375 0.4275390625 0.7702796875 0.4345125 0.7701125 0.43949218749999996 0.7721078125 0.44472187500000004 0.7696140625 0.45219062499999996 0.76895 0.45542812499999996 0.7642953125 0.45791875 0.7626328124999999 0.45841562500000005 0.7596406250000001
2 0.40263906250000003 0.7747671875 0.3964140625 0.7722734375 0.3926796875 0.7714421875 0.3879484375 0.7714421875 0.3777390625 0.773603125 0.372759375 0.777925 0.3715140625 0.781084375 0.3715140625 0.7872343749999999 0.37674375000000004 0.7920546875000001 0.3857078125 0.790725 0.3971609375 0.7875671875 0.40251562500000004 0.788396875 0.40786875 0.7903921875 0.4083671875 0.790059375 0.4093625 0.7825796875 0.4081171875 0.7795875 0.40263906250000003 0.7747671875
2 0.06872500000000001 0.9197140625 0.0719625 0.9210437499999999 0.07544843749999999 0.9183843749999999 0.0799296875 0.9205453125 0.0841640625 0.91855 0.08789843750000001 0.920046875 0.09163281250000001 0.9163890625000001 0.0854078125 0.9077453125 0.0791828125 0.9039234374999999 0.071215625 0.90209375 0.06399375 0.90209375 0.056523437499999996 0.90375625 0.051045312499999995 0.908078125 0.047809375 0.9125671875 0.0470625 0.9162234375 0.04830625 0.9198796874999999 0.05154375 0.9212093749999999 0.0525390625 0.9238703125000001 0.0542828125 0.923703125 0.054531249999999996 0.9198796874999999 0.056523437499999996 0.9187171875000001 0.0590140625 0.9183843749999999 0.06424375 0.9205453125 0.06872500000000001 0.9197140625
2 0.53286875 0.8189828125 0.53735 0.818484375 0.5408359375 0.8196468749999999 0.544571875 0.819315625 0.5485562500000001 0.81665625 0.549053125 0.8103390625 0.5448203125 0.8050203125 0.5405875 0.80219375 0.5301296875 0.80103125 0.524153125 0.8015296875000001 0.5169328125 0.8046875 0.514940625 0.8060171875 0.513446875 0.8085109375 0.5129484375 0.8120015625000001 0.5136953125 0.8141624999999999 0.5156875000000001 0.8103390625 0.5171812499999999 0.8095078125 0.5199203125 0.8095078125 0.5229078125 0.8105046874999999 0.5231578125 0.8144953125000001 0.5248999999999999 0.8164890625 0.5281374999999999 0.8163234375 0.53286875 0.8189828125
2 0.7206171875 0.829953125 0.718128125 0.8261296874999999 0.7136453125 0.8219749999999999 0.7094125 0.820146875 0.7049296875 0.8191484375 0.6932265625 0.818484375 0.6817734375 0.82280625 0.679034375 0.8251328125 0.6782874999999999 0.829953125 0.6792828125 0.83178125 0.683515625 0.8346078125 0.6892437499999999 0.8371015625 0.69521875 0.837765625 0.7128984375 0.8417546874999999 0.7141437500000001 0.8397609375 0.717878125 0.8372671875 0.719621875 0.8351062499999999 0.7206171875 0.829953125
2 0.735309375 0.8051859374999999 0.7400390625 0.805684375 0.7440234375 0.805684375 0.7455171875 0.8031921875 0.7440234375 0.7972078125000001 0.74228125 0.7948796875 0.7375499999999999 0.7927187499999999 0.7285859375 0.7902265625 0.71713125 0.790725 0.708415625 0.7945484375 0.703934375 0.7982046875 0.7034359375 0.7987031250000001 0.7051796875 0.8025265625 0.707171875 0.8050203125 0.7091640625 0.8066828125000001 0.7128984375 0.8078453124999999 0.7166328125 0.8076796875 0.7206171875 0.8031921875 0.7246015625 0.8018609375000001 0.7272578125 0.8018609375000001 0.735309375 0.8051859374999999
2 0.8701437500000001 0.7854890625000001 0.8652890624999999 0.78656875 0.863296875 0.7895609375 0.8637953125 0.7947140625 0.8738796875 0.7969578125 0.8767437499999999 0.7992015625 0.8924296875 0.80103125 0.9003984375 0.7987031250000001 0.9021421875 0.790725 0.899153125 0.7869015625 0.8886953125 0.780584375 0.875 0.7829125 0.8701437500000001 0.7854890625000001
2 0.7597109375 0.7627984375 0.7604578125 0.7591421875 0.7582171875 0.753490625 0.7534859375 0.7478390625 0.7504984375 0.7463437500000001 0.7437750000000001 0.7460109375 0.736553125 0.7478390625 0.7330671875 0.7504984375 0.7238546875 0.7548203124999999 0.7228578125 0.7558171875 0.725596875 0.75864375 0.7280875 0.7634640625 0.7360562500000001 0.7661234375 0.7405375000000001 0.764628125 0.7480078125 0.764959375 0.7502484375 0.7674531250000001 0.7529874999999999 0.7677859375 0.7562249999999999 0.7667890625 0.7597109375 0.7627984375
1 0.9751 0.9820484374999999 0.9778390625 0.977559375 0.9825703125 0.9757312499999999 0.9863046875 0.9788890625000001 0.9902890624999999 0.9787234375 0.9957671875 0.9757312499999999 0.9972609374999999 0.9737359375000001 0.9997515625 0.9732375 0.9997515625 0.9502984375000001 0.9980078125 0.9502984375000001 0.9940234374999999 0.9488031250000001 0.9902890624999999 0.947971875 0.9775890625000001 0.9481390624999999 0.9718625 0.95063125 0.9656375 0.9546203125 0.9589140625000001 0.9571140625 0.956175 0.9589421874999999 0.9544328125 0.9617687500000001 0.953934375 0.9630984375 0.9556765625000001 0.9670875000000001 0.9589140625000001 0.9692484374999999 0.9661359375 0.9717421875 0.9698703125 0.974734375 0.968625 0.9778921875 0.968625 0.982546875 0.9706171875 0.9872015624999999 0.974353125 0.9873671875 0.9751 0.9820484374999999