3 0 0.99504375 0.001921875 0.99504375 0.00401875 0.999784375 0.072165625 0.999784375 0.075834375 0.9974140625000001 0.0784546875 0.9978453125 0.0786296875 0.999784375 0.11270312499999999 0.999784375 0.11287812500000001 0.9978453125 0.11812031249999999 0.9971984375 0.1258078125 0.9976296874999999 0.1265078125 0.9980609375 0.1265078125 0.999784375 0.1280796875 0.999784375 0.1298265625 0.9976296874999999 0.13559375 0.9971984375 0.145378125 0.9978453125 0.145553125 0.999784375 0.1507953125 0.999784375 0.1529796875 0.9976296874999999 0.162153125 0.9978453125 0.165996875 0.9959046875 0.170015625 0.9952593750000001 0.1750828125 0.9903015625 0.1752578125 0.9883625 0.1874890625 0.9900859375 0.1876640625 0.9941812499999999 0.1897609375 0.9954734375 0.1976234375 0.9956890625 0.20094375000000003 0.9965515625 0.20478749999999998 0.9959046875 0.21981406250000002 0.9969828125 0.2243578125 0.9965515625 0.2266296875 0.9939656250000001 0.22645468750000003 0.9853453125 0.227678125 0.9678875 0.22697812499999998 0.9538796875 0.2304734375 0.945259375 0.231696875 0.9394390625 0.229775 0.918103125 0.23029843749999998 0.9116375 0.2325703125 0.9032328125 0.23222031250000003 0.892240625 0.231346875 0.8894390624999999 0.23152187500000002 0.8767234374999999 0.2304734375 0.8730609375 0.2308234375 0.860990625 0.229425 0.8575437499999999 0.22925 0.8540953124999999 0.23222031250000003 0.81379375 0.231346875 0.81120625 0.2325703125 0.806896875 0.235715625 0.654740625 0.23641406250000002 0.6540953125 0.2369390625 0.6030171875 0.2362390625 0.5964437499999999 0.2365890625 0.5825437499999999 0.235715625 0.5607765625 0.23379374999999997 0.5601296875 0.2323953125 0.5545265625 0.23292031249999998 0.548490625 0.2323953125 0.5476296875 0.22959999999999997 0.5467671875 0.229075 0.542671875 0.2301234375 0.5413796875 0.2323953125 0.5418109375 0.23326875 0.5409484375 0.23204687499999999 0.5375 0.2327453125 0.53254375 0.2308234375 0.529740625 0.2309984375 0.5280171874999999 0.23292031249999998 0.52543125 0.231696875 0.5209046875000001 0.2327453125 0.518103125 0.23379374999999997 0.5103453124999999 0.2323953125 0.4907328125 0.23117187499999997 0.48663749999999995 0.2309984375 0.481896875 0.22995000000000002 0.47866406250000004 0.22697812499999998 0.4586203125 0.22453281249999998 0.45086250000000005 0.2199890625 0.4471984375 0.2178921875 0.4394390625 0.21667031250000002 0.43836250000000004 0.21265 0.43793125 0.20985468749999997 0.436421875 0.20601093750000002 0.43146562499999996 0.199021875 0.4282328125 0.194478125 0.42370625000000006 0.1895859375 0.42284531249999996 0.1853921875 0.417240625 0.1771796875 0.41228437500000004 0.174209375 0.4081890625 0.166346875 0.40495625 0.158134375 0.39870625 0.15638593750000002 0.3965515625 0.15481406250000002 0.39051718750000003 0.149921875 0.3842671875 0.14730000000000001 0.3795265625 0.145378125 0.37004375 0.14834843749999999 0.35625 0.148 0.34816875 0.153415625 0.3340515625 0.15271718750000002 0.329740625 0.1558625 0.324353125 0.15795937499999999 0.317240625 0.15953124999999999 0.31443906250000003 0.1645984375 0.3103453125 0.1649484375 0.306465625 0.1673953125 0.298921875 0.1673953125 0.294828125 0.1694921875 0.2905171875 0.1712390625 0.28318906250000003 0.1735109375 0.2790953125 0.173684375 0.270259375 0.17246250000000002 0.26120625 0.17403437500000002 0.2530171875 0.1728109375 0.24461249999999998 0.17385937499999998 0.23620625 0.1735109375 0.230171875 0.17595624999999998 0.22456874999999998 0.17770468749999999 0.21573281249999998 0.1796265625 0.19058906250000002 0.18294531249999998 0.1821125 0.186615625 0.1782328125 0.18679062500000002 0.17370625 0.17246250000000002 0.15021562500000002 0.161978125 0.13879375 0.1572609375 0.1346984375 0.1502703125 0.1303875 0.13506875000000002 0.12780156250000002 0.1259828125 0.1275859375 0.1198671875 0.12607812499999999 0.087890625 0.1293109375 0.076009375 0.1338359375 0.072165625 0.136853125 0.067796875 0.142671875 0.06168125 0.1532328125 0.0585359375 0.16206875 0.0588859375 0.1661640625 0.056439062500000005 0.1780171875 0.058010937500000005 0.18254375 0.0578375 0.18857812499999999 0.058710937500000004 0.1976296875 0.057662500000000005 0.201078125 0.057662500000000005 0.20948281249999998 0.059409375 0.2282328125 0.0585359375 0.23060312500000002 0.054167187500000005 0.23685312500000003 0.0539921875 0.25625 0.054865624999999994 0.263578125 0.059934375 0.2790953125 0.06465156250000001 0.2853453125 0.06936875 0.2896546875 0.0707671875 0.29504375 0.072165625 0.305171875 0.0725140625 0.3155171875 0.0711171875 0.3415953125 0.0670984375 0.34935312500000004 0.059759375 0.35754375 0.059409375 0.3616375 0.0562640625 0.36465468749999996 0.056962500000000006 0.368965625 0.0562640625 0.37306093749999997 0.052768749999999996 0.37456875 0.0442078125 0.374784375 0.0398390625 0.376078125 0.038965625 0.3771546875 0.0379171875 0.3846984375 0.0360828125 0.3857765625 0.033025 0.38534531250000004 0.032325 0.388578125 0.0332 0.39051718750000003 0.03686875 0.3911640625 0.037393749999999996 0.392240625 0.0361703125 0.3967671875 0.033025 0.398490625 0.030228125 0.40452656249999996 0.026209375 0.40538749999999996 0.0211421875 0.40474062499999997 0.0178234375 0.40603437500000006 0.005765625 0.407328125 0.0047171875 0.4081890625 0.0036687499999999997 0.4125 0 0.41314687499999997 0 0.460990625 0.002096875 0.461421875 0.0026203125000000002 0.4625 0.0033203125 0.469828125 0.0026203125000000002 0.47456875 0.00401875 0.4784484375 0.004368749999999999 0.482328125 0.0029703125 0.4842671875 0 0.4857765625 0 0.501078125 0.001921875 0.501078125 0.0027953125 0.5019390625 0.0024468750000000003 0.5103453124999999 0.0034953125 0.517240625 0.002096875 0.5282328125 0 0.5286640625000001 0 0.99504375
2 0.0732140625 0.21918125000000002 0.0740875 0.21659531250000003 0.076184375 0.2150859375 0.0791546875 0.2105609375 0.08334843750000001 0.2084046875 0.087890625 0.210990625 0.091734375 0.2163796875 0.0950546875 0.211421875 0.0995984375 0.20775937500000002 0.10204375000000002 0.2028015625 0.1092078125 0.19331875 0.11445000000000001 0.18793125 0.11899375000000001 0.1849140625 0.12668125 0.182759375 0.1347203125 0.182328125 0.1420578125 0.1782328125 0.1464265625 0.1782328125 0.17228749999999998 0.192240625 0.1733359375 0.19331875 0.173684375 0.1980609375 0.1775296875 0.1991375 0.17980156249999998 0.19375 0.182421875 0.18426718749999998 0.1887125 0.1775859375 0.1885375 0.17370625 0.186090625 0.1706890625 0.181896875 0.16206875 0.178403125 0.1581890625 0.17595624999999998 0.1519390625 0.1728109375 0.1465515625 0.1691421875 0.14375 0.16162812499999998 0.1346984375 0.158134375 0.131896875 0.1502703125 0.1288796875 0.1390875 0.1269390625 0.1284296875 0.12672343749999998 0.11916875 0.12478437499999999 0.11095625 0.125 0.09977343749999999 0.1275859375 0.08719218749999999 0.1286640625 0.080028125 0.13103437499999998 0.0735625 0.1346984375 0.06744687499999999 0.14137968750000002 0.06534999999999999 0.1454734375 0.06098125 0.15043125 0.056439062500000005 0.1650859375 0.055390625000000006 0.1780171875 0.05591406249999999 0.1855609375 0.05818593749999999 0.1967671875 0.0573125 0.20129375 0.059059375000000004 0.20409531250000001 0.0608078125 0.2196125 0.059934375 0.22068906250000003 0.06430156249999999 0.22478437499999998 0.0670984375 0.22155156250000002 0.0732140625 0.21918125000000002
3 0.1796265625 0.34137968750000003 0.1792765625 0.3459046875 0.1817234375 0.349784375 0.18451875 0.3571125 0.18451875 0.36120625 0.18836250000000002 0.367671875 0.1964 0.3721984375 0.19570156249999998 0.388578125 0.1964 0.39245625 0.202865625 0.3928875 0.212825 0.3920265625 0.2201640625 0.3898703125 0.22453281249999998 0.3911640625 0.23222031250000003 0.39030156250000003 0.23361875 0.388578125 0.235190625 0.3842671875 0.240259375 0.38189687499999997 0.24165625 0.37672343750000004 0.2432296875 0.374784375 0.2512671875 0.3704734375 0.25843125 0.368965625 0.2596546875 0.367240625 0.2634984375 0.36745625 0.26437187500000003 0.3653015625 0.2636734375 0.36293125000000004 0.260353125 0.3616375 0.260353125 0.3530171875 0.2634984375 0.351078125 0.2713609375 0.35086249999999997 0.272059375 0.3491375 0.2713609375 0.3459046875 0.2657703125 0.34504375 0.2654203125 0.3407328125 0.26611875 0.337715625 0.2610515625 0.3340515625 0.260703125 0.3295265625 0.262625 0.3258625 0.26611875 0.3226296875 0.268040625 0.31831875 0.2734578125 0.3125 0.2759046875 0.30754375 0.2792234375 0.3071125 0.28306875 0.31077656249999996 0.2839421875 0.3088359375 0.284640625 0.30603437499999997 0.2835921875 0.3038796875 0.2818453125 0.3030171875 0.2820203125 0.30129375 0.284465625 0.29870625 0.2870875 0.2898703125 0.28831093750000003 0.28362031249999997 0.28831093750000003 0.2784484375 0.29058125 0.268103125 0.2900578125 0.262715625 0.2918046875 0.25581875 0.2923296875 0.249784375 0.2918046875 0.236421875 0.289359375 0.22068906250000003 0.2869125 0.2105609375 0.2839421875 0.20150937500000002 0.2813203125 0.1967671875 0.2792234375 0.19073281250000002 0.2732828125 0.18125 0.263846875 0.1724140625 0.2554609375 0.167671875 0.24095781249999998 0.16206875 0.22645468750000003 0.1607765625 0.2161453125 0.161421875 0.2119515625 0.16206875 0.20111875 0.1663796875 0.1960515625 0.16918125 0.1911578125 0.17370625 0.1890609375 0.1775859375 0.186440625 0.18599062500000002 0.1832953125 0.1900859375 0.17805312499999998 0.22456874999999998 0.17595624999999998 0.232328125 0.17613125000000002 0.23706875 0.1754328125 0.2403015625 0.17613125000000002 0.24375 0.174209375 0.26206874999999996 0.1754328125 0.275 0.169665625 0.29870625 0.169840625 0.30668125 0.17630625 0.3258625 0.17665625000000001 0.3336203125 0.1796265625 0.34137968750000003
2 0.202690625 0.242671875 0.21230156249999999 0.2349140625 0.2201640625 0.23060312500000002 0.2282015625 0.2288796875 0.240259375 0.23060312500000002 0.25021875 0.2346984375 0.251790625 0.2366375 0.260703125 0.24310312500000003 0.26611875 0.250215625 0.26751718750000003 0.255171875 0.2703125 0.25668125 0.2713609375 0.2594828125 0.2731078125 0.2605609375 0.27485624999999997 0.263578125 0.2774765625 0.26120625 0.2800984375 0.26034531250000004 0.2813203125 0.2579734375 0.2835921875 0.25581875 0.28324375 0.25150937500000003 0.2865625 0.251078125 0.29093125 0.24784531250000003 0.2916296875 0.2405171875 0.2916296875 0.23599062499999998 0.28953281249999996 0.2196125 0.2870875 0.2088359375 0.28324375 0.1971984375 0.27450625 0.18168125 0.2713609375 0.1784484375 0.268040625 0.176509375 0.2654203125 0.17262968750000002 0.25598437500000004 0.16745625 0.24252968749999998 0.16206875 0.2325703125 0.1607765625 0.2157953125 0.16120625 0.2049625 0.16400937499999999 0.1955265625 0.169396875 0.190984375 0.1741375 0.1853921875 0.18599062500000002 0.1832953125 0.188146875 0.182246875 0.1913796875 0.178403125 0.2224140625 0.17630625 0.23189687499999997 0.17630625 0.2375 0.1756078125 0.2403015625 0.17770468749999999 0.2605609375 0.17980156249999998 0.2588359375 0.18451875 0.257759375 0.1859171875 0.25560312500000004 0.19325468750000002 0.25193906250000003 0.1971 0.2474140625 0.20129375 0.24504375 0.202690625 0.242671875
3 0.2385109375 0.4375 0.2385109375 0.4956890625 0.2374625 0.4980609375 0.240259375 0.5019390625 0.24060781250000002 0.5040953125 0.23938437499999998 0.5094828125 0.239909375 0.5144390624999999 0.2392109375 0.5275859374999999 0.239909375 0.5607765625 0.24095781249999998 0.5659484375 0.2404328125 0.576509375 0.24200624999999998 0.5808187499999999 0.2411328125 0.5834046875000001 0.240259375 0.5915953125 0.24130625 0.5965515625 0.240084375 0.6025859375 0.239909375 0.623490625 0.240084375 0.639009375 0.2404328125 0.6403015625 0.2423546875 0.6418109375000001 0.240259375 0.648921875 0.240259375 0.6540953125 0.2392109375 0.6590515625 0.23833593749999998 0.6844828125 0.23938437499999998 0.689009375 0.23938437499999998 0.7017234375 0.239909375 0.7038796875 0.2392109375 0.7161640625000001 0.239734375 0.7181031250000001 0.23903593750000002 0.7596984375 0.2392109375 0.763578125 0.240084375 0.7657328125 0.24287968750000002 0.7648703125 0.24445156250000002 0.7653015625 0.2449765625 0.767671875 0.24427812499999998 0.7704734375 0.2432296875 0.7713359375 0.244103125 0.774353125 0.24148125 0.7782328125 0.2423546875 0.7849140625000001 0.24183125 0.7911640625 0.24252968749999998 0.8025859375 0.24183125 0.8073281250000001 0.2427046875 0.8209046875 0.2423546875 0.8331890625 0.2432296875 0.8375 0.243403125 0.8653015625 0.24515156249999998 0.86745625 0.245675 0.869396875 0.24427812499999998 0.8728453125 0.2507421875 0.876078125 0.252140625 0.8775859374999999 0.24951875 0.8872843749999999 0.25004375 0.893103125 0.2489953125 0.9025859374999999 0.2489953125 0.9200437499999999 0.25004375 0.9278015625 0.252140625 0.93125 0.2568578125 0.9508625 0.25790625 0.9588359375 0.26017812500000004 0.9629312499999999 0.2615765625 0.970259375 0.2617515625 0.9773703125000001 0.25825624999999997 0.9823281250000001 0.2615765625 0.985990625 0.260003125 0.994396875 0.2614015625 0.9965515625 0.264721875 0.9978453125 0.2648953125 0.999784375 0.2732828125 0.999784375 0.2732828125 0.9980609375 0.27468125 0.9974140625000001 0.2774765625 0.9978453125 0.2776515625 0.999784375 0.334440625 0.999784375 0.3358375 0.9976296874999999 0.33859062500000003 0.9976296874999999 0.3407296875 0.999784375 0.34300156249999997 0.999784375 0.34475 0.9976296874999999 0.3498171875 0.9976296874999999 0.3519140625 0.9967671875 0.354709375 0.99245625 0.35540781250000003 0.9810343749999999 0.436309375 0.47090468750000003 0.4342125 0.46616406250000003 0.436309375 0.46293125 0.4371828125 0.45625 0.42984375 0.3670265625 0.4315921875 0.3663796875 0.432465625 0.3650859375 0.4275734375 0.3642234375 0.42407812500000003 0.36120625 0.41970937499999994 0.36056093749999996 0.4144671875 0.3633625 0.412371875 0.3668109375 0.411496875 0.3668109375 0.4101 0.3657328125 0.4090515625 0.363146875 0.4069546875 0.362715625 0.4043328125 0.3601296875 0.40276093749999997 0.3599140625 0.38895625 0.3517234375 0.38983124999999996 0.3394390625 0.39297499999999996 0.3338359375 0.3926265625 0.326509375 0.39140312499999996 0.32284531250000004 0.39175312500000004 0.31810312500000004 0.391053125 0.31443906250000003 0.3866859375 0.31077656249999996 0.38493750000000004 0.30689687499999996 0.38493750000000004 0.2946125 0.38563749999999997 0.2894390625 0.3886078125 0.2842671875 0.3907046875 0.276078125 0.3926265625 0.25172343750000004 0.3886078125 0.23922343750000002 0.382840625 0.23038750000000002 0.38074375 0.22456874999999998 0.3769 0.2228453125 0.37270625 0.22219843749999998 0.37200781250000003 0.22004375 0.37288125 0.21659531250000003 0.36169843749999997 0.2090515625 0.3594265625 0.20625 0.3533109375 0.20323281249999997 0.345971875 0.20193906250000002 0.325878125 0.20301718750000003 0.3223828125 0.20452656249999998 0.3187140625 0.20797343750000002 0.3150453125 0.2096984375 0.3105015625 0.20689687499999998 0.3063078125 0.20754375 0.3026390625 0.2088359375 0.29704687500000004 0.21443906250000003 0.292678125 0.2204734375 0.292678125 0.22435312500000001 0.2937265625 0.2282328125 0.293203125 0.232328125 0.29495 0.23534531250000001 0.29949375 0.23577656249999998 0.29879375 0.23814687499999998 0.29704687500000004 0.23879375 0.29617343749999997 0.2400859375 0.29669687499999997 0.24418125000000002 0.2937265625 0.25560312500000004 0.2925046875 0.27629375 0.29093125 0.28297343750000004 0.2874359375 0.31707968750000004 0.2867375 0.31961249999999997 0.284640625 0.3221984375 0.285165625 0.32543125 0.284815625 0.329740625 0.27537968749999997 0.37262968750000003 0.27013750000000003 0.37306093749999997 0.2678671875 0.375215625 0.2594796875 0.374784375 0.256159375 0.37370625 0.2507421875 0.374353125 0.248121875 0.37693906250000003 0.24672343749999998 0.3834046875 0.243928125 0.3855609375 0.24130625 0.39094843749999997 0.23798750000000002 0.39245625 0.236065625 0.3961203125 0.24287968750000002 0.39870625 0.24707343750000002 0.4028015625 0.2474234375 0.40474062499999997 0.244103125 0.40603437500000006 0.240084375 0.40581875 0.235190625 0.4081890625 0.235890625 0.42004374999999994 0.2372875 0.42693906249999997 0.2374625 0.4355609375 0.2385109375 0.4375
2 0.318015625 0.237715625 0.321334375 0.23556093749999998 0.3328671875 0.23189687499999997 0.349990625 0.2321125 0.3613484375 0.2396546875 0.3683390625 0.24806093749999997 0.37165781249999996 0.256034375 0.37288125 0.260990625 0.3796953125 0.273921875 0.383190625 0.28275937500000003 0.383540625 0.28706875 0.3847625 0.2892234375 0.3886078125 0.285990625 0.3905296875 0.28081875 0.3921015625 0.2790953125 0.39315 0.2711203125 0.3945484375 0.26745625 0.3947234375 0.25172343750000004 0.3940234375 0.2461203125 0.38965625 0.23189687499999997 0.38074375 0.2211203125 0.370609375 0.21271562500000002 0.3637953125 0.2088359375 0.36012656249999997 0.20452656249999998 0.3536609375 0.20129375 0.346671875 0.200215625 0.3433515625 0.201078125 0.322034375 0.2008625 0.3197625 0.20215468749999999 0.3181890625 0.20495625 0.3141703125 0.207328125 0.3108515625 0.20581875 0.3063078125 0.206034375 0.3026390625 0.207328125 0.29669687499999997 0.210990625 0.29512499999999997 0.214009375 0.29093125 0.21875 0.29058125 0.22176718750000002 0.2918046875 0.2321125 0.293203125 0.23685312500000003 0.294775 0.248490625 0.2958234375 0.24418125000000002 0.297396875 0.2428875 0.301415625 0.24159531250000002 0.3066578125 0.24245624999999998 0.3112875 0.23900937500000002 0.318015625 0.237715625
3 0.41499218750000005 0.7478453125 0.415865625 0.7497843750000001 0.41778750000000003 0.7508625 0.41796249999999996 0.752478125 0.415515625 0.755603125 0.41429375 0.7711203125 0.41604062500000005 0.773921875 0.41604062500000005 0.7769390625 0.41499218750000005 0.7788796875 0.415515625 0.7834046875 0.41429375 0.786853125 0.4148171875 0.7892234375 0.41376875 0.8021546875000001 0.41359375 0.83081875 0.41376875 0.8338359375 0.4153421875 0.8355609375 0.4176125 0.8364218749999999 0.4191859375 0.8394390625 0.415865625 0.8415953125 0.41604062500000005 0.8456890625 0.4148171875 0.8497843749999999 0.41691406249999996 0.8517234374999999 0.41778750000000003 0.8545265625 0.415865625 0.855603125 0.41499218750000005 0.8573281250000001 0.415865625 0.8592671875000001 0.4170890625 0.8590515625 0.4181375 0.8558187500000001 0.42075781250000005 0.8551718749999999 0.42145781250000003 0.8530171875000001 0.4272234375 0.8534484375 0.42932031249999997 0.8553875 0.42984375 0.8635781250000001 0.42914531250000004 0.8689656250000001 0.42984375 0.8730609375 0.431940625 0.876078125 0.43054375 0.8810343749999999 0.432640625 0.8844828124999999 0.4308921875 0.8883625 0.43071875000000004 0.8963359375 0.43316406250000006 0.8991374999999999 0.43403749999999997 0.9015093750000001 0.432465625 0.9040953125 0.4312421875 0.9038796874999999 0.43054375 0.906465625 0.42914531250000004 0.9081890625 0.428621875 0.9133625000000001 0.4270484375 0.9157328124999999 0.4289703125 0.9196125 0.4270484375 0.9237062500000001 0.42809687500000004 0.9280171875000001 0.4275734375 0.9314656250000001 0.44050312500000005 0.9941812499999999 0.44696875 0.9969828125 0.45186093749999995 0.9963359374999999 0.45465625000000004 0.9976296874999999 0.47003281250000006 0.9965515625 0.474925 0.9969828125 0.47737187499999995 0.9941812499999999 0.48872968749999995 0.999784375 0.49135 0.999784375 0.49152500000000005 0.9978453125 0.493971875 0.9967671875 0.49851406249999997 0.9971984375 0.4995625 0.9980609375 0.4995625 0.999784375 0.5198328125 0.999784375 0.5198328125 0.9980609375 0.5217546875 0.9974140625000001 0.540625 0.9967671875 0.5486640625 0.9976296874999999 0.5493625 0.9980609375 0.5493625 0.999784375 0.5574 0.999784375 0.5586234375 0.9920265625000001 0.5587984374999999 0.9677265625 0.56141875 0.96206875 0.563865625 0.9474140625 0.5643890625 0.925 0.5650875 0.9228453125 0.5664859375 0.9217671875000001 0.5724265625 0.9209046875 0.57365 0.9200437499999999 0.576271875 0.9170265625 0.5785421875 0.9107765625 0.580115625 0.9086203125000001 0.583784375 0.8846984375 0.583959375 0.876509375 0.5850078125 0.8730609375 0.5860562500000001 0.861853125 0.5886765625 0.8495687500000001 0.5888515625 0.8396546875 0.590075 0.8321125 0.5893765625 0.8230609375 0.5937453125000001 0.8043109375 0.5960156249999999 0.7987062500000001 0.59444375 0.795259375 0.5947921875 0.7915953124999999 0.5979375 0.78706875 0.5982875 0.7842671875 0.608771875 0.755171875 0.6112171875 0.7538796875 0.6115671875 0.7523703125 0.6112171875 0.75 0.60685 0.7491375 0.606325 0.7476296875 0.61051875 0.742240625 0.6117421875 0.7366375 0.6113921875 0.7329734375 0.612440625 0.7209046875 0.6117421875 0.7144390625 0.612440625 0.7049562500000001 0.6117421875 0.6967671875 0.61051875 0.6896546875 0.6080734375 0.6855609375 0.6078984375 0.682328125 0.6051015625 0.6721984375 0.6037046875 0.669396875 0.6033546875 0.662284375 0.60685 0.6579734375 0.6094703124999999 0.65754375 0.6120921874999999 0.657759375 0.6136640625 0.66206875 0.6150625 0.6627156249999999 0.6161109375 0.66206875 0.6176828125 0.6579734375 0.6143625 0.65625 0.6134890625 0.6540953125 0.62345 0.6424562500000001 0.621353125 0.6392234375 0.62275 0.636421875 0.625196875 0.6342671875 0.6306140625000001 0.6321125000000001 0.6318359375 0.630603125 0.6328843749999999 0.626509375 0.6302640625 0.623921875 0.6300890625 0.6224140625000001 0.6325359374999999 0.6204734375000001 0.633409375 0.61745625 0.6355062499999999 0.6150859375 0.6341078125 0.6081890624999999 0.639525 0.588146875 0.6388265625 0.5834046875000001 0.6398734375 0.5799562500000001 0.6383015624999999 0.5793109375000001 0.6342828125 0.573921875 0.6320109375 0.56875 0.6320109375 0.5605609375 0.6302640625 0.5521546875000001 0.6318359375 0.54331875 0.6306140625000001 0.5392234375 0.62729375 0.53620625 0.62659375 0.525215625 0.625196875 0.5215515625 0.624671875 0.5174562500000001 0.6159359375 0.49590468750000005 0.6120921874999999 0.4903015625 0.6112171875 0.48728437500000005 0.600734375 0.48534531249999996 0.596190625 0.48254374999999994 0.59461875 0.47478437500000004 0.5930453124999999 0.47090468750000003 0.59444375 0.46659531249999997 0.5947921875 0.46271562499999996 0.592171875 0.4584046875 0.592696875 0.454740625 0.5909484375 0.45129374999999994 0.5914734375 0.448490625 0.5935703125 0.444828125 0.5940937500000001 0.43879375 0.596190625 0.43534531249999997 0.596540625 0.43189687499999996 0.5995109375000001 0.4284484375 0.6010828125 0.42370625000000006 0.6014328124999999 0.42004374999999994 0.6052765625000001 0.4116375 0.60615 0.40797343750000004 0.6080734375 0.40603437500000006 0.612965625 0.4043109375 0.6134890625 0.4019390625 0.6150625 0.40021562499999996 0.6185562499999999 0.392671875 0.6175078125 0.39073281249999997 0.6152375 0.3900859375 0.6150625 0.3875 0.6180328125 0.386421875 0.61890625 0.3849140625 0.6194296875 0.37650937500000003 0.61838125 0.37456875 0.6147125 0.351509375 0.616984375 0.3459046875 0.6176828125 0.33793125 0.6201296875 0.3336203125 0.6218765625 0.318534375 0.6218765625 0.313146875 0.62345 0.30603437499999997 0.6241484374999999 0.29375 0.6229250000000001 0.28685312500000004 0.6224015625 0.27090468749999996 0.6203046875 0.2596984375 0.6150625 0.254740625 0.6108687500000001 0.2521546875 0.6058015625000001 0.25150937500000003 0.60213125 0.249784375 0.5967156250000001 0.24396562500000002 0.5935703125 0.242671875 0.591821875 0.2398703125 0.584484375 0.23943906250000002 0.5815125 0.2400859375 0.580115625 0.242671875 0.5643890625 0.24806093749999997 0.5603703125 0.2461203125 0.556875 0.24806093749999997 0.5444703125 0.24892187500000001 0.540975 0.25043125 0.5397515625 0.25193906250000003 0.5380046875 0.26681093749999996 0.53678125 0.2713359375 0.5339859375 0.275 0.5331125 0.2778015625 0.5331125 0.27995625 0.5353828125 0.2821125 0.5350343750000001 0.28448281249999996 0.5294421875 0.294828125 0.5252484374999999 0.29331874999999996 0.5214046875 0.298921875 0.52070625 0.3025859375 0.5217546875 0.30625 0.52018125 0.3103453125 0.5175609375 0.313146875 0.5152890625000001 0.3178875 0.510571875 0.3336203125 0.5114453125 0.34181093749999997 0.5128421875 0.34525937500000003 0.5135421874999999 0.35 0.5152890625000001 0.3532328125 0.5159875 0.357328125 0.5135421874999999 0.35926718750000003 0.5128421875 0.3607765625 0.5110953125 0.3711203125 0.5089984375000001 0.37693906250000003 0.5083 0.38081875 0.5088234375 0.38879375 0.5096984375 0.392240625 0.5135421874999999 0.39504375 0.5175609375 0.394396875 0.52053125 0.3954734375 0.5210546875000001 0.39590468749999996 0.52053125 0.3976296875 0.5173859375000001 0.40021562499999996 0.5163375 0.4034484375 0.5172109375 0.40711250000000004 0.5159875 0.40883593749999997 0.5095234375000001 0.40926718749999996 0.50375625 0.4133625 0.5007859375 0.41745625000000003 0.497990625 0.419828125 0.49449531249999995 0.4271546875 0.4871578125 0.43534531249999997 0.4833125 0.4375 0.4806921875 0.4413796875 0.47090624999999997 0.4482765625 0.46671250000000003 0.44870625000000003 0.4598984375 0.451078125 0.46024843750000005 0.455603125 0.45885 0.4625 0.45867500000000005 0.46788749999999996 0.456928125 0.47176718749999996 0.4541328125 0.47435312500000004 0.45448125 0.475 0.4520359375 0.481034375 0.4511625 0.480603125 0.4504625 0.48211250000000005 0.4506375 0.488578125 0.449240625 0.4903015625 0.44714375000000006 0.49008593749999996 0.44679375 0.49331875 0.44522031249999994 0.4971984375 0.44225000000000003 0.5002156249999999 0.4413765625 0.5021546875 0.4398046875 0.520259375 0.4399796875 0.52629375 0.4391046875 0.5293109375 0.4391046875 0.5336203125 0.4378828125 0.536853125 0.4392796875 0.5403015625 0.4391046875 0.549353125 0.43840625 0.5525859375 0.4398046875 0.55625 0.4399796875 0.56875 0.441028125 0.5717671875 0.4417265625 0.5842671875 0.44295 0.5875 0.44312500000000005 0.5905171874999999 0.440153125 0.612284375 0.43648437500000004 0.618965625 0.436309375 0.6230609375 0.4338640625 0.6290953125 0.43106718749999995 0.63254375 0.4270484375 0.6346984375 0.426 0.638578125 0.4268734375 0.643534375 0.42530156249999995 0.6454734375 0.4230296875 0.6454734375 0.42233124999999994 0.6463359375 0.4228546875 0.6476296875 0.4212828125 0.648921875 0.419884375 0.648490625 0.41883593750000003 0.65 0.41970937499999994 0.6523703125 0.41831250000000003 0.65495625 0.41604062500000005 0.6538796875 0.4151671875 0.6571125 0.41324531249999996 0.6590515625 0.41307031250000004 0.6627156249999999 0.4144671875 0.6661640625 0.41394374999999994 0.6719828125 0.4151671875 0.7325437499999999 0.41604062500000005 0.7340515625 0.41778750000000003 0.7346984375 0.41953593749999996 0.7409484375 0.4181375 0.7418109375 0.4176125 0.744828125 0.41499218750000005 0.7478453125
2 0.5203562500000001 0.34245625 0.52018125 0.3409484375 0.522628125 0.3392234375 0.526296875 0.3329734375 0.5294421875 0.330171875 0.5296171875 0.3258625 0.531190625 0.3209046875 0.5360828125 0.31422343750000004 0.53660625 0.31077656249999996 0.5423734375 0.30625 0.550934375 0.3146546875 0.550934375 0.31810312500000004 0.554953125 0.3221984375 0.5605453125000001 0.3224140625 0.5643890625 0.3204734375 0.5684078125 0.3159484375 0.576096875 0.31379375 0.584134375 0.3170265625 0.590075 0.3204734375 0.591821875 0.3224140625 0.59426875 0.3230609375 0.60195625 0.32801718750000003 0.6091203125 0.3355609375 0.6112171875 0.34181093749999997 0.6161109375 0.3398703125 0.6201296875 0.3342671875 0.621353125 0.32995625 0.625371875 0.294828125 0.623275 0.2842671875 0.6229250000000001 0.26681093749999996 0.6211781249999999 0.2594828125 0.6113921875 0.25150937500000003 0.604753125 0.24956874999999998 0.5993359375 0.24396562500000002 0.5916484375 0.238578125 0.5818625 0.23836249999999998 0.579590625 0.23922343750000002 0.5750484375 0.243534375 0.5726015624999999 0.24439687499999999 0.559671875 0.24245624999999998 0.5561765624999999 0.24310312500000003 0.5493625 0.24655156250000002 0.540975 0.24784531250000003 0.5374796875000001 0.25193906250000003 0.53660625 0.25560312500000004 0.5362578124999999 0.2678875 0.5331125 0.275 0.5325875 0.2786640625 0.5329375 0.2842671875 0.5322390625 0.2875 0.52891875 0.2903015625 0.526296875 0.2909484375 0.5261234375 0.2920265625 0.5236765625 0.29245625 0.5214046875 0.2918109375 0.5198328125 0.29806093749999996 0.52000625 0.3081890625 0.514415625 0.31831875 0.5116203125000001 0.32780156250000003 0.5112703125 0.330603125 0.5128421875 0.3346984375 0.51214375 0.33814687499999996 0.514065625 0.3407328125 0.514415625 0.34245625 0.5135421874999999 0.3459046875 0.5159875 0.35021562500000003 0.5179109375000001 0.3519390625 0.522628125 0.3459046875 0.5203562500000001 0.34245625
3 0.6154109375 0.8584046875 0.6145375 0.8603453125 0.6133140625 0.87004375 0.612265625 0.8719828125 0.61034375 0.8730609375 0.612265625 0.8743531250000001 0.6133140625 0.876509375 0.6117421875 0.880603125 0.6134890625 0.881465625 0.6152375 0.8844828124999999 0.6176828125 0.8853453124999999 0.616809375 0.8969828124999999 0.6176828125 0.8989218749999999 0.6196046875000001 0.899784375 0.6196046875000001 0.9010781250000001 0.6178578124999999 0.9028015625 0.616459375 0.9079734374999999 0.6175078125 0.9228453125 0.616809375 0.9282328124999999 0.6175078125 0.9295265625000001 0.6196046875000001 0.930603125 0.6196046875000001 0.9329734375 0.6178578124999999 0.9353453125 0.6182078125 0.9394390625 0.616984375 0.9433187500000001 0.6175078125 0.94504375 0.6192562500000001 0.9463359375 0.6192562500000001 0.9478453124999999 0.6178578124999999 0.9489218749999999 0.6173328125 0.950646875 0.6182078125 0.9553875 0.6171593750000001 0.9581890625 0.6175078125 0.9603453125 0.61873125 0.961853125 0.6175078125 0.9665953125 0.6182078125 0.970259375 0.6171593750000001 0.9747843749999999 0.6176828125 0.976509375 0.6194296875 0.9780171875000001 0.6175078125 0.9823281250000001 0.6194296875 0.9855609375000001 0.6176828125 0.9900859375 0.61890625 0.99504375 0.61908125 0.999784375 0.6197796875 0.9959046875 0.621353125 0.9954734375 0.6257203125 0.9965515625 0.62676875 0.999784375 0.62729375 0.999784375 0.62729375 0.9980609375 0.6285171875 0.9971984375 0.637253125 0.9965515625 0.6473875 0.9976296874999999 0.6549015625 0.9974140625000001 0.655775 0.9980609375 0.655775 0.999784375 0.6676562500000001 0.999784375 0.6676562500000001 0.9980609375 0.66835625 0.9976296874999999 0.6730734375 0.9974140625000001 0.6776171875 0.9961203125000001 0.6793640625 0.9939656250000001 0.6870515625 0.9784484375 0.6896734375 0.9706890625 0.6900234375000001 0.9670265625000001 0.6940421875 0.9625 0.6956140625 0.9590515625 0.6954390625 0.9575437499999999 0.6992828125 0.956896875 0.699109375 0.963146875 0.70033125 0.969828125 0.6996328125 0.974353125 0.6998078125 0.982759375 0.7006812499999999 0.985990625 0.7006812499999999 0.9905171875000001 0.7020796875 0.9963359374999999 0.7078453125 0.999784375 0.7969593749999999 0.999784375 0.7969593749999999 0.9978453125 0.7985328125 0.9941812499999999 0.8004546875 0.9760781250000001 0.80325 0.9629312499999999 0.8042984375 0.9497843749999999 0.8042984375 0.939009375 0.805696875 0.9340515625 0.8051718749999999 0.9155171875000001 0.8055218749999999 0.9079734374999999 0.8067453125 0.9040953125 0.8070937499999999 0.8857765625 0.80691875 0.87629375 0.8051718749999999 0.8732765625000001 0.8055218749999999 0.86831875 0.8086671875 0.8650859375 0.8077937500000001 0.8627156250000001 0.8083171874999999 0.8607765625000001 0.8105890625000001 0.8601296875 0.8119875000000001 0.8584046875 0.8125109374999999 0.8548484375 0.813909375 0.851509375 0.8186265625000001 0.8484906249999999 0.8210734375 0.8454734374999999 0.8207234375000001 0.842671875 0.8193250000000001 0.8418109375 0.8188015625 0.8403015625 0.8201984375 0.8346984375 0.8191515624999999 0.8295265625000001 0.8195 0.8260781250000001 0.8167046875 0.8219828124999999 0.8147828125000001 0.8105609375 0.8128609375 0.8071125 0.8119875000000001 0.8028015625 0.8109390624999999 0.8012937499999999 0.8395953125 0.4146546875 0.8448359375000001 0.41185312500000004 0.8486812499999999 0.40797343750000004 0.849903125 0.405171875 0.854271875 0.4043109375 0.8554953125000001 0.4023703125 0.8591640625 0.40064687499999996 0.8595140625000001 0.39978437499999997 0.8588156250000001 0.39245625 0.8581156249999999 0.39181093749999996 0.854446875 0.39030156250000003 0.8533984374999999 0.38879375 0.8514765625 0.39051718750000003 0.8472828124999999 0.3915953125 0.8420406249999999 0.3834046875 0.842390625 0.38081875 0.8355750000000001 0.3778015625 0.8329546875 0.374353125 0.83190625 0.36939687499999996 0.8299843750000001 0.3650859375 0.8275375 0.3633625 0.8270140625 0.36120625 0.8238687499999999 0.357328125 0.821596875 0.356465625 0.8191515624999999 0.35818906250000004 0.8165296874999999 0.35818906250000004 0.8146078125 0.356034375 0.8060453125 0.356034375 0.8041234375 0.3517234375 0.8036 0.349784375 0.8046484375 0.34547343750000004 0.803075 0.34202656249999996 0.8027265625 0.33879375 0.8041234375 0.329740625 0.8076187499999999 0.3221984375 0.813034375 0.3178875 0.8140828125 0.31400937500000003 0.8167046875 0.3103453125 0.8170546875 0.30668125 0.8224703124999999 0.3023703125 0.825965625 0.294828125 0.825790625 0.286421875 0.8238687499999999 0.27931093749999997 0.822121875 0.2758625 0.8119875000000001 0.26379375 0.8097156249999999 0.2596984375 0.8093656250000001 0.25711249999999997 0.805346875 0.2476296875 0.8029 0.24461249999999998 0.804996875 0.2400859375 0.8042984375 0.23793125 0.803075 0.23620625 0.7999296874999999 0.2349140625 0.7985328125 0.23297343750000002 0.7946875 0.22435312500000001 0.78315625 0.2211203125 0.7691765625 0.220259375 0.760265625 0.2213359375 0.751878125 0.21982812499999999 0.7324828125 0.226509375 0.7226984375 0.232328125 0.7127375 0.2403015625 0.7050500000000001 0.2508625 0.70103125 0.254740625 0.699109375 0.2599140625 0.6956140625 0.263578125 0.694215625 0.267240625 0.690721875 0.28297343750000004 0.6903718750000001 0.2892234375 0.690896875 0.2961203125 0.6936921875000001 0.3038796875 0.6957890625 0.31422343750000004 0.695090625 0.326078125 0.6970125 0.34870625 0.6999828124999999 0.3536640625 0.70033125 0.35754375 0.702778125 0.364009375 0.7045250000000001 0.37370625 0.706796875 0.37672343750000004 0.70941875 0.3840515625 0.70941875 0.388578125 0.7123890625 0.3915953125 0.7160578125 0.392240625 0.71693125 0.396078125 0.7158828125000001 0.4017234375 0.7129125000000001 0.4030171875 0.7101171875000001 0.40646562499999994 0.70889375 0.405603125 0.7064484375 0.40797343750000004 0.7050500000000001 0.41228437500000004 0.6973609374999999 0.41293125 0.694740625 0.4159484375 0.6912453125 0.4232765625 0.690196875 0.4282328125 0.68408125 0.43448281250000004 0.682159375 0.4407328125 0.6788390625 0.4471984375 0.678665625 0.4519390625 0.6772671875 0.454740625 0.6776171875 0.456465625 0.6811109375 0.4590515625 0.6853046875000001 0.4706890625 0.6875765625 0.47241406250000006 0.688975 0.4758625 0.690721875 0.475215625 0.69281875 0.4773703125 0.69211875 0.4784484375 0.694390625 0.48254374999999994 0.6935171875 0.4920265625 0.691071875 0.49375 0.69264375 0.49741406250000003 0.690721875 0.5019390625 0.6896734375 0.5178875 0.6881 0.5206890625 0.6870515625 0.525 0.6872265625 0.53706875 0.6858296875 0.548490625 0.686353125 0.5519390625 0.6858296875 0.560990625 0.6839078125 0.5642234375 0.6846062500000001 0.5724140625 0.6856546875 0.575 0.682159375 0.5778015625 0.6811109375 0.579740625 0.6809359374999999 0.5842671875 0.6795390625 0.587715625 0.6797140625 0.5984906249999999 0.6788390625 0.6075437499999999 0.6774421875 0.6090515625 0.671675 0.6112062500000001 0.6744718749999999 0.6202593750000001 0.673771875 0.62543125 0.6711515625 0.6329734375 0.670453125 0.6420265625 0.66800625 0.6540953125 0.6646859375 0.6588359374999999 0.6627640625 0.6655171875 0.662240625 0.6704734375 0.65996875 0.6737062500000001 0.65944375 0.6775859375 0.6545515625 0.6849140625000001 0.6535031250000001 0.6911640625000001 0.6501828125 0.6928875 0.6473875 0.7008625 0.64301875 0.7028015625 0.640921875 0.7049562500000001 0.6393500000000001 0.71206875 0.6393500000000001 0.724784375 0.6383015624999999 0.7284484375 0.6381265625 0.732328125 0.636903125 0.7334046875 0.63480625 0.7418109375 0.633059375 0.744396875 0.632709375 0.7480609375 0.6302640625 0.75581875 0.6257203125 0.760990625 0.624671875 0.7644390624999999 0.6224015625 0.7674562500000001 0.62345 0.7709046875000001 0.6237984375 0.7806031250000001 0.6218765625 0.7831890625 0.6217015625 0.7846984375 0.61908125 0.7857765624999999 0.6182078125 0.78706875 0.61908125 0.7883625000000001 0.621353125 0.7892234375 0.6222265625000001 0.7918109375 0.620653125 0.79375 0.61873125 0.793103125 0.6145375 0.7987062500000001 0.6150625 0.8023703125000001 0.6138390625000001 0.8079734375 0.61034375 0.8101296874999999 0.6112171875 0.8150859374999999 0.6091203125 0.818103125 0.6094703124999999 0.8196125000000001 0.6117421875 0.8213359375 0.608596875 0.824353125 0.6082468750000001 0.8271546875 0.6112765625 0.8278015625 0.6148875 0.84504375 0.6145375 0.8456890625 0.6161109375 0.8491375 0.6147125 0.8530171875000001 0.6154109375 0.8584046875
2 0.751878125 0.267671875 0.759740625 0.267240625 0.7697015625 0.2719828125 0.7738953125 0.2790953125 0.7793109375 0.2834046875 0.78263125 0.300215625 0.787 0.305171875 0.79066875 0.312715625 0.793115625 0.31422343750000004 0.7948625 0.3170265625 0.7966109375 0.31400937500000003 0.79923125 0.3133625 0.8008031250000001 0.31400937500000003 0.8016781249999999 0.3165953125 0.8041234375 0.31831875 0.8067453125 0.318534375 0.8146078125 0.31573281249999996 0.818103125 0.31012968750000003 0.81985 0.30538750000000003 0.8229953125 0.3030171875 0.8261406250000001 0.2978453125 0.8271890624999999 0.292240625 0.8268390625 0.2834046875 0.8235187500000001 0.2758625 0.8142578125 0.264009375 0.813384375 0.26120625 0.813034375 0.2476296875 0.8119875000000001 0.243534375 0.8114625 0.236421875 0.8104140624999999 0.23340468749999999 0.8091906249999999 0.23340468749999999 0.8070937499999999 0.230171875 0.80744375 0.2284484375 0.8065703125000001 0.2269390625 0.805346875 0.22629375000000002 0.8044734375000001 0.22456874999999998 0.7983578125 0.223921875 0.7836796875 0.2196125 0.751878125 0.218103125 0.7469859375000001 0.22176718750000002 0.739821875 0.2226296875 0.7284640625 0.22715468749999998 0.7204265624999999 0.232328125 0.7083703125 0.243534375 0.7013796875 0.25172343750000004 0.6992828125 0.25668125 0.694565625 0.262715625 0.6929937500000001 0.26681093749999996 0.69264375 0.2715515625 0.6896734375 0.2834046875 0.6900234375000001 0.29870625 0.6914203125 0.301078125 0.694740625 0.3116375 0.70103125 0.3161640625 0.7043515625000001 0.30581875 0.7164078125 0.294396875 0.7185046875000001 0.2905171875 0.7263671875 0.281896875 0.7410453125 0.27090468749999996 0.751878125 0.267671875
3 0.8755890624999999 0.7004312500000001 0.8764640625 0.7088359375 0.8803078125000001 0.71120625 0.8820546874999999 0.7150859374999999 0.8831031250000001 0.719828125 0.882928125 0.724353125 0.88886875 0.7288796875 0.8902671874999999 0.7338359375 0.8899171875 0.7351296875 0.8878203125 0.7362062500000001 0.8885203125000001 0.737284375 0.8766375 0.8396546875 0.8755890624999999 0.8411640625000001 0.8759390625 0.843965625 0.8778609375 0.8459046875 0.8754156249999999 0.8474140625000001 0.8750656250000001 0.849353125 0.8724437500000001 0.8528015625 0.8724437500000001 0.867240625 0.8715703124999999 0.8709046875 0.8682515625 0.8730609375 0.8717453125000001 0.876509375 0.871221875 0.8782328125 0.869125 0.8786640625000001 0.868425 0.8803875 0.8689500000000001 0.882759375 0.8706968749999999 0.8846984375 0.8699984374999999 0.88793125 0.869125 0.8887937499999999 0.8904421875 0.9159484375 0.88974375 0.935990625 0.8907921875 0.955603125 0.8902671874999999 0.9581890625 0.8906171875 0.96379375 0.8892187500000001 0.9741375 0.8892187500000001 0.9825437499999999 0.8900921875 0.985990625 0.88974375 0.9900859375 0.8916656250000001 0.9959046875 0.8949843749999999 0.999784375 0.9685484375 0.999784375 0.9685484375 0.9980609375 0.969246875 0.9976296874999999 0.9781578124999999 0.9971984375 0.9846234375 0.9976296874999999 0.985321875 0.9980609375 0.985321875 0.999784375 0.9867203124999999 0.999784375 0.9870703125 0.9976296874999999 0.990040625 0.9963359374999999 0.9998250000000001 0.9967671875 0.9998250000000001 0.5463359375 0.9931859375000001 0.507759375 0.99563125 0.50581875 0.9975531249999999 0.4961203125 0.9998250000000001 0.4956890625 0.9998250000000001 0.4928875 0.9973796875 0.492240625 0.9970296875000001 0.4913796875 0.9975531249999999 0.48620625000000006 0.9965046875000001 0.4831890625 0.9977281250000001 0.4780171875 0.9998250000000001 0.47758593749999995 0.9998250000000001 0.462284375 0.9980781249999999 0.462284375 0.9937093750000001 0.45926718749999995 0.990215625 0.4579734375 0.9867203124999999 0.4545265625 0.9821765625 0.4519390625 0.9781578124999999 0.4461203125 0.973790625 0.43125 0.9750125000000001 0.4278015625 0.9743140625000001 0.42284531249999996 0.9753624999999999 0.419828125 0.9755375000000001 0.4159484375 0.9783328125 0.407328125 0.981828125 0.40581875 0.9865453125 0.40581875 0.9889921875000001 0.40409531249999997 0.9905640625000001 0.4008625 0.993534375 0.398490625 0.9949328124999999 0.3956890625 0.9973796875 0.3778015625 0.9968546875 0.3728453125 0.9945828125 0.3665953125 0.9965046875000001 0.3491375 0.99563125 0.3400859375 0.9972046875 0.326078125 0.9970296875000001 0.31810312500000004 0.994059375 0.31012968750000003 0.9923125 0.3025859375 0.9861953124999999 0.2946125 0.9825265625 0.2920265625 0.9792062500000001 0.28685312500000004 0.9741390624999999 0.28275937500000003 0.9552687499999999 0.27370625 0.9517734375 0.27090468749999996 0.94723125 0.27004375 0.9425125 0.2704734375 0.9384937499999999 0.268965625 0.9355234375 0.2665953125 0.9309796875 0.26594843749999997 0.9119343750000001 0.26918125000000004 0.9058187500000001 0.2713359375 0.90215 0.27478437499999997 0.9002265625 0.27543125 0.8969078125 0.28125 0.8916656250000001 0.287284375 0.8876468750000001 0.29568906250000004 0.8865984375 0.300215625 0.8862484374999999 0.3030171875 0.887296875 0.306465625 0.8867734374999999 0.326078125 0.887296875 0.3338359375 0.8886953125 0.33706875 0.8892187500000001 0.34051718750000004 0.8881703125 0.34525937500000003 0.8892187500000001 0.360990625 0.8883453125 0.3642234375 0.8846765624999999 0.3668109375 0.8839765625 0.36853437499999997 0.8841515624999999 0.3838359375 0.8860734375 0.39030156250000003 0.868775 0.661853125 0.8717453125000001 0.6633625000000001 0.8722703125000001 0.6665953124999999 0.8738421875 0.668534375 0.8761140624999999 0.6745687499999999 0.8750656250000001 0.6784484375 0.875240625 0.6866375 0.8776859375000001 0.6877156249999999 0.8776859375000001 0.6987062500000001 0.8768125 0.6987062500000001 0.8755890624999999 0.7004312500000001
2 0.9517734375 0.330171875 0.9589375 0.332328125 0.9617328125 0.33620625 0.9638296875 0.3375 0.97116875 0.3409484375 0.9792062500000001 0.34181093749999997 0.9847984375 0.34375 0.9856718750000001 0.34547343750000004 0.9861953124999999 0.35 0.989340625 0.3491375 0.9903890625 0.3517234375 0.990040625 0.3534484375 0.9954562499999999 0.3517234375 0.9968546875 0.34612031249999997 0.9965046875000001 0.343103125 0.9988640625 0.338578125 0.9998250000000001 0.338578125 0.9998250000000001 0.31745625 0.997903125 0.31745625 0.9970296875000001 0.3155171875 0.9965046875000001 0.31012968750000003 0.9937093750000001 0.3019390625 0.9846234375 0.2900859375 0.9753624999999999 0.281465625 0.9512499999999999 0.268103125 0.9444343749999999 0.2670265625 0.93866875 0.264009375 0.9316796875 0.2633625 0.916478125 0.26594843749999997 0.9049453125 0.269828125 0.899528125 0.273921875 0.8955093749999999 0.2790953125 0.8942859375 0.28297343750000004 0.8928890624999999 0.2846984375 0.88974375 0.28620625 0.8871218750000001 0.2892234375 0.885375 0.2946125 0.8858984375000001 0.31487031249999997 0.8852 0.32693906250000004 0.8864234375000001 0.3336203125 0.8883453125 0.3383625 0.8916656250000001 0.34331875 0.8930624999999999 0.342671875 0.8944609375000001 0.33793125 0.90145 0.325646875 0.9498515624999999 0.32629375 0.9517734375 0.330171875