3 0.4357640625 0.7809609375 0.4351859375 0.7907984375 0.43595625 0.793403125 0.4355703125 0.7957171875 0.43344843749999995 0.7971640625 0.4317125 0.8023734375 0.43267812499999997 0.8055562500000001 0.43132656249999995 0.8096062500000001 0.43036250000000004 0.8420140625 0.4315203125 0.8440390624999999 0.43479999999999996 0.8449078125 0.4355703125 0.847221875 0.4336421875 0.8532984375 0.43460625 0.8642937500000001 0.4344140625 0.8929390625 0.435378125 0.904225 0.4344140625 0.9074078125 0.4344140625 0.9137734375000001 0.4375 0.9751156249999999 0.43884999999999996 0.9846640624999999 0.4392359375 0.9953703125000001 0.4429015625 0.9976859375 0.4980703125 0.9973953124999999 0.5009640625 0.9997109375000001 0.5027 0.9997109375000001 0.50424375 0.9973953124999999 0.5071375 0.9973953124999999 0.50868125 0.9997109375000001 0.5491890625 0.9997109375000001 0.5522765625 0.9971062500000001 0.5551703125 0.9976859375 0.5553625 0.9997109375000001 0.557678125 0.9997109375000001 0.5599921875 0.9973953124999999 0.5632718750000001 0.9976859375 0.5634640625 0.9997109375000001 0.59799375 0.9997109375000001 0.60001875 0.9973953124999999 0.6033953125 0.9971062500000001 0.6055171875 0.9936343750000001 0.603009375 0.9794562499999999 0.6035874999999999 0.9739578124999999 0.6020453125 0.9670140625 0.601465625 0.9563078125000001 0.5995375000000001 0.9505203124999999 0.5978015625 0.939525 0.5981875 0.934028125 0.59529375 0.9166671875000001 0.5939421874999999 0.8972796875 0.5925171875 0.8315609374999999 0.63829375 0.80918125 0.6300640625 0.748984375 0.6588671875000001 0.7597890625 0.69174375 0.7167250000000001 0.69309375 0.7138312499999999 0.6932875000000001 0.7083328125 0.695409375 0.7063078125 0.69618125 0.703703125 0.695409375 0.6970484375 0.6940593749999999 0.695890625 0.6813265625 0.6964703125 0.678240625 0.6950234375 0.6736109375 0.6950234375 0.6624234375 0.686053125 0.6620375000000001 0.6814234375 0.6647375 0.6765046875 0.681134375 0.671296875 0.6857640625 0.6686921875 0.6876921874999999 0.6657984375 0.6886578125 0.6623265625 0.6878859375 0.6582749999999999 0.671296875 0.6579859375 0.6699453125 0.6608796875 0.6664734375 0.6629046875 0.65779375 0.6603015625 0.6566359375 0.6629046875 0.6545140625 0.6643515625 0.6467984375 0.6657984375 0.6388078125 0.6826140625 0.6156625 0.7051875 0.58583125 0.7360578125 0.57914375 0.7252531249999999 0.5709140625 0.6766328125000001 0.565771875 0.6226109375 0.560628125 0.5454359375 0.576571875 0.5184249999999999 0.5935453125000001 0.519196875 0.6115484375 0.48755625 0.623378125 0.46903281249999995 0.619984375 0.44675937499999996 0.6221062500000001 0.4375 0.6242281249999999 0.4317125 0.6275078125 0.4270828125 0.63059375 0.41985 0.6325234375 0.40972187499999996 0.6344515625 0.40509218750000003 0.6362359375 0.381634375 0.63503125 0.3619796875 0.635609375 0.3567703125 0.6348374999999999 0.3492484375 0.632715625 0.341725 0.632715625 0.33304374999999997 0.6309796875 0.3243640625 0.6307875000000001 0.30555625000000003 0.62924375 0.2991890625 0.6269296875 0.297453125 0.6224921875 0.28819374999999997 0.6155484375 0.2824078125 0.5995375000000001 0.27633125000000003 0.58815625 0.27430625000000003 0.575425 0.27430625000000003 0.56095625 0.2780671875 0.5507328125 0.2829859375 0.5408953125 0.2913765625 0.536265625 0.2980328125 0.5310578125000001 0.3182875 0.5299 0.33304374999999997 0.5295140625 0.3538765625 0.5281640624999999 0.3645828125 0.5281640624999999 0.375 0.5271984375 0.3773140625 0.5220515625 0.395525 0.519290625 0.40769687499999996 0.51986875 0.4114578125 0.5189046875 0.4239 0.5163968750000001 0.4320015625 0.5138890625 0.4456015625 0.5109953125 0.452546875 0.51003125 0.45775468750000003 0.5059796875 0.469328125 0.4976859375 0.4748265625 0.4942125 0.475984375 0.49305625 0.47772031249999997 0.49054843750000005 0.48929375 0.490934375 0.4947921875 0.48996874999999995 0.5060765625 0.48321718750000003 0.515046875 0.47743125 0.527778125 0.47145000000000004 0.5370375000000001 0.4633484375 0.5567124999999999 0.46257656249999995 0.5601859375 0.4606484375 0.563078125 0.4583328125 0.5706015625 0.4569828125 0.5720484375 0.45640468749999996 0.5755203125 0.45389687500000003 0.5792828125 0.438078125 0.6383109375 0.43904375 0.6464125000000001 0.4376921875 0.6692703125 0.43884999999999996 0.6863421875 0.43884999999999996 0.6990734375 0.4376921875 0.7068859375 0.4375 0.7285874999999999 0.43653593749999997 0.7395828125 0.436921875 0.761284375 0.43499218749999996 0.7693859375 0.4357640625 0.7809609375
1 0.49961406249999996 0.4004625 0.5017359375 0.40306718750000003 0.5131171875 0.40769687499999996 0.5179390625 0.408275 0.5210265625 0.40711875 0.5229546875 0.404225 0.5227625 0.3958328125 0.5241125 0.3923609375 0.529128125 0.3894671875 0.5393515625 0.38917812500000004 0.576003125 0.39265 0.59105 0.3917828125 0.6086031249999999 0.3859953125 0.63059375 0.37586875000000003 0.6331015625 0.3761578125 0.6375390624999999 0.3807875 0.6352234375 0.4001734375 0.6340656250000001 0.404225 0.6340656250000001 0.408275 0.6425546875 0.40538125 0.6496906250000001 0.40133125 0.66493125 0.39988437499999996 0.6672453125 0.3964125 0.6674375 0.39207187499999996 0.6658953125 0.3851265625 0.6622296875 0.3790515625 0.6576 0.3747109375 0.638503125 0.3668984375 0.6373453125 0.3651625 0.6367671875 0.3541671875 0.6344515625 0.3385421875 0.632715625 0.31105312500000004 0.631365625 0.3023734375 0.630015625 0.2980328125 0.62654375 0.2936921875 0.62365 0.2879046875 0.6161265625000001 0.281828125 0.6074453125 0.2771984375 0.5906640624999999 0.2734375 0.5790890625 0.272859375 0.5707953125 0.27430625000000003 0.5601859375 0.2774890625 0.548996875 0.2835640625 0.5403156250000001 0.2910875 0.5343359375000001 0.3009265625 0.53125 0.3125 0.5302859375 0.31944374999999997 0.5283562500000001 0.355034375 0.52700625 0.3634265625 0.527584375 0.3773140625 0.5210265625 0.3810765625 0.5154328125000001 0.3828125 0.5028937499999999 0.39149375000000003 0.49961406249999996 0.3964125 0.49961406249999996 0.4004625
2 0.4236109375 0.48582187499999996 0.425540625 0.4826390625 0.42534687499999996 0.477140625 0.42033125 0.4626734375 0.4180171875 0.46006875 0.4116515625 0.45601875 0.4045140625 0.45428281249999997 0.4002703125 0.45601875 0.3915890625 0.4626734375 0.3894671875 0.4664359375 0.388503125 0.4869796875 0.389853125 0.48842656250000005 0.39351875000000003 0.48813593749999995 0.39988437499999996 0.4820609375 0.40200625 0.48292812500000004 0.4045140625 0.48842656250000005 0.4079859375 0.4901625 0.41319375 0.4866890625 0.4164734375 0.4826390625 0.4236109375 0.48582187499999996
3 0.3653546875 0.6585640625 0.3655484375 0.6620375000000001 0.3692125 0.6730328125 0.371528125 0.6982062499999999 0.3711421875 0.7366890625 0.3688265625 0.7479750000000001 0.3661265625 0.774884375 0.3655484375 0.8078703125000001 0.3668984375 0.8220484375 0.3655484375 0.8261 0.3655484375 0.8379625 0.3665125 0.8408562500000001 0.36863437499999996 0.8428812499999999 0.3769296875 0.8454859375 0.38773124999999997 0.8469328125000001 0.4002703125 0.8466437499999999 0.402584375 0.8454859375 0.405671875 0.8414359375 0.4079859375 0.8298609375 0.40470625 0.8232062499999999 0.394096875 0.8177078124999999 0.391975 0.8156828125000001 0.3888890625 0.8093171874999999 0.386959375 0.7957171875 0.386959375 0.7627312500000001 0.388503125 0.7523140625 0.390625 0.7476859375 0.391396875 0.727140625 0.394290625 0.6973374999999999 0.3989203125 0.686053125 0.40123437500000003 0.6692703125 0.40509218750000003 0.6579859375 0.404128125 0.6539359375 0.40586406249999996 0.6484375 0.4064421875 0.6423609375 0.4085640625 0.6386000000000001 0.40875781250000004 0.6226859375 0.40740781249999997 0.6134265625 0.406828125 0.6004046875 0.40490000000000004 0.5920140625 0.4060578125 0.5879624999999999 0.40875781250000004 0.5830437500000001 0.41473750000000004 0.5755203125 0.4180171875 0.5642359375 0.41724531249999997 0.561053125 0.415315625 0.5596062500000001 0.4043203125 0.5231484375 0.40547812499999997 0.5176499999999999 0.4116515625 0.5136000000000001 0.41782343749999995 0.49710625 0.419753125 0.4942125 0.42226093750000004 0.484953125 0.4241890625 0.48235 0.422453125 0.470775 0.4195609375 0.46383125 0.41628125000000005 0.46006875 0.4120375 0.45717656250000005 0.40374218749999996 0.4554390625 0.3987265625 0.45775468750000003 0.3888890625 0.4664359375 0.3888890625 0.47569375 0.38580312499999997 0.49305625 0.3823296875 0.499421875 0.37924375 0.501446875 0.3726859375 0.5095484375 0.3688265625 0.5176499999999999 0.3665125 0.5254624999999999 0.3667046875 0.5289359375 0.37075625 0.53211875 0.3705625 0.61024375 0.3690203125 0.6154515625 0.36844062499999997 0.6226859375 0.3651625 0.6351265625 0.3645828125 0.6426499999999999 0.3634265625 0.6461234375 0.3634265625 0.651909375 0.3653546875 0.6585640625
3 0.3067125 0.6281828125 0.314621875 0.6302078125 0.31905937500000003 0.6273140625 0.3182875 0.625 0.3213734375 0.6189234375 0.3242671875 0.6200812499999999 0.326775 0.6192124999999999 0.3271609375 0.6142937500000001 0.3292828125 0.6076390625 0.33082500000000004 0.5888312499999999 0.3327546875 0.5761000000000001 0.3383484375 0.5607640625 0.338734375 0.5335640625 0.340084375 0.5173609375 0.3391203125 0.5017359375 0.33449062500000004 0.48755781249999997 0.3369984375 0.4820609375 0.33738437499999996 0.47511562500000004 0.3354546875 0.46990781249999997 0.3342984375 0.4684609375 0.33294687500000003 0.4684609375 0.328896875 0.4704859375 0.3261953125 0.4745375 0.324459375 0.4826390625 0.3206015625 0.4861109375 0.315971875 0.4945015625 0.31359375 0.49623906250000005 0.310378125 0.49623906250000005 0.30922031250000004 0.5052078125 0.3105703125 0.5202546875 0.3101859375 0.5526625000000001 0.31095625 0.5558453125 0.3107640625 0.5685765625 0.3086421875 0.5761000000000001 0.3070984375 0.5908562500000001 0.307484375 0.6047453125 0.30594062499999997 0.610821875 0.30594062499999997 0.6232640625 0.3067125 0.6281828125
3 0.2395828125 0.8182875 0.23341093750000003 0.8339125 0.234375 0.8379625 0.23591875 0.8399890624999999 0.2411265625 0.8408562500000001 0.25135 0.8376734375 0.2581015625 0.8266781249999999 0.2596453125 0.8188656249999999 0.2596453125 0.8139468750000001 0.2646609375 0.7951390625 0.26601093750000004 0.785590625 0.2665890625 0.7737265625 0.26716875 0.7698203125 0.26851875000000003 0.767071875 0.2714125 0.7673609375 0.2773921875 0.7800921875 0.279128125 0.789640625 0.282021875 0.79774375 0.2824078125 0.8029515625 0.2831796875 0.8043984375000001 0.2870375 0.8067125 0.288965625 0.8038187499999999 0.29128125 0.7910874999999999 0.2907015625 0.7792250000000001 0.2893515625 0.774015625 0.2856875 0.748553125 0.2831796875 0.743634375 0.2793203125 0.7410296875 0.2727625 0.7317703125 0.2708328125 0.7245375000000001 0.2702546875 0.71788125 0.288965625 0.6620375000000001 0.2907015625 0.6513312499999999 0.29050937499999996 0.642071875 0.2922453125 0.6273140625 0.2922453125 0.618634375 0.2943671875 0.6116890625 0.295525 0.5949078125 0.2978390625 0.58506875 0.3036265625 0.576678125 0.3049765625 0.568865625 0.3049765625 0.5564234375 0.3057484375 0.5526625000000001 0.3053625 0.5364578125 0.3022765625 0.5185187499999999 0.29957500000000004 0.5153359375 0.29050937499999996 0.497975 0.28163593750000004 0.4921875 0.27816406250000003 0.4846640625 0.2793203125 0.4745375 0.28163593750000004 0.4713546875 0.2831796875 0.4632515625 0.2864578125 0.46180625 0.2874234375 0.4554390625 0.2856875 0.44386562500000004 0.2793203125 0.4299765625 0.2752703125 0.42679375 0.2716046875 0.42592656250000005 0.2665890625 0.42679375 0.2602234375 0.43113437499999996 0.257909375 0.4357640625 0.2544375 0.43836875 0.25308593749999997 0.44126093749999995 0.250578125 0.45457187499999996 0.25038593750000004 0.45977968750000003 0.2519296875 0.47511562500000004 0.2554015625 0.48582187499999996 0.24807031249999997 0.5002890625 0.2424765625 0.5017359375 0.2403546875 0.5037609375 0.2374609375 0.509259375 0.235146875 0.5196765625 0.234953125 0.5276046875 0.23244531249999997 0.5332749999999999 0.2310953125 0.5402203125 0.2310953125 0.5469328124999999 0.2299375 0.5506359375 0.2282015625 0.5523734375 0.2282015625 0.5601859375 0.22723749999999998 0.5651046875 0.22704531249999998 0.5682875000000001 0.228009375 0.571759375 0.2276234375 0.576678125 0.2285875 0.5798609375 0.227815625 0.5917250000000001 0.23244531249999997 0.59461875 0.24228437500000002 0.792534375 0.240934375 0.8015046874999999 0.240934375 0.8107640625 0.2395828125 0.8182875
2 0.28086406249999996 0.4299765625 0.2750765625 0.42476875 0.27121875 0.4239 0.2645640625 0.42534687499999996 0.25554062499999997 0.4434625 0.25636562500000004 0.4429984375 0.26716875 0.44965312500000004 0.2679390625 0.4511 0.26851875000000003 0.45746562500000004 0.2714125 0.4626734375 0.2737265625 0.460359375 0.276234375 0.46006875 0.283371875 0.46383125 0.2864578125 0.4609375 0.2883875 0.4554390625 0.28684375 0.4429984375 0.28086406249999996 0.4299765625
3 0.0229546875 0.6267359375 0.0254625 0.6281828125 0.045331250000000003 0.6278937499999999 0.050346875 0.6267359375 0.04976875 0.6218171875 0.053048437500000004 0.6174765625 0.053818750000000005 0.60886875 0.055940625 0.603009375 0.05092656250000001 0.5925921875 0.04976875 0.587384375 0.043789062499999996 0.5723374999999999 0.043403125 0.5601859375 0.04398125 0.5543984375 0.046875 0.5506359375 0.0488046875 0.5451390625 0.049575 0.5332749999999999 0.0551703125 0.5292250000000001 0.054784374999999996 0.509259375 0.056134375 0.4901625 0.0528546875 0.47800937499999996 0.0472609375 0.46875 0.044753125 0.4661453125 0.043789062499999996 0.45717656250000005 0.0451390625 0.4505203125 0.043789062499999996 0.4470484375 0.037229687500000004 0.44155156250000005 0.032600000000000004 0.44126093749999995 0.030478125000000002 0.4432875 0.027778124999999997 0.44878437499999996 0.025270312499999996 0.4511 0.0244984375 0.4661453125 0.0216046875 0.46875 0.0175546875 0.47540468750000003 0.015625 0.4817703125 0.0154328125 0.4869796875 0.014275 0.491609375 0.012153124999999999 0.4976859375 0.009065624999999999 0.5020249999999999 0.007715624999999999 0.5057875000000001 0.006559375000000001 0.5133109375 0.0067515625 0.5289359375 0.0096453125 0.5387734375 0.013503125 0.5413765625 0.0271984375 0.5885421875 0.027778124999999997 0.5963546875 0.028935937499999998 0.5998265625 0.027392187499999998 0.6189234375 0.026234374999999997 0.6229750000000001 0.0229546875 0.6267359375
3 0.155478125 0.5917250000000001 0.15760000000000002 0.5957749999999999 0.1614578125 0.5989578125 0.16531562500000002 0.600115625 0.1687890625 0.5995375000000001 0.169753125 0.5983796875 0.1701390625 0.5957749999999999 0.1695609375 0.5859375 0.17476875 0.5413765625 0.1786265625 0.5205437500000001 0.18287031250000002 0.5078125 0.1849921875 0.48871562500000004 0.18460625 0.4785875 0.18287031250000002 0.47337968750000003 0.1815203125 0.4704859375 0.1757328125 0.4670140625 0.1738046875 0.4629625 0.1736109375 0.4554390625 0.17476875 0.4511 0.171875 0.4432875 0.1695609375 0.4427078125 0.166859375 0.4453125 0.163965625 0.4508109375 0.16454531249999998 0.4548609375 0.163965625 0.4592015625 0.15470625 0.4684609375 0.15355000000000002 0.47366875 0.1537421875 0.4785875 0.15162031250000002 0.48553281249999997 0.151234375 0.497975 0.1543203125 0.5095484375 0.1552859375 0.51649375 0.1552859375 0.545428125 0.1543203125 0.5486109375 0.15489999999999998 0.5515046875 0.15470625 0.5720484375 0.1566359375 0.5804390625 0.155478125 0.586515625 0.155478125 0.5917250000000001
3 0.421875 0.6380203125 0.42148906249999996 0.640625 0.4199453125 0.6423609375 0.42071718750000003 0.6464125000000001 0.41859531250000004 0.6501734375 0.41898125 0.6542250000000001 0.41628125000000005 0.6620375000000001 0.4166671875 0.6652203125 0.41570156249999995 0.6686921875 0.418209375 0.6793984375 0.41550937499999996 0.6854750000000001 0.4187890625 0.7517359375 0.42052500000000004 0.7531828125 0.42322499999999996 0.7581015625 0.4315203125 0.7618640625 0.435378125 0.7242484375 0.43634218750000003 0.7005203125 0.4375 0.6921296875 0.43653593749999997 0.6854750000000001 0.43615000000000004 0.6686921875 0.43615000000000004 0.6591437499999999 0.43788593750000004 0.6542250000000001 0.43672812499999997 0.639178125 0.4373078125 0.6351265625 0.4394296875 0.6296296875 0.453703125 0.5778359375 0.45871874999999995 0.566840625 0.46142031250000004 0.5570015625 0.4726078125 0.532696875 0.47569375 0.5286453125 0.480709375 0.5173609375 0.48167499999999996 0.5124421875 0.483796875 0.5095484375 0.4841828125 0.5054984375 0.4861109375 0.5037609375 0.488040625 0.497975 0.48842656250000005 0.4861109375 0.484375 0.4548609375 0.48090312500000004 0.44936406250000005 0.476659375 0.4392359375 0.47145000000000004 0.43402812500000004 0.46624218749999996 0.4314234375 0.46026249999999996 0.4348953125 0.4562109375 0.439525 0.44425156250000003 0.4479171875 0.441165625 0.45775468750000003 0.43788593750000004 0.4626734375 0.436921875 0.4664359375 0.43615000000000004 0.48582187499999996 0.43344843749999995 0.497975 0.43344843749999995 0.5060765625 0.4355703125 0.5095484375 0.43711406249999996 0.5271984375 0.4357640625 0.531828125 0.43422031250000004 0.5332749999999999 0.43267812499999997 0.5370375000000001 0.42515468749999996 0.5402203125 0.4238046875 0.5422453125 0.4199453125 0.5393515625 0.41936718749999996 0.5422453125 0.4201390625 0.5653937499999999 0.41917499999999996 0.5734953125 0.41550937499999996 0.5833328125 0.41628125000000005 0.5879624999999999 0.41550937499999996 0.5920140625 0.4174375 0.5963546875 0.418209375 0.6070609375 0.419753125 0.610821875 0.42052500000000004 0.6307875000000001 0.421875 0.6380203125
3 0.6795625000000001 0.6139328125 0.690878125 0.56376875 0.68470625 0.5383015624999999 0.6775046875 0.49894218749999997 0.6759625 0.47501875 0.6677328124999999 0.49662656250000003 0.65693125 0.49894218749999997 0.6600171875 0.5120625000000001 0.659503125 0.5220953125000001 0.66721875 0.530584375 0.6600171875 0.5514218750000001 0.6517875 0.5784328125 0.6425296875 0.585378125 0.617328125 0.585378125 0.5972671875 0.5745734375 0.5854375 0.579975 0.5700078125 0.5745734375 0.5746374999999999 0.5591390625 0.5808093750000001 0.5421609375 0.5838484375 0.5200609375 0.5828671875 0.5228671874999999 0.575665625 0.5236390625 0.5648640625 0.53135625 0.5628078125 0.5560515625 0.5787515625 0.7289234375 0.6039546875 0.71194375 0.601896875 0.65715 0.6481874999999999 0.638628125 0.6795625000000001 0.6139328125
1 0.4704859375 0.49913125 0.47820156249999995 0.48553281249999997 0.48398906249999996 0.4782984375 0.48591875 0.470775 0.48572499999999996 0.4626734375 0.484953125 0.45949062500000004 0.48533906250000003 0.4548609375 0.4741515625 0.43402812500000004 0.46740000000000004 0.43084531249999997 0.46257656249999995 0.4322921875 0.45814062499999997 0.435475 0.45158125 0.4427078125 0.44367343750000005 0.4470484375 0.44212968750000003 0.4508109375 0.44077968749999996 0.45775468750000003 0.436921875 0.4629625 0.4357640625 0.466725 0.435378125 0.4861109375 0.43287031249999997 0.49681718750000003 0.43344843749999995 0.5057875000000001 0.43615000000000004 0.5101265625 0.4392359375 0.5182296875 0.4456015625 0.5188078125 0.45273906249999996 0.5173609375 0.45408906250000003 0.5138890625 0.46257656249999995 0.5046296875 0.4704859375 0.49913125
1 0.328703125 0.4684609375 0.3236875 0.4785875 0.3229171875 0.48235 0.32542499999999996 0.4846640625 0.3298609375 0.48755781249999997 0.3339125 0.4869796875 0.3369984375 0.48148125 0.33738437499999996 0.4742484375 0.3366125 0.46875 0.3377703125 0.4664359375 0.33371875 0.46527812500000004 0.328703125 0.4684609375