3 0.4201015625 0.556753125 0.38677968749999997 0.5635171875 0.329025 0.560978125 0.2535015625 0.53054375 0.21518437499999998 0.4586765625 0.20185625 0.383434375 0.232953125 0.3394671875 0.24406093750000002 0.24308281250000002 0.2446171875 0.1653015625 0.20018750000000002 0.12134062500000001 0.14132499999999998 0.10442812500000001 0.099671875 0.20673124999999998 0.0935625 0.3166421875 0.040809374999999995 0.379203125 0.0013796875 0.47474218749999997 0.0130390625 0.99450625 0.27016249999999997 0.99450625 0.275159375 0.96595625 0.26127500000000003 0.8754890625 0.24572500000000003 0.751209375 0.237396875 0.6429890625 0.3823390625 0.662434375 0.41232499999999994 0.6218515625000001 0.4201015625 0.556753125
3 0.8416 0.10442812500000001 0.79995 0.10527500000000001 0.77995625 0.1619234375 0.76663125 0.22786875 0.739975 0.2845109375 0.7594109375 0.32086875 0.7371984375 0.3606046875 0.7871765625 0.46713125 0.6911046875 0.7182359375 0.6595375 0.99450625 0.9963906250000001 0.99450625 0.9963906250000001 0.47051718749999993 0.9548875000000001 0.3783578125 0.9776578125000001 0.3352421875 0.9787687500000001 0.2194125 0.947115625 0.1627640625 0.9193468749999999 0.11964843750000001 0.8815843750000001 0.112884375 0.8416 0.10442812500000001
3 0.49618124999999996 0.5322312499999999 0.4834078125 0.6666593749999999 0.4834078125 0.755434375 0.4811875 0.8966265625000001 0.47841093749999997 0.96173125 0.47785625 0.99450625 0.6550078125 0.99450625 0.7499718750000001 0.5753515625000001 0.73830625 0.44430781250000007 0.6738875 0.3301703125 0.6783328125 0.27859375000000003 0.693325 0.1830546875 0.685553125 0.138246875 0.6494546875 0.08836875 0.6039171875 0.09259375 0.5717078124999999 0.1111921875 0.54505 0.14585781250000002 0.5339453125 0.184746875 0.5289453125 0.21349374999999998 0.52228125 0.2540765625 0.5339453125 0.2591484375 0.5295015624999999 0.3124125 0.5272812499999999 0.3546875 0.5528265625000001 0.3445390625 0.559490625 0.37159375 0.514509375 0.45783593749999996 0.49618124999999996 0.5322312499999999
3 0.5217296874999999 0.2633734375 0.4972921875 0.24477500000000002 0.4811875 0.23209375 0.4511984375 0.24224218749999998 0.4323171875 0.2760609375 0.4323171875 0.3166421875 0.41788125000000004 0.35045625 0.43620625 0.36145 0.4239890625 0.3986484375 0.453421875 0.4054125 0.45564218749999996 0.421478125 0.42176875 0.4434609375 0.399553125 0.6818796875 0.38955937500000004 0.9549671875 0.4139921875 0.99450625 0.491184375 0.9854015625000001 0.495628125 0.8289890625 0.5011812499999999 0.6497531249999999 0.515065625 0.5127859375 0.54560625 0.44430781250000007 0.5411625 0.42401718749999995 0.5261703125 0.38089531249999997 0.5245046875 0.31579687500000003 0.5217296874999999 0.2633734375
3 0.34901875000000004 0.30395625000000004 0.3484625 0.2506921875 0.3279171875 0.23378593749999999 0.31125625 0.2151875 0.27404687499999997 0.2295546875 0.25294531249999996 0.25576875 0.25460937499999997 0.2938125 0.2446171875 0.3318578125 0.260721875 0.3479234375 0.2584984375 0.38427500000000003 0.2901984375 0.38376875 0.260721875 0.49503281250000003 0.2579421875 0.7266874999999999 0.27349531250000003 0.99450625 0.41288125000000003 0.99450625 0.4184375 0.455296875 0.4106609375 0.41809375 0.3901125 0.366521875 0.3717875 0.349615625 0.34901875000000004 0.30395625000000004
3 0.0247046875 0.156846875 0.0058234375 0.1839015625 0.001934375 0.2380109375 0 0.34285156250000004 0.00304375 0.46713125 0.035809375 0.4121765625 0.0558015625 0.36567656249999997 0.10189531249999999 0.320021875 0.099671875 0.2845109375 0.104671875 0.21095625 0.10245156250000001 0.1729125 0.07079375 0.1585390625 0.0247046875 0.156846875
1 0.8704765625 0.188978125 0.9898734375 0.1991203125 0.9963906250000001 0.20334687499999998 0.9963906250000001 0.0934390625 0.9026859375 0.053703125 0.7966171875 0.051164062499999996 0.7949171875000001 0.050928125000000005 0.7605203125 0.15431250000000002 0.8704765625 0.188978125
1 0.5656 0.0562359375 0.5444953124999999 0.0646921875 0.54706875 0.1407421875 0.6872171875 0.150928125 0.7183171875000001 0.12894531250000002 0.6905484375000001 0.053703125 0.5656 0.0562359375
1 0.5400546875 0.1991203125 0.5167296875 0.1737578125 0.431209375 0.22617656249999998 0.42849062499999996 0.27831875 0.4334296875 0.2726765625 0.491184375 0.2506921875 0.5400546875 0.1991203125
1 0.305346875 0.2506921875 0.3492203125 0.23378593749999999 0.370321875 0.2126484375 0.31923124999999997 0.17629062499999998 0.240928125 0.23209375 0.2487046875 0.2676046875 0.2520359375 0.2845109375 0.305346875 0.2506921875
2 0.2238265625 0.1703296875 0.2238265625 0.1648359375 0.21660624999999997 0.153846875 0.17689531249999998 0.12637343750000002 0.1444046875 0.12637343750000002 0.1299640625 0.14285781250000001 0.126353125 0.14285781250000001 0.10830312499999999 0.1758234375 0.10469375 0.1868125 0.10469375 0.208790625 0.10830312499999999 0.2142859375 0.12274375 0.2142859375 0.126353125 0.2197796875 0.1335734375 0.208790625 0.166065625 0.22527499999999998 0.17689531249999998 0.22527499999999998 0.1949453125 0.1703296875 0.2238265625 0.1703296875
2 0 0.22527499999999998 0.003609375 0.23076875000000002 0.007220312500000001 0.22527499999999998 0.021660937499999998 0.22527499999999998 0.032490625 0.2197796875 0.04693125 0.1868125 0.0866421875 0.1978015625 0.0938625 0.2142859375 0.0938625 0.18131875 0.079421875 0.15934062499999999 0.061371875 0.15934062499999999 0.05776250000000001 0.153846875 0.021660937499999998 0.15934062499999999 0.007220312500000001 0.18131875 0.007220312500000001 0.1868125 0 0.1978015625 0 0.22527499999999998