1 0.6484375 0 0.6296875 0.025 0.6125 0.072221875 0.60625 0.1166671875 0.6109375 0.13055624999999998 0.634375 0.10277812500000001 0.6578125 0.10277812500000001 0.75 0.21944375 0.7765625 0.2333328125 0.78125 0.172221875 0.775 0.0388890625 0.753125 0 0.6484375 0
1 0.4 0.3361109375 0.425 0.322221875 0.4125 0.247221875 0.3953125 0.227778125 0.3421875 0.225 0.325 0.2416671875 0.3125 0.272221875 0.3125 0.33055625 0.4 0.3361109375
1 0.2765625 0.427778125 0.29375 0.43055625 0.3140625 0.39444375 0.3078125 0.35 0.2875 0.3333328125 0.2609375 0.3388890625 0.240625 0.3666671875 0.240625 0.397221875 0.2765625 0.427778125
1 0.1515625 0.40833281250000003 0.15625 0.42222187499999997 0.1875 0.43888906250000004 0.2046875 0.43888906250000004 0.21875 0.425 0.21875 0.397221875 0.2046875 0.3638890625 0.171875 0.3611109375 0.1546875 0.3833328125 0.1515625 0.40833281250000003
1 0.103125 0.4583328125 0.1234375 0.4611109375 0.134375 0.44444375 0.1328125 0.4138890625 0.11875 0.3916671875 0.1015625 0.3916671875 0.078125 0.41944375 0.0796875 0.43611093749999996 0.103125 0.4583328125
1 0.053125 0.43333281250000005 0.0515625 0.475 0.0703125 0.48333281250000004 0.0734375 0.43888906250000004 0.065625 0.427778125 0.053125 0.43333281250000005
3 0.815625 0.25555625000000004 0.7875 0.25 0.771875 0.2583328125 0.7578125 0.2416671875 0.7546875 0.225 0.7078125 0.177778125 0.6990734375 0.1646078125 0.6903937499999999 0.14814687499999998 0.6747687499999999 0.1316859375 0.644096875 0.10427187499999999 0.6070609375 0.1327171875 0.584375 0.47777812500000005 0.559375 0.9388890625 0.584375 0.972221875 0.5875 0.9972218749999999 0.9984375 0.9972218749999999 0.9984375 0.5111109375 0.95 0.4138890625 0.909375 0.3666671875 0.8484375 0.322221875 0.8359375 0.28055625 0.815625 0.25555625000000004
3 0.4953125 0.9972218749999999 0.5015625 0.9333328125 0.5234375 0.8333328124999999 0.521875 0.7833328125000001 0.5109375 0.78055625 0.509375 0.7333328125 0.521875 0.725 0.5234375 0.59444375 0.528125 0.5861109375 0.5203125 0.522221875 0.509375 0.4861109375 0.4859375 0.447221875 0.4453125 0.4111109375 0.440625 0.3583328125 0.43125 0.33055625 0.390625 0.35 0.3182875 0.3353921875 0.328125 0.5082312499999999 0.325 0.577778125 0.3140625 0.652778125 0.3265625 0.66944375 0.325 0.85555625 0.315625 0.86944375 0.3296875 0.8861109375 0.334375 0.9083328125 0.325 0.9138890625 0.3234375 0.977778125 0.3015625 0.9861109375 0.3015625 0.99444375 0.4953125 0.9972218749999999
3 0.28125 0.5611109375 0.3109375 0.5138890625 0.3140625 0.44444375 0.3015625 0.42222187499999997 0.2796875 0.43055625 0.2625 0.41944375 0.2609375 0.43055625 0.2375 0.42222187499999997 0.23125 0.447221875 0.2390625 0.5 0.2234375 0.6194437500000001 0.228125 0.652778125 0.2453125 0.6583328125000001 0.2453125 0.675 0.253125 0.6861109375 0.259375 0.6833328125 0.2609375 0.6611109374999999 0.2734375 0.65 0.28125 0.5611109375
3 0.265625 0.7361109375 0.2546875 0.727778125 0.240625 0.7361109375 0.23125 0.7583328125000001 0.234375 0.9972218749999999 0.2609375 0.9972218749999999 0.2484375 0.947221875 0.246875 0.8888890625 0.25625 0.86944375 0.2609375 0.825 0.2671875 0.825 0.271875 0.802778125 0.2703125 0.7611109375 0.265625 0.7361109375
3 0.1765625 0.75 0.18125 0.7333328125 0.1953125 0.725 0.2 0.6416671875 0.215625 0.6 0.2265625 0.4888890625 0.2203125 0.43333281250000005 0.1545140625 0.42489687500000006 0.159375 0.497221875 0.1671875 0.5416671875 0.159375 0.5638890625 0.153125 0.69444375 0.1546875 0.75 0.1625 0.76944375 0.15 0.8416671875 0.15 0.8861109375 0.1734375 0.8916671875000001 0.1796875 0.8666671875 0.1890625 0.86944375 0.1921875 0.852778125 0.1890625 0.7888890625 0.1765625 0.75
3 0.1765625 0.9111109374999999 0.165625 0.922221875 0.1515625 0.975 0.1515625 0.9972218749999999 0.1921875 0.9972218749999999 0.190625 0.9138890625 0.1765625 0.9111109374999999
3 0.1109375 0.7833328125000001 0.115625 0.727778125 0.1296875 0.672221875 0.1234375 0.6638890625 0.1234375 0.6305562499999999 0.1328125 0.58055625 0.1203125 0.5638890625 0.146875 0.49444375 0.1375 0.45277812500000003 0.125 0.4638890625 0.1 0.4611109375 0.0921875 0.49166718749999994 0.0984375 0.522221875 0.090625 0.552778125 0.0984375 0.66944375 0.090625 0.68055625 0.096875 0.697221875 0.1 0.99444375 0.1453125 0.9972218749999999 0.1375 0.972221875 0.13125 0.875 0.1109375 0.7833328125000001
3 0.0625 0.65 0.05625 0.6611109374999999 0.0453125 0.6638890625 0.04375 0.65555625 0.0390625 0.675 0.0359375 0.8388890625000001 0.05 0.89444375 0.05 0.98055625 0.0578125 0.9972218749999999 0.096875 0.9972218749999999 0.0984375 0.797221875 0.0921875 0.7916671875 0.0828125 0.727778125 0.0828125 0.6888890625 0.0625 0.65
3 0.0546875 0.5916671874999999 0.0609375 0.6416671875 0.075 0.6 0.0828125 0.59444375 0.0875 0.5027781250000001 0.075 0.4861109375 0.04976875 0.48045312500000004 0.040625 0.575 0.0546875 0.5916671874999999