3 0.8078125 0.25 0.7901046875 0.25 0.7734375 0.222221875 0.771875 0.0416671875 0.75 0.002778125 0.65 0 0.634375 0.0111109375 0.6140625 0.047221875 0.6 0.1111109375 0.6109375 0.18055625 0.6059109375 0.23895781249999998 0.6262218749999999 0.25285 0.621534375 0.293596875 0.639240625 0.340828125 0.5871640625000001 0.341753125 0.61268125 0.39361406250000003 0.5875 0.44444375 0.56875 0.497221875 0.54375 0.625 0.5328125 0.73055625 0.5390625 0.777778125 0.5375 0.85555625 0.5234375 0.875 0.5234375 0.89444375 0.5125 0.8916671875000001 0.503125 0.95 0.4984375 0.9972218749999999 0.9984375 0.9972218749999999 0.9984375 0.53055625 0.96875 0.447221875 0.9265625 0.3833328125 0.9109375 0.3638890625 0.859375 0.3333328125 0.8453125 0.31388906250000004 0.83125 0.272221875 0.8078125 0.25
1 0.6375 0 0.615625 0.033332812499999996 0.6015625 0.10277812500000001 0.603125 0.1388890625 0.6109375 0.1111109375 0.6296875 0.09444375 0.6515625 0.1 0.7484375 0.2138890625 0.7703125 0.2583328125 0.7734375 0.25277812499999996 0.7734375 0.05 0.7671875 0.022221875 0.753125 0 0.6375 0
1 0.3453125 0.21944375 0.3125 0.25555625000000004 0.3078125 0.29444375 0.309071875 0.3278609375 0.331465625 0.3287890625 0.3528171875 0.3287890625 0.371565625 0.3297140625 0.39968593750000003 0.3297140625 0.4234375 0.31944374999999997 0.4109375 0.24444375 0.396875 0.225 0.3453125 0.21944375
3 0.4234375 0.322221875 0.4109375 0.24444375 0.3953125 0.225 0.35 0.21944375 0.3140625 0.25555625000000004 0.309375 0.3166671875 0.3125 0.35555625 0.321875 0.375 0.31875 0.40277812500000004 0.325 0.46944375000000005 0.3078125 0.525 0.2984375 0.60555625 0.2765625 0.6194437500000001 0.28125 0.625 0.26875 0.6666671875 0.2703125 0.8 0.253125 0.847221875 0.246875 0.8916671875000001 0.2515625 0.98055625 0.2625 0.9972218749999999 0.490625 0.9972218749999999 0.5234375 0.8111109375 0.5296875 0.5638890625 0.50625 0.48055624999999996 0.4875 0.447221875 0.4484375 0.4138890625 0.4359375 0.3416671875 0.4234375 0.322221875
3 0.2671875 0.675 0.2825125 0.633471875 0.30282343749999996 0.58716875 0.2984375 0.54444375 0.309375 0.5138890625 0.315625 0.4583328125 0.3109375 0.38055625000000004 0.2984375 0.3361109375 0.2609375 0.3333328125 0.2515625 0.3416671875 0.2375 0.3666671875 0.2390625 0.3916671875 0.225 0.40833281250000003 0.225 0.46666718749999997 0.2390625 0.5027781250000001 0.2375 0.54444375 0.221875 0.577778125 0.2171875 0.6222218749999999 0.2015625 0.6583328125000001 0.1953125 0.8166671875 0.2015625 0.9138890625 0.19375 0.922221875 0.19375 0.9972218749999999 0.25 0.9972218749999999 0.246875 0.9388890625 0.240625 0.927778125 0.2421875 0.8888890625 0.2703125 0.7861109374999999 0.26793125 0.716821875 0.2671875 0.675
3 0.184375 0.8666671875 0.178125 0.8333328124999999 0.2109375 0.6194437500000001 0.234375 0.5361109374999999 0.2328125 0.497221875 0.2265625 0.4861109375 0.2171875 0.3916671875 0.209375 0.3666671875 0.19375 0.35555625 0.1578125 0.3666671875 0.1453125 0.43055625 0.146875 0.5055562499999999 0.125 0.5333328125000001 0.1140625 0.56944375 0.1140625 0.60555625 0.125 0.64444375 0.0984375 0.8333328124999999 0.103125 0.9361109375 0.1140625 0.9666671875 0.1140625 0.9972218749999999 0.190625 0.9972218749999999 0.190625 0.922221875 0.1796875 0.9055562500000001 0.184375 0.8666671875
3 0.1125 0.95 0.121875 0.527778125 0.125 0.5055562499999999 0.140625 0.4888890625 0.14375 0.46944375000000005 0.134375 0.45 0.13125 0.4111109375 0.11875 0.3888890625 0.0875 0.397221875 0.075 0.425 0.075246875 0.46492500000000003 0.0820171875 0.5010421875 0.06691406250000001 0.531603125 0.052332812500000006 0.56679375 0.03125 0.70555625 0.034375 0.8416671875 0.0421875 0.8611109375 0.0515625 0.9388890625 0.04375 0.9972218749999999 0.1125 0.9972218749999999 0.10625 0.9555562500000001 0.1125 0.95
3 0.055207812499999995 0.75 0.0630203125 0.7416671874999999 0.0520828125 0.68055625 0.0424375 0.6408828125 0.0520828125 0.5666671875 0.076809375 0.5149328125 0.0770828125 0.48055624999999996 0.07552031249999999 0.427778125 0.0645828125 0.4138890625 0.041396875 0.42325 0.03098125 0.46585 0.02785625 0.504746875 0.0356671875 0.5279 0.020565625 0.58716875 0.030207812499999997 0.652778125 0.0239578125 0.6638890625 0.0223953125 0.69444375 0.030207812499999997 0.725 0.052853125 0.9539031250000001 0.026293749999999998 0.9972218749999999 0.06170625 0.9972218749999999 0.055207812499999995 0.75
1 0.240625 0.35555625 0.2375 0.375 0.24375 0.397221875 0.2546875 0.397221875 0.2859375 0.44166718749999995 0.30625 0.44166718749999995 0.2984375 0.40833281250000003 0.309375 0.397221875 0.3015625 0.3388890625 0.2671875 0.33055625 0.240625 0.35555625
1 0.1546875 0.40277812500000004 0.2125 0.4111109375 0.2171875 0.4 0.2125 0.37222187500000004 0.1984375 0.35555625 0.165625 0.35555625 0.1546875 0.37222187500000004 0.15 0.3861109375 0.1546875 0.40277812500000004
1 0.103125 0.45 0.1390625 0.43888906250000004 0.1359375 0.4138890625 0.11875 0.3861109375 0.084375 0.4 0.0765625 0.43055625 0.0859375 0.44166718749999995 0.103125 0.45
1 0.078125 0.44166718749999995 0.071875 0.42222187499999997 0.05 0.41944375 0.0421875 0.43611093749999996 0.0484375 0.46666718749999997 0.0734375 0.475 0.078125 0.44166718749999995