1 0.0734375 0.4671875 0.13046875 0.4671875 0.13046875 0.396875 0.0734375 0.396875 0.0734375 0.4671875
1 0.034375 0.4578125 0.0796875 0.4578125 0.0796875 0.4171875 0.034375 0.4171875 0.034375 0.4578125
1 0.0265625 0.453125 0.05390625 0.453125 0.05390625 0.4234375 0.0265625 0.4234375 0.0265625 0.453125
1 0.04375 0.49765625 0.07421875 0.49765625 0.07421875 0.4421875 0.04375 0.4421875 0.04375 0.49765625
3 0.025 0.80546875 0.078125 0.80546875 0.078125 0.434375 0.025 0.434375 0.025 0.80546875
3 0.6453125 0 0.6078125 0.0666671875 0.5984375 0.1166671875 0.5984375 0.1416671875 0.6109375 0.18055625 0.6078125 0.2333328125 0.5375 0.71944375 0.540625 0.79444375 0.534375 0.8333328124999999 0.5421875 0.852778125 0.5359375 0.875 0.5234375 0.8777781250000001 0.5234375 0.89444375 0.5125 0.897221875 0.5 0.9666671875 0.5 0.9972218749999999 0.9984375 0.9972218749999999 0.9984375 0.51944375 0.9671875 0.44444375 0.9171875 0.36944374999999996 0.84375 0.325 0.8296875 0.272221875 0.809375 0.25555625000000004 0.7890625 0.2583328125 0.7734375 0.23611093749999998 0.7703125 0.052778124999999995 0.7609375 0.0111109375 0.7515625 0 0.6453125 0
1 0.6421875 0 0.6140625 0.04444375 0.6015625 0.097221875 0.5984375 0.1361109375 0.6109375 0.1083328125 0.63125 0.0916671875 0.6828125 0.125 0.746875 0.2083328125 0.771875 0.25555625000000004 0.771875 0.072221875 0.7671875 0.03055625 0.75625 0 0.6421875 0
1 0.3078125 0.272221875 0.303125 0.31944374999999997 0.309375 0.3361109375 0.35625 0.3333328125 0.3796875 0.34444375 0.421875 0.322221875 0.4125 0.25555625000000004 0.3828125 0.21944375 0.35625 0.2166671875 0.3375 0.227778125 0.3078125 0.272221875
3 0.2875 0.71944375 0.303125 0.7388890625 0.2890625 0.7527781250000001 0.29375 0.8055562500000001 0.2859375 0.86944375 0.2765625 0.875 0.290625 0.9888890625 0.2953125 0.9972218749999999 0.48125 0.9972218749999999 0.4890625 0.9888890625 0.496875 0.922221875 0.51875 0.825 0.525 0.5666671875 0.5 0.47777812500000005 0.440625 0.4111109375 0.4296875 0.3333328125 0.403125 0.23888906250000003 0.384375 0.222221875 0.353125 0.21944375 0.328125 0.23888906250000003 0.3046875 0.297221875 0.3046875 0.3638890625 0.3140625 0.3833328125 0.321875 0.43333281250000005 0.340625 0.45 0.340625 0.5111109375 0.325 0.53055625 0.328125 0.5583328125 0.296875 0.6333328125000001 0.2859375 0.69444375 0.2875 0.71944375
1 0.5234375 0.427778125 0.5390625 0.4166671875 0.53125 0.3388890625 0.49375 0.33055625 0.4671875 0.35555625 0.465625 0.40833281250000003 0.496875 0.40833281250000003 0.5234375 0.427778125
3 0.1703125 0.875 0.196875 0.9194437499999999 0.196875 0.9972218749999999 0.2421875 0.9972218749999999 0.2453125 0.9888890625 0.2390625 0.9361109375 0.2453125 0.85 0.259375 0.8 0.2609375 0.7416671874999999 0.315625 0.46666718749999997 0.3046875 0.43055625 0.309375 0.3916671875 0.2984375 0.3388890625 0.26875 0.3361109375 0.2578125 0.34444375 0.24375 0.37777812499999996 0.2421875 0.447221875 0.2546875 0.5111109375 0.2203125 0.602778125 0.2203125 0.6277781250000001 0.20625 0.65555625 0.203125 0.697221875 0.1734375 0.75 0.15 0.8444437499999999 0.1578125 0.8777781250000001 0.1703125 0.875
1 0.2453125 0.36944374999999996 0.2515625 0.40555624999999995 0.3015625 0.45277812500000003 0.3125 0.45 0.3046875 0.43055625 0.303125 0.40555624999999995 0.309375 0.3888890625 0.3015625 0.3388890625 0.271875 0.3333328125 0.253125 0.347221875 0.2453125 0.36944374999999996
3 0.1734375 0.7444437500000001 0.1875 0.7166671874999999 0.196875 0.7138890625000001 0.1984375 0.6666671875 0.2421875 0.527778125 0.21875 0.43055625 0.2140625 0.38055625000000004 0.2 0.3611109375 0.16875 0.3611109375 0.15 0.3916671875 0.109375 0.725 0.0984375 0.8888890625 0.1234375 0.9111109374999999 0.1265625 0.95 0.140625 0.99444375 0.19375 0.9972218749999999 0.1921875 0.9083328125 0.1890625 0.9 0.15625 0.9 0.1484375 0.8444437499999999 0.1734375 0.7444437500000001
1 0.15625 0.42222187499999997 0.190625 0.43888906250000004 0.21875 0.43055625 0.2125 0.375 0.19375 0.35555625 0.16875 0.3583328125 0.15 0.3888890625 0.1484375 0.40833281250000003 0.15625 0.42222187499999997
3 0.1046875 0.76944375 0.10625 0.71944375 0.1 0.7 0.115625 0.6583328125000001 0.1109375 0.59444375 0.096875 0.5861109375 0.096875 0.572221875 0.1015625 0.5361109374999999 0.1375 0.48333281250000004 0.1375 0.45555625 0.121875 0.4111109375 0.1046875 0.39444375 0.0515625 0.427778125 0.0640625 0.447221875 0.0578125 0.4638890625 0.0546875 0.5388890625 0.0359375 0.5861109375 0.0265625 0.697221875 0.0375 0.7527781250000001 0.0375 0.8166671875 0.05625 0.9611109375 0.0515625 0.9972218749999999 0.1078125 0.9972218749999999 0.11875 0.9305562500000001 0.1078125 0.9166671875000001 0.09375 0.8722218749999999 0.1046875 0.76944375
3 0.53125 0.3388890625 0.5 0.327778125 0.465625 0.3611109375 0.4640625 0.425 0.5 0.46944375000000005 0.521875 0.547221875 0.53125 0.6416671875 0.525 0.672221875 0.528125 0.7166671874999999 0.5359375 0.6388890625 0.5640625 0.49444375 0.540625 0.427778125 0.53125 0.3388890625