2 0.7935156250000001 0.3550390625 0.8205500000000001 0.41505937499999995 0.83626875 0.36555781249999997 0.8551328125 0.31605625000000004 0.8331250000000001 0.2783421875 0.7891109375 0.2736265625 0.735665625 0.292484375 0.719946875 0.3467 0.7576734375 0.3349140625 0.7843953124999999 0.323128125 0.7935156250000001 0.3550390625
2 0.7498125 0.18405312499999998 0.7812515624999999 0.1463390625 0.809546875 0.141625 0.82369375 0.18876874999999999 0.83626875 0.1699109375 0.8205500000000001 0.12748125 0.7759109375000001 0.115596875 0.745096875 0.16048125 0.7498125 0.18405312499999998
2 0.6146281250000001 0.28305625 0.6146281250000001 0.33255625 0.6460656250000001 0.36555781249999997 0.6806484375 0.41034375 0.6885078124999999 0.3985578125 0.6476375 0.306628125 0.6224875 0.212340625 0.5879046875 0.15576718750000002 0.5659 0.1589609375 0.528171875 0.214696875 0.52345625 0.308984375 0.5140234375 0.4221296875 0.5328875 0.43155937499999997 0.539175 0.37262968750000003 0.539175 0.306628125 0.53603125 0.228840625 0.55175 0.1934828125 0.5941921875 0.212340625 0.6146281250000001 0.28305625
2 0.5030203125 0.2005546875 0.4762984375 0.15812500000000002 0.44800312499999995 0.1486953125 0.42442343749999994 0.18641093749999998 0.3992734375 0.24769843749999998 0.364690625 0.306628125 0.3961296875 0.306628125 0.40556093750000005 0.2665546875 0.4558625 0.167553125 0.4731546875 0.181696875 0.4888734375 0.2099828125 0.4967328125 0.24298281249999998 0.4825859375 0.2712703125 0.47000937499999995 0.29955625 0.47158125 0.3490578125 0.5093078125 0.37262968750000003 0.4935890625 0.3019125 0.5030203125 0.2005546875
2 0.163484375 0.3278421875 0.1744875 0.43155937499999997 0.19492343750000002 0.558846875 0.22007343750000002 0.5164187499999999 0.20121093750000002 0.4244875 0.19492343750000002 0.3184140625 0.21064218750000002 0.228840625 0.2552859375 0.20043906250000001 0.270375 0.22412656250000002 0.2892390625 0.2712703125 0.2892390625 0.21941093750000001 0.25465625 0.16048125 0.21692968750000002 0.134553125 0.18391875 0.134553125 0.1399046875 0.2099828125 0.14619218750000001 0.2641984375 0.163484375 0.3278421875
2 0.42914062499999994 0.3443421875 0.4558625 0.403271875 0.45743437499999995 0.4504171875 0.46529375 0.5069890625 0.4825859375 0.5258468749999999 0.4778703125 0.44570156250000004 0.46215 0.370271875 0.45114687499999995 0.3254859375 0.4149953125 0.30601875 0.33796875000000004 0.3490578125 0.35211562500000004 0.42684531249999996 0.33639687500000004 0.495203125 0.34582812500000004 0.5682765625 0.367834375 0.5352750000000001 0.3819828125 0.5352750000000001 0.3851265625 0.4975609375 0.3788375 0.41505937499999995 0.4071328125 0.356128125 0.42914062499999994 0.3443421875
3 0.6680734375 0.6814218750000001 0.6429218750000001 0.664921875 0.64135 0.7120656249999999 0.6130546875 0.7356374999999999 0.64449375 0.7804234375 0.6885078124999999 0.8487828125 0.72780625 0.8181390625 0.732521875 0.8511390625 0.7561015624999999 0.9077125 0.99975 0.9077125 0.999875 0.572990625 0.9761703125000001 0.5376328125 0.8818546875 0.478703125 0.8771390625000001 0.43155937499999997 0.81740625 0.2641984375 0.7733921875 0.2806984375 0.729378125 0.3019125 0.726234375 0.370271875 0.73095 0.43862968750000003 0.7372375 0.5093468750000001 0.707371875 0.5612046875 0.6995109375 0.650778125 0.6822203124999999 0.7097078125 0.6680734375 0.6814218750000001
3 0.7372375 0.1958390625 0.74038125 0.2712703125 0.7010828124999999 0.308984375 0.6727890624999999 0.3962015625 0.6727890624999999 0.4763453125 0.6727890624999999 0.556490625 0.6947953124999999 0.6295625 0.713659375 0.589490625 0.723090625 0.5258468749999999 0.7513859375 0.495203125 0.726234375 0.400915625 0.73409375 0.3137 0.7906828124999999 0.2641984375 0.8268375000000001 0.2806984375 0.8567046875000001 0.3467 0.8598484375 0.4244875 0.8787109375 0.46927343749999995 0.9038625 0.4598453125 0.9714546875 0.50463125 0.987175 0.417415625 0.9478765625 0.3467 0.91958125 0.2877703125 0.8787109375 0.28305625 0.82998125 0.261840625 0.834696875 0.174625 0.803259375 0.11569531250000001 0.7608171875 0.11333750000000001 0.7372375 0.1958390625
3 0.5894765625 0.1486953125 0.550178125 0.151053125 0.5171671875 0.22176875 0.5187390625 0.306628125 0.5108796875 0.39384375 0.4983046875 0.4598453125 0.4967328125 0.5258468749999999 0.5266 0.54941875 0.5454625 0.620134375 0.553321875 0.6955640625 0.559609375 0.7403515625 0.6020515625 0.745065625 0.6303468750000001 0.7639234375 0.6272031250000001 0.83228125 0.6209156250000001 0.886496875 0.64449375 0.8912125 0.6476375 0.869996875 0.655496875 0.806353125 0.628775 0.7332796874999999 0.6334906250000001 0.69085 0.64449375 0.620134375 0.64135 0.5800625 0.6806484375 0.5352750000000001 0.6837921875 0.3914859375 0.6492093750000001 0.2877703125 0.6177718750000001 0.181696875 0.5894765625 0.1486953125
3 0.3206765625 0.56591875 0.3033859375 0.6413484375 0.3033859375 0.6696359375000001 0.3269640625 0.6083484375 0.358403125 0.558846875 0.34111250000000004 0.448059375 0.35054375000000004 0.35377187499999996 0.3914140625 0.29955625 0.42127968750000006 0.2948421875 0.45114687499999995 0.33255625 0.46686562499999995 0.3985578125 0.4762984375 0.485775 0.4857296875 0.528203125 0.5030203125 0.53291875 0.5124515625 0.518775 0.5045921875 0.4504171875 0.5093109375 0.3663515625 0.4951609375 0.261840625 0.4967328125 0.1699109375 0.46529375 0.134553125 0.41499218750000005 0.2005546875 0.3866984375 0.28305625 0.33796875000000004 0.3184140625 0.3112453125 0.3490578125 0.3238203125 0.40798750000000006 0.3206765625 0.511703125 0.3206765625 0.56591875
3 0 0.78278125 0.00471875 0.9998109375 0.09431874999999999 0.9998109375 0.1163265625 0.9147828125 0.1241859375 0.808709375 0.1336171875 0.89356875 0.14462031250000001 0.9430703125000001 0.18391875 0.8982828125 0.21850156250000002 0.8817828125 0.23579218750000003 0.8440671875 0.26094375 0.8582109375 0.2860953125 0.839353125 0.2860953125 0.775709375 0.3316796875 0.792209375 0.34425625000000004 0.759209375 0.3285359375 0.7332796874999999 0.3096734375 0.7097078125 0.3065296875 0.683778125 0.3002421875 0.6554921874999999 0.3081015625 0.5989203125 0.3175328125 0.5164187499999999 0.32319375 0.4379953125 0.3033859375 0.36555781249999997 0.271946875 0.31605625000000004 0.2939546875 0.2099828125 0.24679687499999997 0.141625 0.185490625 0.1251234375 0.14462031250000001 0.1722671875 0.1351890625 0.261840625 0.15876875 0.306628125 0.1116109375 0.3302 0.077028125 0.37498593750000003 0.073884375 0.44570156250000004 0.067596875 0.5069890625 0.0440171875 0.587134375 0.0125796875 0.6437062499999999 0 0.7120656249999999 0 0.78278125