2 0.683628125 0.29112499999999997 0.6848062500000001 0.295265625 0.6843343749999999 0.29940781250000004 0.6895171875 0.31005937499999997 0.6932859375 0.32189375 0.697290625 0.32100625 0.7012953125 0.31745625 0.7031796875 0.318046875 0.7048296875 0.3213015625 0.7048296875 0.32988125 0.705771875 0.32988125 0.7050640625 0.3204140625 0.70765625 0.3103546875 0.70765625 0.30562187500000004 0.702003125 0.286390625 0.6925796875 0.2730765625 0.683628125 0.265384375 0.6730265625 0.2642015625 0.6501765625 0.26656875 0.6409890625 0.27426093749999997 0.63439375 0.2822484375 0.6315671875 0.290828125 0.6303890625 0.298225 0.630859375 0.31834375000000004 0.6334515625 0.32633125 0.6348640624999999 0.32810625 0.6383984375 0.328403125 0.6395765625000001 0.3224859375 0.6391046874999999 0.3142015625 0.6421671875 0.294675 0.6548875 0.28402343750000003 0.67396875 0.283728125 0.683628125 0.29112499999999997
1 0.602590625 0.32603593750000004 0.604946875 0.33372812500000004 0.6058890625 0.3494078125 0.6047109374999999 0.3544375 0.6063609375000001 0.3576921875 0.608009375 0.357396875 0.6089515624999999 0.355325 0.6091875 0.3455625 0.6113078125 0.3414203125 0.6113078125 0.335265625 0.61225 0.33254375 0.61908125 0.32810625 0.6219078125 0.32751406250000004 0.6245 0.33165625 0.6249703125 0.33461562499999997 0.6240281249999999 0.33816562499999997 0.62520625 0.3437875 0.6320375 0.345265625 0.63580625 0.343490625 0.6346296875 0.330178125 0.630153125 0.3233734375 0.6285046875 0.312721875 0.6282687499999999 0.306509375 0.6325093749999999 0.2831359375 0.6310953125000001 0.2751484375 0.6254421875 0.2594671875 0.6214375000000001 0.25177499999999997 0.6150765625 0.245265625 0.6070671875 0.23994062500000002 0.6032984375 0.2378703125 0.5959953125 0.236390625 0.59151875 0.23668593750000003 0.579740625 0.24142031249999998 0.5724375 0.24763281250000002 0.563015625 0.26360937500000003 0.558303125 0.2831359375 0.5585390625 0.289496875 0.5559484375 0.2985203125 0.55641875 0.3041421875 0.559953125 0.2985203125 0.561365625 0.2985203125 0.562309375 0.3 0.5632515625 0.307396875 0.563015625 0.32633125 0.5681984375 0.332840625 0.5700828125 0.3322484375 0.5707890625 0.32988125 0.602590625 0.32603593750000004
2 0.5382796875 0.17189375 0.5420499999999999 0.169821875 0.5510015625 0.16923125 0.5653703125 0.17544375 0.57031875 0.18136093749999999 0.575971875 0.20532499999999998 0.575971875 0.212721875 0.5769140625 0.2159765625 0.5762078125000001 0.22070937499999999 0.5799765625 0.22070937499999999 0.5830390624999999 0.2177515625 0.5853953125 0.2186390625 0.5868078125 0.22070937499999999 0.5905765625 0.221596875 0.5959953125 0.22544375 0.6030625 0.23343124999999998 0.6091875 0.22929062500000003 0.5875140625 0.16745625 0.5830390624999999 0.1612421875 0.5757359375 0.1559171875 0.5726734375 0.15 0.5620734374999999 0.1431953125 0.5566546875 0.1414203125 0.5528859374999999 0.1431953125 0.543934375 0.1437875 0.5404 0.144675 0.5335687499999999 0.1488171875 0.5208484375 0.1612421875 0.5161359375 0.167159375 0.5142515624999999 0.17278125 0.51378125 0.17929062499999998 0.5154296875 0.186390625 0.5140171875 0.18934843750000002 0.5168437499999999 0.1955625 0.5175500000000001 0.206509375 0.5203765625 0.21035468750000003 0.52131875 0.21360937500000002 0.5312125 0.18165625000000002 0.5352171875 0.17544375 0.5382796875 0.17189375
2 0.4402828125 0.16568125 0.44240312499999995 0.1677515625 0.4440515625 0.1721890625 0.4445234375 0.1769234375 0.4428734375 0.18934843750000002 0.4433453125 0.20088750000000002 0.44734999999999997 0.20088750000000002 0.45064843750000005 0.1991125 0.45724375000000006 0.1849109375 0.459128125 0.17751406249999999 0.4596 0.16923125 0.45889218749999994 0.165384375 0.45347499999999996 0.146153125 0.44782031250000004 0.1331359375 0.44358125 0.128403125 0.4353359375 0.12307656250000001 0.42709062500000006 0.1224859375 0.41908124999999996 0.11834375 0.41201406250000006 0.11923125000000001 0.40400468749999996 0.1260359375 0.4002359375 0.12455625 0.3978796875 0.12633125 0.3924625 0.133728125 0.3842171875 0.15 0.38256718749999996 0.1541421875 0.3806828125 0.1647921875 0.3806828125 0.17751406249999999 0.3853953125 0.1804734375 0.38845625 0.1852078125 0.3948171875 0.1733734375 0.39929375 0.1624265625 0.40400468749999996 0.1579875 0.41130781250000004 0.153846875 0.4197875 0.1544375 0.4285046875 0.161834375 0.4402828125 0.16568125
1 0.41201406250000006 0.3455625 0.41625468750000005 0.3579875 0.41601875 0.365384375 0.4174328125 0.3686390625 0.4174328125 0.371596875 0.4200234375 0.371596875 0.4245 0.368934375 0.4242640625 0.364496875 0.42803281249999997 0.36005937499999996 0.4310953125 0.3529578125 0.43462968750000003 0.3369828125 0.4348640625 0.32189375 0.4320375 0.306509375 0.4285046875 0.295265625 0.424734375 0.29112499999999997 0.40800937499999995 0.288165625 0.399528125 0.2878703125 0.3886921875 0.2902359375 0.3755 0.2985203125 0.369846875 0.30710000000000004 0.3639578125 0.3133140625 0.356890625 0.330178125 0.356184375 0.3340234375 0.35500625 0.3429 0.3557125 0.3470421875 0.3571265625 0.3491125 0.371025 0.33668593750000003 0.3757359375 0.3331359375 0.38091875000000003 0.33106562500000003 0.392696875 0.33047343749999997 0.399528125 0.3352078125 0.4030625 0.336390625 0.41201406250000006 0.3455625
2 0.4961125 0.2896453125 0.4977625 0.3076921875 0.5005890625 0.31212968750000003 0.5050640625 0.3150890625 0.5076562499999999 0.32011875 0.5097765625 0.32189375 0.5078921875 0.32544375 0.509540625 0.32810625 0.5135453125 0.3286984375 0.51519375 0.32603593750000004 0.5154296875 0.3142015625 0.516371875 0.3124265625 0.5250890625 0.3103546875 0.5239109375 0.3068046875 0.5253234375 0.3029578125 0.525559375 0.2860953125 0.5246171875 0.28343124999999997 0.5253234375 0.278403125 0.519434375 0.2647921875 0.5175500000000001 0.2579875 0.51213125 0.256509375 0.5085984375 0.2526625 0.5074203125000001 0.24940781250000002 0.47585468750000004 0.2529578125 0.46690156250000003 0.2526625 0.4494703125 0.2594671875 0.44381562499999994 0.262721875 0.44098906250000003 0.2668640625 0.44051875 0.26923125 0.43839843749999996 0.28668593750000004 0.4391046875 0.30038125 0.43839843749999996 0.3142015625 0.4428734375 0.3204140625 0.446171875 0.3103546875 0.44640781250000006 0.2905328125 0.4513546875 0.28165625 0.48621875000000003 0.2804734375 0.48904531249999994 0.28195312499999997 0.4961125 0.2896453125
3 0.59929375 0.5994078125 0.601884375 0.6011828125 0.606125 0.6121296875 0.60848125 0.6112421875 0.60989375 0.6071 0.61295625 0.6076921875 0.6150765625 0.6106515625 0.617196875 0.6097640625 0.6322734375 0.62899375 0.6348640624999999 0.638165625 0.63745625 0.642603125 0.6395765625000001 0.6538468749999999 0.6442875 0.657396875 0.6464078125 0.6621296875 0.6475859374999999 0.6576921875 0.6501765625 0.6559171874999999 0.6537109375 0.6576921875 0.6581859375 0.6730765625 0.6619546875 0.67455625 0.6626624999999999 0.6733734375 0.7462890625 0.691125 0.748175 0.6940828125 0.75029375 0.7014796875 0.75265 0.7050296875 0.7559484375000001 0.720709375 0.7557125 0.7494078125 0.7566546875 0.7751484375000001 0.759246875 0.7985203125 0.75806875 0.8168640625 0.7590109375 0.82278125 0.7583031250000001 0.8260359375 0.7597171875 0.82810625 0.7627796874999999 0.8286984374999999 0.7627796874999999 0.8331359375 0.7616015625 0.833728125 0.7632515625 0.8372781249999999 0.762309375 0.841715625 0.764428125 0.8455625 0.7649 0.8523671875 0.7646640625 0.8704140625000001 0.7620734375 0.8757390624999999 0.756184375 0.8769234375 0.751471875 0.8757390624999999 0.75029375 0.8781062500000001 0.7505296875 0.8834312499999999 0.75194375 0.8872781249999999 0.7554765625 0.881065625 0.759953125 0.8822484375 0.759246875 0.8881656250000001 0.759953125 0.8926031249999999 0.7575968750000001 0.8949703124999999 0.756890625 0.9032546874999999 0.756890625 0.9071 0.7583031250000001 0.9115390624999999 0.7597171875 0.9133140624999999 0.7750296875 0.9186390624999999 0.786571875 0.92011875 0.8138984375 0.9186390624999999 0.8221437500000001 0.9156812499999999 0.8244999999999999 0.9121296875 0.8266203125 0.9056218749999999 0.8266203125 0.8976328125 0.7762078125 0.4889546875 0.7733796875000001 0.4470421875 0.767490625 0.42573906250000004 0.7634859374999999 0.4139046875 0.75948125 0.40591718749999994 0.7557125 0.40029531250000006 0.75194375 0.3979296875 0.748175 0.398225 0.74205 0.3887578125 0.7413421875 0.38431875 0.744640625 0.38076875 0.7418140625 0.3769234375 0.7425203125000001 0.37278125 0.740165625 0.367159375 0.7361609375 0.3615390625 0.7333328125 0.3603546875 0.7323906250000001 0.3576921875 0.72438125 0.3485203125 0.7222609375 0.34792968750000003 0.7206125 0.3455625 0.7128390625 0.3429 0.707184375 0.3449703125 0.7055359375 0.3431953125 0.7060078125 0.3414203125 0.7036515624999999 0.3393484375 0.702709375 0.336390625 0.7024734375 0.32988125 0.7043578125 0.31834375000000004 0.7031796875 0.3142015625 0.7050640625 0.3097640625 0.7022375000000001 0.2905328125 0.701059375 0.2869828125 0.685040625 0.2677515625 0.6784453125 0.265384375 0.651825 0.26745625 0.6461718750000001 0.27130156250000004 0.64499375 0.2739640625 0.639340625 0.27899375000000004 0.6379265625 0.28254375 0.6336859375 0.2869828125 0.6315671875 0.3026625 0.6322734375 0.318046875 0.63439375 0.32603593750000004 0.63745625 0.3286984375 0.63745625 0.33372812500000004 0.640753125 0.345265625 0.6117781250000001 0.404734375 0.59929375 0.40680468750000004 0.595759375 0.408875 0.5941109375 0.41212968749999995 0.59458125 0.4139046875 0.5934046875 0.42130156249999995 0.595053125 0.42455625 0.5936390625 0.42751406249999996 0.5969375 0.430178125 0.5969375 0.432840625 0.5952890625 0.43343125000000005 0.5917546875 0.43846093750000004 0.58775 0.4369828125 0.5868078125 0.443490625 0.5888109375 0.44437812499999996 0.58775 0.4508875 0.5853953125 0.45532500000000004 0.5849234375 0.4597640625 0.583509375 0.462721875 0.5837453125 0.47070937500000004 0.5846875 0.47366875 0.5837453125 0.4786984375 0.5849234375 0.480178125 0.585159375 0.48284062499999997 0.5830390624999999 0.4860953125 0.5823328125 0.50843125 0.5811546875 0.5124265625 0.579740625 0.5133140625 0.5795046875 0.529290625 0.5799765625 0.53076875 0.5816250000000001 0.5304734375 0.5844515625 0.53254375 0.5853953125 0.5352078125 0.5853953125 0.5523671875 0.5938749999999999 0.5615390625 0.5934046875 0.5769234375 0.5955234375 0.591715625 0.59929375 0.5994078125
3 0.5411078125000001 0.39082812499999997 0.541578125 0.392603125 0.539221875 0.3955625 0.5387515625 0.40059218750000003 0.5352171875 0.4041421875 0.5521796875 0.42485156249999995 0.55641875 0.43639062500000003 0.558775 0.43994062500000003 0.5604234375 0.44615312500000004 0.5620734374999999 0.44763281250000003 0.56419375 0.457396875 0.5762078125000001 0.4514796875 0.5771499999999999 0.43934843749999997 0.5733796875 0.4369828125 0.5733796875 0.434615625 0.5762078125000001 0.43254374999999995 0.57785625 0.42899374999999995 0.5837453125 0.42810625 0.5837453125 0.4269234375 0.5818609375 0.42544375 0.5837453125 0.421596875 0.58775 0.421596875 0.5938749999999999 0.406509375 0.6155484375 0.392603125 0.6226140625000001 0.386390625 0.6237921875 0.384615625 0.6240281249999999 0.3724859375 0.6287390625 0.36775156249999996 0.6395765625000001 0.3606515625 0.6398109375 0.3529578125 0.638634375 0.3449703125 0.6360421875 0.3420125 0.6346296875 0.3313609375 0.6285046875 0.32070937499999996 0.6280328125 0.306509375 0.630153125 0.2997046875 0.62968125 0.295265625 0.6325093749999999 0.28254375 0.6299171875 0.271596875 0.621671875 0.2520703125 0.6150765625 0.2455625 0.6070671875 0.23994062500000002 0.5959953125 0.23698281250000003 0.59151875 0.237278125 0.58398125 0.23994062500000002 0.5773859375 0.24349062500000002 0.5726734375 0.24792968750000002 0.5651359375 0.2594671875 0.5634859375 0.2639046875 0.561365625 0.2766265625 0.558775 0.2831359375 0.558775 0.29112499999999997 0.5559484375 0.2976328125 0.5540640625 0.3076921875 0.5486453124999999 0.31834375000000004 0.5469968749999999 0.3257390625 0.5474671875 0.336390625 0.543934375 0.3437875 0.5406359375 0.3476328125 0.5394578125 0.3511828125 0.53663125 0.3532546875 0.5319203124999999 0.3612421875 0.532390625 0.365384375 0.5338046875 0.36834375 0.5335687499999999 0.3721890625 0.5300359375 0.3766265625 0.5314484375 0.38224843750000004 0.5265015625 0.38431875 0.5269734374999999 0.3884609375 0.5293281249999999 0.391125 0.5378093749999999 0.3860953125 0.5411078125000001 0.39082812499999997
3 0.5034156249999999 0.2878703125 0.5041218749999999 0.2991125 0.5050640625 0.3020703125 0.5041218749999999 0.3103546875 0.5067140625000001 0.31745625 0.5067140625000001 0.32633125 0.5043578125 0.32988125 0.499646875 0.344378125 0.499175 0.35710000000000003 0.4963484375 0.3612421875 0.497996875 0.36686406250000003 0.5022375 0.36745625 0.5420499999999999 0.341715625 0.5444046874999999 0.33816562499999997 0.5460546875000001 0.3204140625 0.5526500000000001 0.3068046875 0.5540640625 0.2991125 0.5561843750000001 0.2949703125 0.5604234375 0.2778109375 0.5616015625 0.265384375 0.569140625 0.2511828125 0.5776203125 0.24260312499999998 0.5823328125 0.23964531249999999 0.595053125 0.235503125 0.59929375 0.23698281250000003 0.6014140625 0.2360953125 0.5969375 0.22721874999999997 0.5879859374999999 0.22100625 0.583509375 0.21923125 0.583509375 0.21449687499999998 0.5868078125 0.20857968750000003 0.5896343749999999 0.2002953125 0.5903421875 0.195265625 0.58845625 0.18076874999999998 0.5863375 0.17366874999999998 0.5816250000000001 0.16597656249999998 0.5816250000000001 0.1621296875 0.5764421875 0.1576921875 0.5707890625 0.15 0.5604234375 0.1429 0.5573609375 0.1423078125 0.5528859374999999 0.144378125 0.5448765625 0.1437875 0.540165625 0.145265625 0.5328625 0.14970468750000002 0.527915625 0.1562125 0.5250890625 0.1576921875 0.5166078125 0.169821875 0.5154296875 0.17396406250000002 0.51519375 0.181953125 0.5177859375 0.1970421875 0.5161359375 0.2071 0.51378125 0.20946718749999998 0.4977625 0.21183437500000002 0.49305000000000004 0.21745625 0.4925796875 0.22455625 0.4956421875 0.231065625 0.49328593749999994 0.2357984375 0.48480625 0.2449703125 0.4810359375 0.25177499999999997 0.4840984375 0.2562125 0.489753125 0.259171875 0.49446406249999997 0.2647921875 0.497996875 0.271596875 0.5034156249999999 0.2878703125
3 0.41460468749999996 0.6147921875 0.414134375 0.6476328125 0.41531250000000003 0.6494078125 0.414134375 0.6532546875 0.41484062499999996 0.6576921875 0.414134375 0.6633140625 0.4150765625 0.6650890625 0.4138984375 0.6763312499999999 0.41460468749999996 0.6937875 0.41908124999999996 0.6985203125 0.420965625 0.698225 0.4214375 0.69645 0.42614843750000003 0.6967453124999999 0.42614843750000003 0.6991125 0.427796875 0.6994078125 0.4285046875 0.7008875 0.42709062500000006 0.7050296875 0.428975 0.709171875 0.4266203125 0.711834375 0.42638437500000004 0.713609375 0.4285046875 0.7159765625000001 0.42732656249999995 0.720709375 0.428975 0.7233734375 0.42638437500000004 0.72899375 0.42873906249999993 0.731065625 0.42873906249999993 0.73343125 0.42732656249999995 0.7363906250000001 0.428975 0.7393484375 0.427796875 0.7423078125 0.42614843750000003 0.7431953124999999 0.4259125 0.7455625 0.42285000000000006 0.7464500000000001 0.42167187500000003 0.7494078125 0.418375 0.7491125000000001 0.416725 0.7458578124999999 0.41484062499999996 0.7476328125 0.4138984375 0.7813609375 0.4108359375 0.7831359375 0.41224999999999995 0.786390625 0.41107187500000003 0.7914203125 0.41201406250000006 0.8 0.41295624999999997 0.7994078124999999 0.41554843750000003 0.8014796875 0.41484062499999996 0.8029578125000001 0.41601875 0.8065093750000001 0.41484062499999996 0.8106515625 0.41601875 0.8130171875000001 0.419553125 0.814496875 0.41908124999999996 0.82278125 0.42214375000000004 0.828403125 0.42285000000000006 0.8343187500000001 0.424734375 0.8375734375 0.4235578125 0.841715625 0.42567656249999997 0.8429 0.42756249999999996 0.8458578125 0.42756249999999996 0.8893484375 0.42167187500000003 0.896153125 0.4235578125 0.8997046875000001 0.4214375 0.9041421875 0.4235578125 0.9059171875 0.4513546875 0.9085796875 0.45300312500000006 0.9076921875 0.4539453125 0.9023671875 0.4581859375 0.8991125 0.46407499999999996 0.9002953125 0.46713750000000004 0.8997046875000001 0.4687875 0.8929 0.46737343750000004 0.8884609375 0.46713750000000004 0.8801781249999999 0.46666718749999997 0.8786984375 0.46148437500000006 0.87633125 0.46054218750000003 0.87366875 0.4612484375 0.871596875 0.4636046875 0.8704140625000001 0.46431093749999997 0.8680468749999999 0.46666718749999997 0.8665687500000001 0.46666718749999997 0.8579874999999999 0.5319203124999999 0.8260359375 0.537103125 0.8286984374999999 0.539221875 0.8260359375 0.5389875 0.8210062499999999 0.5378093749999999 0.8195265624999999 0.540871875 0.810946875 0.5486453124999999 0.8041421874999999 0.5526500000000001 0.8041421874999999 0.5535921874999999 0.8026625 0.55335625 0.7979296875 0.5594812499999999 0.794675 0.564428125 0.781953125 0.5658421875 0.7751484375000001 0.5731453125 0.708875 0.573615625 0.6970421875 0.5750296875 0.690828125 0.5738515625 0.6860953125 0.5750296875 0.67366875 0.573615625 0.6679 0.575971875 0.662721875 0.5799765625 0.6387578125 0.5769140625 0.629290625 0.5696109375 0.62100625 0.5681984375 0.6177515625 0.5649 0.6159765625 0.5634859375 0.6112421875 0.5554765625 0.6032546875 0.550059375 0.5997046874999999 0.5448765625 0.592603125 0.546525 0.5857984375 0.5526500000000001 0.5840234375 0.554534375 0.57988125 0.558775 0.5760359375 0.560659375 0.5721890625 0.563015625 0.5597640625 0.5632515625 0.5488171875 0.561365625 0.5272187500000001 0.5632515625 0.4991125 0.5616015625 0.4852078125 0.5616015625 0.4704140625 0.5604234375 0.457396875 0.5566546875 0.4431953125 0.5542984375 0.4405328125 0.5521796875 0.43254374999999995 0.54888125 0.430178125 0.548175 0.42366875000000004 0.540165625 0.41804687500000004 0.5373375 0.41212968749999995 0.530428125 0.40522656250000005 0.52909375 0.40088749999999995 0.5267375000000001 0.3985203125 0.5269734374999999 0.396153125 0.5253234375 0.3923078125 0.52296875 0.3914203125 0.5173140625 0.3857984375 0.51378125 0.386390625 0.5123671875 0.384615625 0.5060078125 0.382840625 0.5012953125 0.384615625 0.5001171875 0.381065625 0.497996875 0.380178125 0.4951703125 0.3766265625 0.49470000000000003 0.3612421875 0.497996875 0.357396875 0.49846874999999996 0.3437875 0.500353125 0.3378703125 0.5034156249999999 0.3340234375 0.5036515625 0.32988125 0.5060078125 0.32603593750000004 0.5067140625000001 0.31745625 0.505771875 0.313609375 0.502003125 0.310946875 0.5005890625 0.3076921875 0.5034156249999999 0.3026625 0.5008250000000001 0.2920125 0.5024734375000001 0.2869828125 0.5017671874999999 0.28431875 0.498940625 0.280178125 0.497996875 0.2751484375 0.49446406249999997 0.2677515625 0.4869265625 0.2594671875 0.4784453125 0.255621875 0.4661953125 0.254734375 0.4544171875 0.2597640625 0.44570156250000004 0.26745625 0.44263906249999996 0.2733734375 0.439340625 0.286390625 0.44051875 0.293490625 0.44075312499999997 0.31005937499999997 0.43816249999999995 0.31834375000000004 0.43839843749999996 0.32278125 0.439340625 0.329290625 0.44216718750000006 0.33816562499999997 0.44664374999999995 0.3429 0.4249703125 0.438165625 0.416725 0.43934843749999997 0.41460468749999996 0.4431953125 0.41766718750000004 0.448225 0.41484062499999996 0.4508875 0.416725 0.45473437499999997 0.4143703125 0.4585796875 0.41554843750000003 0.4606515625 0.41554843750000003 0.4650890625 0.4138984375 0.468934375 0.41201406250000006 0.47070937500000004 0.413428125 0.47573906250000003 0.41531250000000003 0.4778109375 0.414134375 0.48136093750000003 0.4143703125 0.489940625 0.41625468750000005 0.4931953125 0.4150765625 0.5044375 0.4150765625 0.5369828125 0.41625468750000005 0.538165625 0.4193171875 0.610059375 0.41460468749999996 0.6147921875
3 0.2716140625 0.56834375 0.2746765625 0.5840234375 0.278915625 0.590828125 0.2772671875 0.5973375 0.2702 0.605621875 0.2638390625 0.6097640625 0.26030625 0.6150890625 0.2617203125 0.61656875 0.2643109375 0.6168640625 0.2673734375 0.6204140625 0.2661953125 0.6224859375 0.2669015625 0.6242609375 0.26972968750000004 0.62278125 0.2730265625 0.6257390625 0.2732625 0.6313609375 0.272084375 0.6349109375 0.2732625 0.6470421875000001 0.2716140625 0.6502953125000001 0.2746765625 0.660059375 0.274440625 0.6630171875 0.2760890625 0.666271875 0.2746765625 0.6674562500000001 0.27420468750000004 0.6704140625 0.2758546875 0.67189375 0.2772671875 0.6713015625 0.278915625 0.66834375 0.283628125 0.6704140625 0.28621875 0.6677515625 0.2876328125 0.668046875 0.290459375 0.6721890625 0.2947 0.6748515625 0.295878125 0.67721875 0.29540625 0.6792906249999999 0.2895171875 0.6849109375 0.29069531249999997 0.686390625 0.2932859375 0.6860953125 0.297290625 0.6840234374999999 0.300353125 0.68076875 0.3038875 0.67366875 0.30365156249999997 0.67011875 0.3050640625 0.6659765625 0.3024734375 0.6650890625 0.3005890625 0.656509375 0.3074203125 0.6559171874999999 0.3104828125 0.657396875 0.329328125 0.6568046875 0.33050625 0.6579875000000001 0.3326265625 0.6713015625 0.3387515625 0.6905328125 0.34016562499999997 0.7133140625000001 0.339221875 0.716271875 0.3399296875 0.7227812499999999 0.3380453125 0.7482249999999999 0.3404 0.779290625 0.341578125 0.78343125 0.3434625 0.8017749999999999 0.3448765625 0.8251484375 0.346525 0.82988125 0.3441703125 0.841715625 0.346525 0.8701187499999999 0.344640625 0.8775140625000001 0.3429921875 0.9079875 0.34511250000000004 0.910059375 0.3486453125 0.9112421875000001 0.3571265625 0.9109468749999999 0.3651359375 0.909171875 0.3755 0.9050296875000001 0.379034375 0.9011828124999999 0.39175468750000003 0.894675 0.39811562500000003 0.884615625 0.39811562500000003 0.871596875 0.3964671875 0.8603546874999999 0.3924625 0.8568046875 0.3844515625 0.8576921875 0.3806828125 0.8514796875 0.3762078125 0.8520703125000001 0.3733796875 0.8313609375000001 0.373615625 0.8289937500000001 0.3757359375 0.8260359375 0.375265625 0.8136093750000001 0.3762078125 0.810946875 0.3769140625 0.798225 0.3802125 0.7798812500000001 0.381625 0.7511828125 0.38256718749999996 0.7482249999999999 0.38256718749999996 0.7269234375 0.383275 0.72455625 0.38256718749999996 0.7201187499999999 0.38398125 0.7168640625 0.38256718749999996 0.6757390625 0.3844515625 0.663609375 0.38398125 0.6396453125 0.38775 0.62100625 0.3941109375 0.6044375 0.39764374999999996 0.5994078125 0.39929375 0.591715625 0.3990578125 0.5875734375 0.395053125 0.5766265625 0.3922265625 0.5642015625 0.3898703125 0.5606515625 0.38892812499999996 0.556509375 0.3849234375 0.5171593750000001 0.3837453125 0.5136093749999999 0.3844515625 0.5002953125 0.3879859375 0.47544375 0.38963437500000003 0.4713015625 0.3898703125 0.45473437499999997 0.38892812499999996 0.4497046875 0.39929375 0.4352078125 0.40117812500000005 0.42633124999999994 0.4063609375 0.41952656250000003 0.40800937499999995 0.41449687500000004 0.41248593749999996 0.41183437500000003 0.4143703125 0.40443749999999995 0.41201406250000006 0.3884609375 0.41201406250000006 0.381065625 0.4131921875 0.37633125 0.4181390625 0.37278125 0.4200234375 0.369821875 0.4223796875 0.3603546875 0.42756249999999996 0.3594671875 0.43297968750000004 0.3420125 0.43439375 0.332840625 0.433215625 0.314496875 0.42873906249999993 0.2991125 0.42567656249999997 0.294378125 0.4207296875 0.2923078125 0.399528125 0.2893484375 0.38845625 0.29171562500000003 0.3769140625 0.29881718749999997 0.37385156249999996 0.3026625 0.3719671875 0.308284375 0.3700828125 0.31065156250000003 0.3646640625 0.3139046875 0.36113125 0.32070937499999996 0.359953125 0.32603593750000004 0.35665468749999996 0.33343124999999996 0.356184375 0.346153125 0.3552421875 0.3494078125 0.344640625 0.3612421875 0.3389875 0.37100625 0.334275 0.3769234375 0.334040625 0.37899375 0.32744375 0.3769234375 0.322496875 0.37396406249999997 0.31495937500000004 0.37633125 0.3104828125 0.37455625000000003 0.307184375 0.37988125 0.303415625 0.382840625 0.29140156250000004 0.3887578125 0.2888109375 0.4041421875 0.287396875 0.405621875 0.28315625 0.4041421875 0.279859375 0.41212968749999995 0.278209375 0.4233734375 0.27561874999999997 0.42751406249999996 0.2772671875 0.43136093750000004 0.2749109375 0.43491093750000004 0.27561874999999997 0.440828125 0.27090625 0.4470421875 0.270671875 0.4508875 0.27349843749999997 0.45207031249999996 0.2753828125 0.4550296875 0.27137812499999997 0.46656875 0.272084375 0.4742609375 0.27090625 0.480178125 0.26784375 0.4887578125 0.26548906250000004 0.49023593749999994 0.2650171875 0.5023671875 0.264075 0.505325 0.264546875 0.5139046875 0.2631328125 0.5168640625 0.2626625 0.5213015624999999 0.2638390625 0.5301781250000001 0.262190625 0.53254375 0.262190625 0.5349109375000001 0.264075 0.5378703125000001 0.2631328125 0.540828125 0.265725 0.544675 0.2643109375 0.5485203125 0.2650171875 0.553846875 0.2687875 0.556509375 0.26760937500000004 0.5603546875000001 0.26972968750000004 0.5624265625 0.2716140625 0.56834375
3 0.331684375 0.269821875 0.3288578125 0.27130156250000004 0.32720781250000003 0.27366875 0.3257953125 0.2730765625 0.32508906249999997 0.2739640625 0.32508906249999997 0.2757390625 0.3269734375 0.2769234375 0.3267375 0.2813609375 0.3253234375 0.2822484375 0.3239109375 0.286390625 0.3220265625 0.2869828125 0.3239109375 0.2884609375 0.32438125 0.29112499999999997 0.32131875 0.2940828125 0.3206125 0.3026625 0.3246171875 0.307396875 0.32815 0.30857968750000003 0.328621875 0.31212968750000003 0.3333328125 0.32070937499999996 0.3326265625 0.3224859375 0.3345109375 0.32692343749999997 0.3330984375 0.330178125 0.334746875 0.33165625 0.335925 0.341715625 0.33733749999999996 0.343490625 0.3406359375 0.3437875 0.34228437500000003 0.3420125 0.3434625 0.3429 0.348175 0.3420125 0.351471875 0.337278125 0.3540640625 0.3357984375 0.3552421875 0.330178125 0.357596875 0.32692343749999997 0.35948125000000003 0.32100625 0.36160156250000003 0.3186390625 0.3632515625 0.314496875 0.36725625 0.310946875 0.3712609375 0.3044375 0.3769140625 0.298225 0.3849234375 0.2920125 0.391990625 0.2893484375 0.404240625 0.2887578125 0.416725 0.2902359375 0.4245 0.2931953125 0.42803281249999997 0.2970421875 0.4292109375 0.3026625 0.4318015625 0.306509375 0.4353359375 0.3239640625 0.43580625 0.3177515625 0.43839843749999996 0.306509375 0.43745625 0.2852078125 0.4398109375 0.26937812499999997 0.44240312499999995 0.26449687499999996 0.44664374999999995 0.2603546875 0.45795 0.2562125 0.46172031249999995 0.2520703125 0.4551234375 0.2440828125 0.45064843750000005 0.24112499999999998 0.4445234375 0.23254375 0.44122500000000003 0.22100625 0.4445234375 0.21301718749999998 0.44782031250000004 0.20946718749999998 0.449940625 0.2050296875 0.45111875 0.1967453125 0.45606562500000003 0.18698281249999998 0.45889218749999994 0.1760359375 0.4586578125 0.16597656249999998 0.45347499999999996 0.14585781250000002 0.44782031250000004 0.132840625 0.4402828125 0.1257390625 0.43415781249999996 0.12278125 0.4268546875 0.12189375 0.4200234375 0.1177515625 0.4127203125 0.11834375 0.4044765625 0.1257390625 0.39976406249999996 0.1248515625 0.3969375 0.12662656249999998 0.3924625 0.132840625 0.3908125 0.1375734375 0.3875140625 0.1423078125 0.38091875000000003 0.1579875 0.37879843750000003 0.181953125 0.3769140625 0.1852078125 0.379034375 0.1887578125 0.379740625 0.19260312500000001 0.379034375 0.1955625 0.37667812500000003 0.1973375 0.3700828125 0.19260312500000001 0.3639578125 0.19408281249999998 0.35736093750000003 0.1914203125 0.35641875 0.1937875 0.35948125000000003 0.2014796875 0.3559484375 0.20769218750000001 0.3535921875 0.2079875 0.3505296875 0.2106515625 0.3411078125 0.21183437500000002 0.3267375 0.2233734375 0.3206125 0.231065625 0.3203765625 0.2405328125 0.322496875 0.24289999999999998 0.322496875 0.2458578125 0.321084375 0.24763281250000002 0.321790625 0.24940781250000002 0.3288578125 0.256509375 0.3314484375 0.25532499999999997 0.335453125 0.2576921875 0.334746875 0.26360937500000003 0.331684375 0.269821875